CCLK,2023-08-10T20:11:50

>CTRIG,1,7,0,2023-05-31T11:52:32,2023-06-01T11:52:32,2023-06-02T11:52:32,2023-06-03T11:52:32,2023-06-04T11:52:32,2023-06-05T11:52:32,2023-06-06T11:52:32,2023-06-07T11:52:32,2023-06-08T11:52:32

>ISTAT,EDNA-SA,3.01,3.09,0,IDLE,NA/0/NA

>CSET,0,20,2,0,20000,0

>CSTAT,3,1/0/0,1/0/0,1/0/0,1/0/0,1/0/0,1/0/0,1/0/0,1/0/0,1/0/0,3961000,370000,200000,1089000,200000

>ERR: Could not open script file prime_allf_cassette.txt
RUN,NACK[2][1]

>RUN,SCRIPT,prime_allf.txt,ACK
Started Run Task
Opened Eng and data files
Created Pressure Monitor Task
Created Script Task

>0,0.00000,-0.26042,30000,0,0.000000,NA
1,0.00000,-0.26042,30000,0,0.000000,NA
2,0.00000,-0.26042,30000,0,0.000000,NA
Parsing script: prime_allf.txt
#eDNA Sampler MILLI-Q PRIME OF FILTER PATHS, V3, FP-0003-02
SPEED,10000
VALVE_SET,2
PAUSE,2
3,0.00000,0.13021,30000,0,0.000000,NA
4,0.00000,0.15625,30000,0,0.000000,NA
HOME
VALVE_SET,0
PAUSE,2
5,0.00000,0.15625,30000,0,0.000000,NA
6,0.00000,0.15625,30000,0,0.000000,NA
PROTOCOL,PRIME,START,0
######################### MILLI-Q (PULL) ######################################
#MQ FLUSH OF FILTER 1, 3 ML, [21,14,16], [2]
PUMPC,MQ,3000,1,21/14/16,2
Setting PWM frequency to 5333.333496
ARRVal = 375
7,0.00000,-1.38021,28551,1,0.000000,PRIME
8,0.00000,-2.18750,26998,1,0.000000,PRIME
9,0.00000,-2.18750,25445,1,0.000000,PRIME
10,0.00000,-3.12500,23892,1,0.000000,PRIME
11,0.00000,-3.80208,22339,1,0.000000,PRIME
12,0.00000,-4.37500,20786,1,0.000000,PRIME
13,0.00000,-4.79167,19232,1,0.000000,PRIME
14,0.00000,-5.05208,17999,1,0.000000,PRIME
15,0.00000,-4.47917,17999,1,0.000000,PRIME
16,0.00000,-3.88021,17999,1,0.000000,PRIME
17,0.00000,-3.33333,17999,1,0.000000,PRIME
18,0.00000,-2.86458,17999,1,0.000000,PRIME
19,0.00000,-2.39583,17999,1,0.000000,PRIME
20,0.00000,-2.00521,17999,1,0.000000,PRIME
Setting PWM frequency to 5333.333496
ARRVal = 375
21,0.00000,0.18229,19040,1,0.000000,PRIME
22,0.00000,0.98958,20593,1,0.000000,PRIME
23,0.00000,1.17188,22146,1,0.000000,PRIME
24,0.00000,1.22396,23699,1,0.000000,PRIME
25,0.00000,1.22396,25255,1,0.000000,PRIME
26,0.00000,1.22396,26808,1,0.000000,PRIME
27,0.00000,1.22396,28362,1,0.000000,PRIME
28,0.00000,1.22396,29916,0,0.000000,PRIME
29,0.00000,0.18229,30001,0,0.000000,PRIME
#MQ FLUSH OF FILTER 2, 3 ML, [21,25,5], [2]
PUMPC,MQ,3000,1,21/25/5,2
Setting PWM frequency to 5333.333496
ARRVal = 375
30,0.00000,-0.91146,28560,1,0.000000,PRIME
31,0.00000,-1.56250,27006,1,0.000000,PRIME
32,0.00000,-2.65625,25453,1,0.000000,PRIME
33,0.00000,-3.95833,23900,1,0.000000,PRIME
34,0.00000,-5.05208,22347,1,0.000000,PRIME
35,0.00000,-5.88542,20787,1,0.000000,PRIME
36,0.00000,-6.56250,19233,1,0.000000,PRIME
37,0.00000,-7.16146,17999,1,0.000000,PRIME
38,0.00000,-7.16146,17999,1,0.000000,PRIME
39,0.00000,-7.16146,17999,1,0.000000,PRIME
40,0.00000,-7.13542,17999,1,0.000000,PRIME
41,0.00000,-7.16146,17999,1,0.000000,PRIME
42,0.00000,-7.13542,17999,1,0.000000,PRIME
43,0.00000,-7.13542,17999,1,0.000000,PRIME
44,0.00000,-7.13542,17999,1,0.000000,PRIME
45,0.00000,-7.13542,17999,1,0.000000,PRIME
46,0.00000,-7.13542,17999,1,0.000000,PRIME
47,0.00000,-7.16146,17999,1,0.000000,PRIME
48,0.00000,-7.13542,17999,1,0.000000,PRIME
49,0.00000,-7.13542,17999,1,0.000000,PRIME
50,0.00000,-7.13542,17999,1,0.000000,PRIME
51,0.00938,-7.16146,17999,1,0.000000,PRIME
52,0.00000,-7.16146,17999,1,0.000000,PRIME
53,0.00000,-7.13542,17999,1,0.000000,PRIME
54,0.00000,-7.13542,17999,1,0.000000,PRIME
55,0.00000,-7.13542,17999,1,0.000000,PRIME
56,0.00000,-7.13542,17999,1,0.000000,PRIME
WARN: Stable pressure timeout occurred
57,0.00938,-7.13542,17999,1,0.000000,PRIME
Setting PWM frequency to 5333.333496
ARRVal = 375
58,0.00938,-6.92708,18302,1,0.000000,PRIME
59,0.00000,-2.39583,19855,1,0.000000,PRIME
60,0.00938,0.57292,21408,1,0.000000,PRIME
61,0.00000,1.45833,22961,1,0.000000,PRIME
62,0.00000,1.30208,24515,1,0.000000,PRIME
63,0.00000,1.51042,26068,1,0.000000,PRIME
64,0.00000,1.38021,27621,1,0.000000,PRIME
65,0.00000,1.38021,29183,1,0.000000,PRIME
66,0.00938,0.72917,29999,0,0.000000,PRIME
#MQ FLUSH OF FILTER 3, 3 ML, [21,12,18], [2]
PUMPC,MQ,3000,1,21/12/18,2
Setting PWM frequency to 5333.333496
ARRVal = 375
67,0.00000,-0.31250,29274,1,0.000000,PRIME
68,0.00000,-1.30208,27721,1,0.000000,PRIME
69,0.00000,-1.84896,26167,1,0.000000,PRIME
70,0.00000,-2.03125,24614,1,0.000000,PRIME
71,0.00000,-2.83854,23062,1,0.000000,PRIME
72,0.00000,-3.33333,21509,1,0.000000,PRIME
73,0.00938,-3.90625,19956,1,0.000000,PRIME
74,0.00000,-4.24479,18401,1,0.000000,PRIME
75,0.00000,-4.08854,17999,1,0.000000,PRIME
76,0.00000,-3.72396,17999,1,0.000000,PRIME
77,0.00000,-3.38542,17999,1,0.000000,PRIME
78,0.00000,-3.02083,17999,1,0.000000,PRIME
79,0.00000,-2.70833,17999,1,0.000000,PRIME
80,0.00000,-2.39583,17999,1,0.000000,PRIME
81,0.00000,-2.08333,17999,1,0.000000,PRIME
Setting PWM frequency to 5333.333496
ARRVal = 375
82,0.00000,-0.70312,18884,1,0.000000,PRIME
83,0.00000,0.78125,20438,1,0.000000,PRIME
84,0.00000,1.17188,21991,1,0.000000,PRIME
85,0.00000,1.22396,23547,1,0.000000,PRIME
86,0.00000,1.35417,25102,1,0.000000,PRIME
87,0.00000,1.32813,26655,1,0.000000,PRIME
88,0.00000,1.30208,28209,1,0.000000,PRIME
89,0.00000,1.32813,29762,1,0.000000,PRIME
90,0.00000,0.57292,30001,0,0.000000,PRIME
#MQ FLUSH OF FILTER 4, 3 ML, [21,24,6], [2]
PUMPC,MQ,3000,1,21/24/6,2
Setting PWM frequency to 5333.333496
ARRVal = 375
91,0.00000,-0.49479,28697,1,0.000000,PRIME
92,0.00000,-1.38021,27143,1,0.000000,PRIME
93,0.00000,-2.10938,25590,1,0.000000,PRIME
94,0.00000,-2.70833,24037,1,0.000000,PRIME
95,0.00000,-3.20312,22476,1,0.000000,PRIME
96,0.00000,-3.38542,20923,1,0.000000,PRIME
97,0.00000,-3.77604,19369,1,0.000000,PRIME
98,0.00000,-4.03646,17999,1,0.000000,PRIME
99,0.00000,-3.75000,17999,1,0.000000,PRIME
100,0.00938,-3.54167,17999,1,0.000000,PRIME
101,0.00000,-3.33333,17999,1,0.000000,PRIME
102,0.00000,-3.09896,17999,1,0.000000,PRIME
103,0.00000,-2.89063,17999,1,0.000000,PRIME
104,0.00000,-2.65625,17999,1,0.000000,PRIME
105,0.00938,-2.47396,17999,1,0.000000,PRIME
106,0.00000,-2.29167,17999,1,0.000000,PRIME
107,0.00000,-2.13542,17999,1,0.000000,PRIME
Setting PWM frequency to 5333.333496
ARRVal = 375
108,0.00000,-0.65104,19193,1,0.000000,PRIME
109,0.00000,0.54688,20747,1,0.000000,PRIME
110,0.00000,1.04167,22300,1,0.000000,PRIME
111,0.00000,1.06771,23854,1,0.000000,PRIME
112,0.00000,1.22396,25407,1,0.000000,PRIME
113,0.00000,1.38021,26960,1,0.000000,PRIME
114,0.00000,1.35417,28513,1,0.000000,PRIME
115,0.00000,1.32813,30012,0,0.000000,PRIME
#MQ FLUSH OF FILTER 5, 3 ML, [21,11,19], [2]
PUMPC,MQ,3000,1,21/11/19,2
Setting PWM frequency to 5333.333496
ARRVal = 375
116,0.00000,0.20833,29959,0,0.000000,PRIME
117,0.00000,-0.72917,28406,1,0.000000,PRIME
118,0.00000,-1.22396,26853,1,0.000000,PRIME
119,0.00000,-1.66667,25299,1,0.000000,PRIME
120,0.00000,-2.00521,23745,1,0.000000,PRIME
121,0.00000,-2.44792,22192,1,0.000000,PRIME
122,0.00000,-2.94271,20639,1,0.000000,PRIME
123,0.00000,-3.33333,19086,1,0.000000,PRIME
124,0.00000,-3.59375,17999,1,0.000000,PRIME
125,0.00000,-3.33333,17999,1,0.000000,PRIME
126,0.00000,-3.12500,17999,1,0.000000,PRIME
127,0.00000,-2.89063,17999,1,0.000000,PRIME
128,0.00000,-2.65625,17999,1,0.000000,PRIME
129,0.00000,-2.47396,17999,1,0.000000,PRIME
130,0.00000,-2.26563,17999,1,0.000000,PRIME
131,0.00000,-2.08333,17999,1,0.000000,PRIME
Setting PWM frequency to 5333.333496
ARRVal = 375
132,0.00000,-0.33854,19505,1,0.000000,PRIME
133,0.00000,0.67708,21059,1,0.000000,PRIME
134,0.00938,0.96354,22612,1,0.000000,PRIME
135,0.00000,0.96354,24168,1,0.000000,PRIME
136,0.00000,1.30208,25721,1,0.000000,PRIME
137,0.00000,1.35417,27274,1,0.000000,PRIME
138,0.00000,1.30208,28828,1,0.000000,PRIME
139,0.00000,0.44271,29986,0,0.000000,PRIME
#MQ FLUSH OF FILTER 6, 3 ML, [21,23,7], [2]
PUMPC,MQ,3000,1,21/23/7,2
Setting PWM frequency to 5333.333496
ARRVal = 375
140,0.00000,0.15625,29618,1,0.000000,PRIME
141,0.00000,-0.78125,28065,1,0.000000,PRIME
142,0.00000,-1.30208,26512,1,0.000000,PRIME
143,0.00000,-1.71875,24958,1,0.000000,PRIME
144,0.00000,-1.77083,23404,1,0.000000,PRIME
145,0.00000,-2.36979,21843,1,0.000000,PRIME
146,0.00000,-2.83854,20290,1,0.000000,PRIME
147,0.00000,-3.22917,18736,1,0.000000,PRIME
148,0.00000,-3.30729,18000,1,0.000000,PRIME
149,0.00000,-3.12500,18000,1,0.000000,PRIME
150,0.00000,-2.94271,18000,1,0.000000,PRIME
151,0.00000,-2.73438,18000,1,0.000000,PRIME
152,0.00000,-2.55208,18000,1,0.000000,PRIME
153,0.00000,-2.36979,18000,1,0.000000,PRIME
154,0.00000,-2.18750,18000,1,0.000000,PRIME
Setting PWM frequency to 5333.333496
ARRVal = 375
155,0.00000,-0.52083,18580,1,0.000000,PRIME
156,0.00000,0.36458,20134,1,0.000000,PRIME
157,0.00000,1.25000,21687,1,0.000000,PRIME
158,0.00000,0.72917,23240,1,0.000000,PRIME
159,0.00000,1.14583,24793,1,0.000000,PRIME
160,0.00000,1.27604,26346,1,0.000000,PRIME
161,0.00938,0.36458,27899,1,0.000000,PRIME
162,0.00000,0.28646,29452,1,0.000000,PRIME
163,0.00000,0.10417,30002,0,0.000000,PRIME
#MQ FLUSH OF FILTER 7, 3 ML, [21,10,1], [2]
PUMPC,MQ,3000,1,21/10/1,2
Setting PWM frequency to 5333.333496
ARRVal = 375
164,0.00000,-0.44271,29006,1,0.000000,PRIME
165,0.00938,-1.11979,27445,1,0.000000,PRIME
166,0.00000,-1.48438,25890,1,0.000000,PRIME
167,0.00938,-1.87500,24337,1,0.000000,PRIME
168,0.00000,-2.16146,22783,1,0.000000,PRIME
169,0.00000,-2.70833,21230,1,0.000000,PRIME
170,0.00000,-3.17708,19677,1,0.000000,PRIME
171,0.00000,-3.54167,18124,1,0.000000,PRIME
172,0.00000,-3.38542,17999,1,0.000000,PRIME
173,0.00000,-3.15104,17999,1,0.000000,PRIME
174,0.00000,-2.94271,17999,1,0.000000,PRIME
175,0.00938,-2.73438,17999,1,0.000000,PRIME
176,0.00000,-2.52604,17999,1,0.000000,PRIME
177,0.00000,-2.34375,17999,1,0.000000,PRIME
178,0.00000,-2.16146,17999,1,0.000000,PRIME
Setting PWM frequency to 5333.333496
ARRVal = 375
179,0.00000,-0.33854,18730,1,0.000000,PRIME
180,0.00000,0.52083,20283,1,0.000000,PRIME
181,0.00000,0.46875,21836,1,0.000000,PRIME
182,0.00000,0.80729,23390,1,0.000000,PRIME
183,0.00938,1.09375,24943,1,0.000000,PRIME
184,0.00000,0.70312,26496,1,0.000000,PRIME
185,0.00000,0.46875,28052,1,0.000000,PRIME
186,0.00938,0.33854,29605,1,0.000000,PRIME
187,0.00000,0.00000,30000,0,0.000000,PRIME
#MQ FLUSH OF FILTER 8, 3 ML, [21,26,3], [2]
PUMPC,MQ,3000,1,21/26/3,2
Setting PWM frequency to 5333.333496
ARRVal = 375
188,0.00938,-0.57292,28852,1,0.000000,PRIME
189,0.00000,-1.17188,27297,1,0.000000,PRIME
190,0.00000,-1.58854,25744,1,0.000000,PRIME
191,0.00000,-1.90104,24191,1,0.000000,PRIME
192,0.00000,-2.23958,22637,1,0.000000,PRIME
193,0.00000,-2.73438,21084,1,0.000000,PRIME
194,0.00000,-3.17708,19531,1,0.000000,PRIME
195,0.00000,-3.46354,17999,1,0.000000,PRIME
196,0.00000,-3.33333,17999,1,0.000000,PRIME
197,0.00000,-3.07292,17999,1,0.000000,PRIME
198,0.00000,-2.86458,17999,1,0.000000,PRIME
199,0.00000,-2.63021,17999,1,0.000000,PRIME
200,0.00000,-2.39583,17999,1,0.000000,PRIME
201,0.00000,-2.21354,17999,1,0.000000,PRIME
Setting PWM frequency to 5333.333496
ARRVal = 375
202,0.00000,-0.62500,18422,1,0.000000,PRIME
203,0.00000,0.39063,19975,1,0.000000,PRIME
204,0.00000,0.44271,21528,1,0.000000,PRIME
205,0.00000,0.67708,23083,1,0.000000,PRIME
206,0.00000,1.01562,24637,1,0.000000,PRIME
207,0.00000,1.17188,26190,1,0.000000,PRIME
208,0.00000,0.41667,27743,1,0.000000,PRIME
209,0.00000,0.75521,29296,1,0.000000,PRIME
210,0.00000,0.18229,30000,0,0.000000,PRIME
#MQ FLUSH OF FILTER 9, 3 ML, [21,13,17], [2]
PUMPC,MQ,3000,1,21/13/17,2
Setting PWM frequency to 5333.333496
ARRVal = 375
211,0.00000,-0.36458,29162,1,0.000000,PRIME
212,0.00000,-1.11979,27607,1,0.000000,PRIME
213,0.00000,-1.56250,26053,1,0.000000,PRIME
214,0.00000,-1.90104,24500,1,0.000000,PRIME
215,0.00000,-2.08333,22939,1,0.000000,PRIME
216,0.00000,-2.52604,21386,1,0.000000,PRIME
217,0.00000,-3.09896,19833,1,0.000000,PRIME
218,0.00000,-3.46354,18280,1,0.000000,PRIME
219,0.00000,-3.33333,17999,1,0.000000,PRIME
220,0.00000,-3.09896,17999,1,0.000000,PRIME
221,0.00000,-2.86458,17999,1,0.000000,PRIME
222,0.00000,-2.63021,17999,1,0.000000,PRIME
223,0.00000,-2.42188,17999,1,0.000000,PRIME
224,0.00938,-2.26563,17999,1,0.000000,PRIME
225,0.00000,-2.08333,17999,1,0.000000,PRIME
Setting PWM frequency to 5333.333496
ARRVal = 375
226,0.00000,0.15625,19501,1,0.000000,PRIME
227,0.00000,0.57292,21054,1,0.000000,PRIME
228,0.00000,0.52083,22608,1,0.000000,PRIME
229,0.00000,0.93750,24161,1,0.000000,PRIME
230,0.00000,1.17188,25714,1,0.000000,PRIME
231,0.00000,0.57292,27267,1,0.000000,PRIME
232,0.00000,0.41667,28820,1,0.000000,PRIME
233,0.00000,0.23438,30000,0,0.000000,PRIME
######################### MILLI-Q (PUSH) ######################################
#MQ FLUSH OF FILTER 1, 3 ML, [21,20], [22,14,16]
PUMPC,MQ,3000,1,21/20,22/14/16
Setting PWM frequency to 5333.333496
ARRVal = 375
234,0.00000,-0.10417,29650,1,0.000000,PRIME
235,0.00000,-0.98958,28087,1,0.000000,PRIME
236,0.00000,-1.27604,26534,1,0.000000,PRIME
237,0.00000,-1.56250,24981,1,0.000000,PRIME
238,0.00000,-1.69271,23428,1,0.000000,PRIME
239,0.00000,-1.79688,21874,1,0.000000,PRIME
240,0.00000,-1.87500,20321,1,0.000000,PRIME
241,0.00938,-1.92708,18768,1,0.000000,PRIME
242,0.00000,-1.61458,17999,1,0.000000,PRIME
Setting PWM frequency to 5333.333496
ARRVal = 375
243,0.00000,-0.65104,18770,1,0.000000,PRIME
244,0.00000,0.44271,20323,1,0.000000,PRIME
245,0.00000,1.51042,21880,1,0.000000,PRIME
246,0.00000,2.65625,23434,1,0.000000,PRIME
247,0.00000,3.72396,24987,1,0.000000,PRIME
248,0.00000,4.58333,26541,1,0.000000,PRIME
249,0.00000,5.20833,28094,1,0.000000,PRIME
250,0.00000,5.65104,29647,1,0.000000,PRIME
251,0.00000,4.63542,29998,0,0.000000,PRIME
252,0.00938,3.41146,29998,0,0.000000,PRIME
253,0.00938,2.57813,29998,0,0.000000,PRIME
254,0.00000,2.08333,29998,0,0.000000,PRIME
255,0.00000,1.87500,29998,0,0.000000,PRIME
256,0.00000,1.87500,29998,0,0.000000,PRIME
257,0.00000,1.87500,29998,0,0.000000,PRIME
258,0.00000,1.84896,29998,0,0.000000,PRIME
259,0.00000,1.84896,29998,0,0.000000,PRIME
260,0.00000,1.84896,29998,0,0.000000,PRIME
261,0.00000,1.87500,29998,0,0.000000,PRIME
262,0.00000,1.84896,29998,0,0.000000,PRIME
263,0.00000,1.84896,29998,0,0.000000,PRIME
264,0.00000,1.87500,29998,0,0.000000,PRIME
265,0.00000,1.84896,29998,0,0.000000,PRIME
266,0.00000,1.84896,29998,0,0.000000,PRIME
267,0.00000,1.84896,29998,0,0.000000,PRIME
268,0.00000,1.84896,29998,0,0.000000,PRIME
269,0.00000,1.84896,29998,0,0.000000,PRIME
270,0.00000,1.84896,29998,0,0.000000,PRIME
WARN: Stable pressure timeout occurred
271,0.00000,1.84896,29998,0,0.000000,PRIME
#MQ FLUSH OF FILTER 2, 3 ML, [21,20], [22,25,5]
PUMPC,MQ,3000,1,21/20,22/25/5
Setting PWM frequency to 5333.333496
ARRVal = 375
272,0.00000,-0.44271,28818,1,0.000000,PRIME
273,0.00000,-1.30208,27264,1,0.000000,PRIME
274,0.00000,-1.58854,25711,1,0.000000,PRIME
275,0.00000,-1.74479,24150,1,0.000000,PRIME
276,0.00000,-1.87500,22597,1,0.000000,PRIME
277,0.00000,-1.92708,21044,1,0.000000,PRIME
278,0.00000,-1.97917,19490,1,0.000000,PRIME
279,0.00000,-2.00521,17996,1,0.000000,PRIME
Setting PWM frequency to 5333.333496
ARRVal = 375
280,0.00000,-0.91146,18044,1,0.000000,PRIME
281,0.00000,0.62500,19599,1,0.000000,PRIME
282,0.00000,1.64062,21152,1,0.000000,PRIME
283,0.00000,4.68750,22706,1,0.000000,PRIME
284,0.00000,9.08854,24259,1,0.000000,PRIME
285,0.00938,16.04167,25814,1,0.000000,PRIME
286,0.00938,28.64583,27368,1,0.000000,PRIME
Pressure Threshold Reached
287,0.00000,30.80729,27407,1,0.000000,PRIME
288,0.00938,30.80729,27407,1,0.000000,PRIME
289,0.00000,30.80729,27407,1,0.000000,PRIME
290,0.00938,30.78125,27407,1,0.000000,PRIME
291,0.00000,30.75521,27407,1,0.000000,PRIME
292,0.00000,30.75521,27407,1,0.000000,PRIME
293,0.00000,30.72917,27407,1,0.000000,PRIME
294,0.00000,30.75521,27407,1,0.000000,PRIME
295,0.00000,30.72917,27407,1,0.000000,PRIME
296,0.00000,30.72917,27407,1,0.000000,PRIME
297,0.00000,30.70312,27407,1,0.000000,PRIME
298,0.00000,30.72917,27407,1,0.000000,PRIME
299,0.00000,30.70312,27407,1,0.000000,PRIME
300,0.00000,30.70312,27407,1,0.000000,PRIME
301,0.00000,30.70312,27407,1,0.000000,PRIME
302,0.00000,30.70312,27407,1,0.000000,PRIME
303,0.00000,30.67709,27407,1,0.000000,PRIME
304,0.00000,30.67709,27407,1,0.000000,PRIME
305,0.00000,30.67709,27407,1,0.000000,PRIME
306,0.00000,30.67709,27407,1,0.000000,PRIME
WARN: Stable pressure timeout occurred
Setting PWM frequency to 4266.666504
ARRVal = 468
Reduced pump speed to 8000
Pressure Threshold Reached
307,0.00000,30.78125,27414,1,0.000000,PRIME
308,0.00000,30.78125,27414,1,0.000000,PRIME
309,0.00000,30.75521,27414,1,0.000000,PRIME
310,0.00000,30.78125,27414,1,0.000000,PRIME
311,0.00000,30.75521,27414,1,0.000000,PRIME
312,0.00000,30.75521,27414,1,0.000000,PRIME
313,0.00000,30.75521,27414,1,0.000000,PRIME
314,0.00000,30.75521,27414,1,0.000000,PRIME
315,0.00000,30.75521,27414,1,0.000000,PRIME
316,0.00000,30.75521,27414,1,0.000000,PRIME
317,0.00000,30.72917,27414,1,0.000000,PRIME
318,0.00000,30.72917,27414,1,0.000000,PRIME
319,0.00000,30.72917,27414,1,0.000000,PRIME
320,0.00000,30.72917,27414,1,0.000000,PRIME
321,0.00000,30.72917,27414,1,0.000000,PRIME
322,0.00000,30.72917,27414,1,0.000000,PRIME
323,0.00000,30.72917,27414,1,0.000000,PRIME
324,0.00000,30.72917,27414,1,0.000000,PRIME
325,0.00000,30.72917,27414,1,0.000000,PRIME
326,0.00000,30.72917,27414,1,0.000000,PRIME
WARN: Stable pressure timeout occurred
Setting PWM frequency to 3413.333252
ARRVal = 585
Reduced pump speed to 6400
Pressure Threshold Reached
327,0.00000,30.67709,27411,1,0.000000,PRIME
328,0.00000,30.67709,27411,1,0.000000,PRIME
329,0.00000,30.67709,27411,1,0.000000,PRIME
330,0.00000,30.67709,27411,1,0.000000,PRIME
331,0.00000,30.67709,27411,1,0.000000,PRIME
332,0.00000,30.67709,27411,1,0.000000,PRIME
333,0.00000,30.67709,27411,1,0.000000,PRIME
334,0.00000,30.67709,27411,1,0.000000,PRIME
335,0.00000,30.67709,27411,1,0.000000,PRIME
336,0.00000,30.65104,27411,1,0.000000,PRIME
337,0.00000,30.67709,27411,1,0.000000,PRIME
338,0.00000,30.65104,27411,1,0.000000,PRIME
339,0.00000,30.65104,27411,1,0.000000,PRIME
340,0.00000,30.65104,27411,1,0.000000,PRIME
341,0.00938,30.65104,27411,1,0.000000,PRIME
342,0.00938,30.65104,27411,1,0.000000,PRIME
343,0.00000,30.65104,27411,1,0.000000,PRIME
344,0.00000,30.65104,27411,1,0.000000,PRIME
345,0.00000,30.65104,27411,1,0.000000,PRIME
346,0.00000,30.62500,27411,1,0.000000,PRIME
WARN: Stable pressure timeout occurred
Setting PWM frequency to 2730.666748
ARRVal = 732
Reduced pump speed to 5120
Pressure Threshold Reached
347,0.00000,30.65104,27411,1,0.000000,PRIME
348,0.00000,30.62500,27411,1,0.000000,PRIME
349,0.00000,30.62500,27411,1,0.000000,PRIME
350,0.00000,30.62500,27411,1,0.000000,PRIME
351,0.00000,30.62500,27411,1,0.000000,PRIME
352,0.00000,30.62500,27411,1,0.000000,PRIME
353,0.00000,30.62500,27411,1,0.000000,PRIME
354,0.00000,30.62500,27411,1,0.000000,PRIME
355,0.00000,30.62500,27411,1,0.000000,PRIME
356,0.00000,30.62500,27411,1,0.000000,PRIME
357,0.00000,30.62500,27411,1,0.000000,PRIME
358,0.00000,30.62500,27411,1,0.000000,PRIME
359,0.00000,30.62500,27411,1,0.000000,PRIME
360,0.00000,30.62500,27411,1,0.000000,PRIME
361,0.00000,30.62500,27411,1,0.000000,PRIME
362,0.00000,30.62500,27411,1,0.000000,PRIME
363,0.00000,30.59896,27411,1,0.000000,PRIME
364,0.00000,30.59896,27411,1,0.000000,PRIME
365,0.00000,30.59896,27411,1,0.000000,PRIME
366,0.00000,30.62500,27411,1,0.000000,PRIME
WARN: Stable pressure timeout occurred
Setting PWM frequency to 2184.533447
ARRVal = 915
Reduced pump speed to 4096
Pressure Threshold Reached
367,0.00000,30.59896,27411,1,0.000000,PRIME
368,0.00000,30.59896,27411,1,0.000000,PRIME
369,0.00000,30.59896,27411,1,0.000000,PRIME
370,0.00000,30.59896,27411,1,0.000000,PRIME
371,0.00000,30.59896,27411,1,0.000000,PRIME
372,0.00000,30.59896,27411,1,0.000000,PRIME
373,0.00000,30.59896,27411,1,0.000000,PRIME
374,0.00000,30.59896,27411,1,0.000000,PRIME
375,0.00000,30.59896,27411,1,0.000000,PRIME
376,0.00000,30.59896,27411,1,0.000000,PRIME
377,0.00000,30.59896,27411,1,0.000000,PRIME
378,0.00000,30.59896,27411,1,0.000000,PRIME
379,0.00000,30.57292,27411,1,0.000000,PRIME
380,0.00938,30.59896,27411,1,0.000000,PRIME
381,0.00000,30.59896,27411,1,0.000000,PRIME
382,0.00000,30.57292,27411,1,0.000000,PRIME
383,0.00000,30.59896,27411,1,0.000000,PRIME
384,0.00000,30.59896,27411,1,0.000000,PRIME
385,0.00000,30.57292,27411,1,0.000000,PRIME
386,0.00000,30.57292,27411,1,0.000000,PRIME
WARN: Stable pressure timeout occurred
Setting PWM frequency to 1747.199951
ARRVal = 1144
Reduced pump speed to 3276
Pressure Threshold Reached
387,0.00000,30.57292,27411,1,0.000000,PRIME
388,0.00938,30.57292,27411,1,0.000000,PRIME
389,0.00000,30.57292,27411,1,0.000000,PRIME
390,0.00000,30.57292,27411,1,0.000000,PRIME
391,0.00000,30.57292,27411,1,0.000000,PRIME
392,0.00000,30.57292,27411,1,0.000000,PRIME
393,0.00000,30.57292,27411,1,0.000000,PRIME
394,0.00000,30.57292,27411,1,0.000000,PRIME
395,0.00000,30.54688,27411,1,0.000000,PRIME
396,0.00000,30.57292,27411,1,0.000000,PRIME
397,0.00000,30.57292,27411,1,0.000000,PRIME
398,0.00000,30.54688,27411,1,0.000000,PRIME
399,0.00000,30.54688,27411,1,0.000000,PRIME
400,0.00000,30.54688,27411,1,0.000000,PRIME
401,0.00000,30.54688,27411,1,0.000000,PRIME
402,0.00000,30.54688,27411,1,0.000000,PRIME
403,0.00000,30.54688,27411,1,0.000000,PRIME
404,0.00000,30.54688,27411,1,0.000000,PRIME
405,0.00000,30.54688,27411,1,0.000000,PRIME
406,0.00000,30.54688,27411,1,0.000000,PRIME
WARN: Stable pressure timeout occurred
WARN: Cannot reduce speed pump already running at min speed
Pressure Threshold Reached
407,0.00000,30.54688,27411,1,0.000000,PRIME
408,0.00000,30.54688,27411,1,0.000000,PRIME
409,0.00000,30.54688,27411,1,0.000000,PRIME
410,0.00000,30.54688,27411,1,0.000000,PRIME
411,0.00000,30.54688,27411,1,0.000000,PRIME
412,0.00000,30.54688,27411,1,0.000000,PRIME
413,0.00938,30.54688,27411,1,0.000000,PRIME
414,0.00000,30.54688,27411,1,0.000000,PRIME
415,0.00000,30.54688,27411,1,0.000000,PRIME
416,0.00000,30.54688,27411,1,0.000000,PRIME
417,0.00938,30.54688,27411,1,0.000000,PRIME
418,0.00938,30.54688,27411,1,0.000000,PRIME
419,0.00000,30.52083,27411,1,0.000000,PRIME
420,0.00000,30.54688,27411,1,0.000000,PRIME
421,0.00000,30.54688,27411,1,0.000000,PRIME
422,0.00000,30.54688,27411,1,0.000000,PRIME
423,0.00000,30.54688,27411,1,0.000000,PRIME
424,0.00000,30.52083,27411,1,0.000000,PRIME
425,0.00000,30.52083,27411,1,0.000000,PRIME
426,0.00000,30.52083,27411,1,0.000000,PRIME
WARN: Stable pressure timeout occurred
WARN: Cannot reduce speed pump already running at min speed
Pressure Threshold Reached
427,0.00000,30.52083,27411,1,0.000000,PRIME
428,0.00000,30.52083,27411,1,0.000000,PRIME
429,0.00000,30.52083,27411,1,0.000000,PRIME
430,0.00000,30.52083,27411,1,0.000000,PRIME
431,0.00000,30.52083,27411,1,0.000000,PRIME
432,0.00000,30.52083,27411,1,0.000000,PRIME
433,0.00000,30.52083,27411,1,0.000000,PRIME
434,0.00000,30.52083,27411,1,0.000000,PRIME
435,0.00000,30.52083,27411,1,0.000000,PRIME
436,0.00000,30.52083,27411,1,0.000000,PRIME
437,0.00000,30.52083,27411,1,0.000000,PRIME
438,0.00000,30.52083,27411,1,0.000000,PRIME
439,0.00000,30.49479,27411,1,0.000000,PRIME
440,0.00000,30.52083,27411,1,0.000000,PRIME
441,0.00000,30.49479,27411,1,0.000000,PRIME
442,0.00938,30.52083,27411,1,0.000000,PRIME
443,0.00000,30.49479,27411,1,0.000000,PRIME
444,0.00000,30.49479,27411,1,0.000000,PRIME
445,0.00938,30.52083,27411,1,0.000000,PRIME
446,0.00000,30.49479,27411,1,0.000000,PRIME
WARN: Stable pressure timeout occurred
WARN: Cannot reduce speed pump already running at min speed
Pressure Threshold Reached
447,0.00000,30.49479,27411,1,0.000000,PRIME
448,0.00000,30.49479,27411,1,0.000000,PRIME
449,0.00000,30.49479,27411,1,0.000000,PRIME
450,0.00000,30.49479,27411,1,0.000000,PRIME
451,0.00000,30.49479,27411,1,0.000000,PRIME
452,0.00000,30.49479,27411,1,0.000000,PRIME
453,0.00000,30.49479,27411,1,0.000000,PRIME
454,0.00000,30.49479,27411,1,0.000000,PRIME
455,0.00000,30.49479,27411,1,0.000000,PRIME
456,0.00000,30.49479,27411,1,0.000000,PRIME
457,0.00000,30.49479,27411,1,0.000000,PRIME
458,0.00000,30.49479,27411,1,0.000000,PRIME
459,0.00000,30.49479,27411,1,0.000000,PRIME
460,0.00000,30.49479,27411,1,0.000000,PRIME
461,0.00000,30.49479,27411,1,0.000000,PRIME
462,0.00000,30.49479,27411,1,0.000000,PRIME
463,0.00000,30.49479,27411,1,0.000000,PRIME
464,0.00938,30.49479,27411,1,0.000000,PRIME
465,0.00000,30.49479,27411,1,0.000000,PRIME
466,0.00000,30.49479,27411,1,0.000000,PRIME
WARN: Stable pressure timeout occurred
WARN: Cannot reduce speed pump already running at min speed
Pressure Threshold Reached
467,0.00000,30.49479,27411,1,0.000000,PRIME
468,0.00938,30.49479,27411,1,0.000000,PRIME
469,0.00000,30.46875,27411,1,0.000000,PRIME
470,0.00938,30.46875,27411,1,0.000000,PRIME
471,0.00000,30.46875,27411,1,0.000000,PRIME
472,0.00000,30.49479,27411,1,0.000000,PRIME
473,0.00938,30.49479,27411,1,0.000000,PRIME
474,0.00000,30.46875,27411,1,0.000000,PRIME
475,0.00938,30.46875,27411,1,0.000000,PRIME
476,0.00938,30.46875,27411,1,0.000000,PRIME
477,0.00000,30.46875,27411,1,0.000000,PRIME
478,0.00000,30.46875,27411,1,0.000000,PRIME
479,0.00000,30.46875,27411,1,0.000000,PRIME
480,0.00938,30.46875,27411,1,0.000000,PRIME
481,0.00000,30.46875,27411,1,0.000000,PRIME
482,0.00938,30.46875,27411,1,0.000000,PRIME
483,0.00000,30.46875,27411,1,0.000000,PRIME
484,0.00000,30.46875,27411,1,0.000000,PRIME
485,0.00000,30.46875,27411,1,0.000000,PRIME
486,0.00000,30.46875,27411,1,0.000000,PRIME
WARN: Stable pressure timeout occurred
WARN: Cannot reduce speed pump already running at min speed
Pressure Threshold Reached
487,0.00000,30.46875,27411,1,0.000000,PRIME
488,0.00938,30.46875,27411,1,0.000000,PRIME
489,0.00000,30.46875,27411,1,0.000000,PRIME
490,0.00000,30.46875,27411,1,0.000000,PRIME
491,0.00938,30.46875,27411,1,0.000000,PRIME
492,0.00000,30.46875,27411,1,0.000000,PRIME
493,0.00000,30.46875,27411,1,0.000000,PRIME
494,0.00000,30.44271,27411,1,0.000000,PRIME
495,0.00938,30.46875,27411,1,0.000000,PRIME
496,0.00000,30.44271,27411,1,0.000000,PRIME
497,0.00000,30.44271,27411,1,0.000000,PRIME
498,0.00000,30.44271,27411,1,0.000000,PRIME
499,0.00000,30.44271,27411,1,0.000000,PRIME
500,0.00938,30.44271,27411,1,0.000000,PRIME
501,0.00000,30.44271,27411,1,0.000000,PRIME
502,0.00000,30.44271,27411,1,0.000000,PRIME
503,0.00000,30.44271,27411,1,0.000000,PRIME
504,0.00000,30.44271,27411,1,0.000000,PRIME
505,0.00000,30.44271,27411,1,0.000000,PRIME
506,0.00000,30.44271,27411,1,0.000000,PRIME
WARN: Stable pressure timeout occurred
WARN: Cannot reduce speed pump already running at min speed
Pressure Threshold Reached
507,0.00000,30.44271,27411,1,0.000000,PRIME
508,0.00000,30.44271,27411,1,0.000000,PRIME
509,0.00000,30.44271,27411,1,0.000000,PRIME
510,0.00000,30.44271,27411,1,0.000000,PRIME
511,0.00000,30.44271,27411,1,0.000000,PRIME
512,0.00000,30.44271,27411,1,0.000000,PRIME
513,0.00938,30.44271,27411,1,0.000000,PRIME
514,0.00000,30.44271,27411,1,0.000000,PRIME
515,0.00000,30.44271,27411,1,0.000000,PRIME
516,0.00000,30.44271,27411,1,0.000000,PRIME
517,0.00000,30.44271,27411,1,0.000000,PRIME
518,0.00000,30.44271,27411,1,0.000000,PRIME
519,0.00000,30.44271,27411,1,0.000000,PRIME
520,0.00000,30.44271,27411,1,0.000000,PRIME
521,0.00938,30.44271,27411,1,0.000000,PRIME
522,0.00000,30.41667,27411,1,0.000000,PRIME
523,0.00000,30.41667,27411,1,0.000000,PRIME
524,0.00000,30.44271,27411,1,0.000000,PRIME
525,0.00000,30.44271,27411,1,0.000000,PRIME
526,0.00000,30.41667,27411,1,0.000000,PRIME
WARN: Stable pressure timeout occurred
WARN: Cannot reduce speed pump already running at min speed
Pressure Threshold Reached
527,0.00000,30.44271,27411,1,0.000000,PRIME
528,0.00000,30.41667,27411,1,0.000000,PRIME
529,0.00000,30.41667,27411,1,0.000000,PRIME
530,0.00000,30.41667,27411,1,0.000000,PRIME
531,0.00000,30.41667,27411,1,0.000000,PRIME
532,0.00000,30.44271,27411,1,0.000000,PRIME
533,0.00000,30.41667,27411,1,0.000000,PRIME
534,0.00938,30.41667,27411,1,0.000000,PRIME
535,0.00000,30.41667,27411,1,0.000000,PRIME
536,0.00000,30.41667,27411,1,0.000000,PRIME
537,0.00000,30.41667,27411,1,0.000000,PRIME
538,0.00000,30.41667,27411,1,0.000000,PRIME
539,0.00000,30.41667,27411,1,0.000000,PRIME
540,0.00000,30.41667,27411,1,0.000000,PRIME
541,0.00938,30.41667,27411,1,0.000000,PRIME
542,0.00000,30.41667,27411,1,0.000000,PRIME
543,0.00938,30.41667,27411,1,0.000000,PRIME
544,0.00000,30.41667,27411,1,0.000000,PRIME
545,0.00938,30.39062,27411,1,0.000000,PRIME
546,0.00000,30.41667,27411,1,0.000000,PRIME
WARN: Stable pressure timeout occurred
WARN: Cannot reduce speed pump already running at min speed
Pressure Threshold Reached
547,0.00000,30.41667,27411,1,0.000000,PRIME
548,0.00000,30.41667,27411,1,0.000000,PRIME
549,0.00000,30.41667,27411,1,0.000000,PRIME
550,0.00000,30.41667,27411,1,0.000000,PRIME
551,0.00000,30.41667,27411,1,0.000000,PRIME
552,0.00000,30.41667,27411,1,0.000000,PRIME
553,0.00000,30.41667,27411,1,0.000000,PRIME
554,0.00000,30.39062,27411,1,0.000000,PRIME
555,0.00938,30.41667,27411,1,0.000000,PRIME
556,0.00000,30.41667,27411,1,0.000000,PRIME
557,0.00000,30.39062,27411,1,0.000000,PRIME
558,0.00000,30.39062,27411,1,0.000000,PRIME
559,0.00000,30.39062,27411,1,0.000000,PRIME
560,0.00000,30.41667,27411,1,0.000000,PRIME
561,0.00000,30.41667,27411,1,0.000000,PRIME
562,0.00000,30.41667,27411,1,0.000000,PRIME
563,0.00938,30.39062,27411,1,0.000000,PRIME
564,0.00000,30.39062,27411,1,0.000000,PRIME
565,0.00000,30.39062,27411,1,0.000000,PRIME
566,0.00938,30.39062,27411,1,0.000000,PRIME
WARN: Stable pressure timeout occurred
WARN: Cannot reduce speed pump already running at min speed
Pressure Threshold Reached
567,0.00000,30.39062,27411,1,0.000000,PRIME
568,0.00938,30.39062,27411,1,0.000000,PRIME
569,0.00000,30.39062,27411,1,0.000000,PRIME
570,0.00000,30.39062,27411,1,0.000000,PRIME
571,0.00000,30.39062,27411,1,0.000000,PRIME
572,0.00938,30.39062,27411,1,0.000000,PRIME
573,0.00000,30.39062,27411,1,0.000000,PRIME
574,0.00000,30.39062,27411,1,0.000000,PRIME
575,0.00000,30.39062,27411,1,0.000000,PRIME
576,0.00000,30.39062,27411,1,0.000000,PRIME
577,0.00938,30.39062,27411,1,0.000000,PRIME
578,0.00000,30.39062,27411,1,0.000000,PRIME
579,0.00000,30.39062,27411,1,0.000000,PRIME
580,0.00000,30.39062,27411,1,0.000000,PRIME
581,0.00000,30.39062,27411,1,0.000000,PRIME
582,0.00000,30.36458,27411,1,0.000000,PRIME
583,0.00000,30.39062,27411,1,0.000000,PRIME
584,0.00000,30.39062,27411,1,0.000000,PRIME
585,0.00000,30.36458,27411,1,0.000000,PRIME
586,0.00000,30.39062,27411,1,0.000000,PRIME
WARN: Stable pressure timeout occurred
WARN: Cannot reduce speed pump already running at min speed
Pressure Threshold Reached
587,0.00000,30.36458,27411,1,0.000000,PRIME
588,0.00000,30.39062,27411,1,0.000000,PRIME
589,0.00000,30.36458,27411,1,0.000000,PRIME
590,0.00000,30.36458,27411,1,0.000000,PRIME
591,0.00000,30.39062,27411,1,0.000000,PRIME
592,0.00000,30.39062,27411,1,0.000000,PRIME
593,0.00000,30.39062,27411,1,0.000000,PRIME
594,0.00000,30.39062,27411,1,0.000000,PRIME
595,0.00000,30.36458,27411,1,0.000000,PRIME
596,0.00000,30.36458,27411,1,0.000000,PRIME
597,0.00938,30.39062,27411,1,0.000000,PRIME
598,0.00000,30.36458,27411,1,0.000000,PRIME
599,0.00000,30.36458,27411,1,0.000000,PRIME
600,0.00000,30.36458,27411,1,0.000000,PRIME
601,0.00000,30.36458,27411,1,0.000000,PRIME
602,0.00000,30.36458,27411,1,0.000000,PRIME
603,0.00000,30.36458,27411,1,0.000000,PRIME
604,0.00000,30.36458,27411,1,0.000000,PRIME
605,0.00938,30.36458,27411,1,0.000000,PRIME
606,0.00000,30.36458,27411,1,0.000000,PRIME
WARN: Stable pressure timeout occurred
WARN: Cannot reduce speed pump already running at min speed
Pressure Threshold Reached
607,0.00938,30.36458,27411,1,0.000000,PRIME
608,0.00938,30.36458,27411,1,0.000000,PRIME
609,0.00938,30.36458,27411,1,0.000000,PRIME
610,0.00000,30.36458,27411,1,0.000000,PRIME
611,0.00000,30.36458,27411,1,0.000000,PRIME
612,0.00000,30.36458,27411,1,0.000000,PRIME
613,0.00000,30.36458,27411,1,0.000000,PRIME
614,0.00000,30.36458,27411,1,0.000000,PRIME
615,0.00000,30.36458,27411,1,0.000000,PRIME
616,0.00000,30.36458,27411,1,0.000000,PRIME
617,0.00000,30.36458,27411,1,0.000000,PRIME
618,0.00000,30.36458,27411,1,0.000000,PRIME
619,0.00938,30.36458,27411,1,0.000000,PRIME
620,0.00000,30.36458,27411,1,0.000000,PRIME
621,0.00000,30.36458,27411,1,0.000000,PRIME
622,0.00000,30.36458,27411,1,0.000000,PRIME
623,0.00000,30.36458,27411,1,0.000000,PRIME
624,0.00000,30.36458,27411,1,0.000000,PRIME
625,0.00938,30.36458,27411,1,0.000000,PRIME
626,0.00000,30.33854,27411,1,0.000000,PRIME
WARN: Stable pressure timeout occurred
WARN: Cannot reduce speed pump already running at min speed
Pressure Threshold Reached
627,0.00000,30.33854,27411,1,0.000000,PRIME
628,0.00000,30.33854,27411,1,0.000000,PRIME
629,0.00000,30.33854,27411,1,0.000000,PRIME
630,0.00000,30.33854,27411,1,0.000000,PRIME
631,0.00000,30.36458,27411,1,0.000000,PRIME
632,0.00000,30.33854,27411,1,0.000000,PRIME
633,0.00000,30.33854,27411,1,0.000000,PRIME
634,0.00000,30.33854,27411,1,0.000000,PRIME
635,0.00000,30.33854,27411,1,0.000000,PRIME
636,0.00000,30.33854,27411,1,0.000000,PRIME
637,0.00938,30.33854,27411,1,0.000000,PRIME
638,0.00000,30.33854,27411,1,0.000000,PRIME
639,0.00000,30.33854,27411,1,0.000000,PRIME
640,0.00000,30.33854,27411,1,0.000000,PRIME
641,0.00000,30.33854,27411,1,0.000000,PRIME
642,0.00000,30.33854,27411,1,0.000000,PRIME
643,0.00000,30.33854,27411,1,0.000000,PRIME
644,0.00000,30.33854,27411,1,0.000000,PRIME
645,0.00000,30.33854,27411,1,0.000000,PRIME
646,0.00938,30.33854,27411,1,0.000000,PRIME
WARN: Stable pressure timeout occurred
WARN: Cannot reduce speed pump already running at min speed
Pressure Threshold Reached
647,0.00000,30.33854,27411,1,0.000000,PRIME
648,0.00000,30.33854,27411,1,0.000000,PRIME
649,0.00938,30.33854,27411,1,0.000000,PRIME
650,0.00000,30.33854,27411,1,0.000000,PRIME
651,0.00000,30.33854,27411,1,0.000000,PRIME
652,0.00000,30.31250,27411,1,0.000000,PRIME
653,0.00000,30.33854,27411,1,0.000000,PRIME
654,0.00000,30.33854,27411,1,0.000000,PRIME
655,0.00000,30.33854,27411,1,0.000000,PRIME
656,0.00000,30.33854,27411,1,0.000000,PRIME
657,0.00000,30.33854,27411,1,0.000000,PRIME
658,0.00000,30.33854,27411,1,0.000000,PRIME
659,0.00000,30.33854,27411,1,0.000000,PRIME
660,0.00000,30.33854,27411,1,0.000000,PRIME
661,0.00000,30.33854,27411,1,0.000000,PRIME
662,0.00000,30.31250,27411,1,0.000000,PRIME
663,0.00000,30.31250,27411,1,0.000000,PRIME
664,0.00000,30.31250,27411,1,0.000000,PRIME
665,0.00000,30.33854,27411,1,0.000000,PRIME
666,0.00000,30.33854,27411,1,0.000000,PRIME
WARN: Stable pressure timeout occurred
WARN: Cannot reduce speed pump already running at min speed
Pressure Threshold Reached
667,0.00000,30.31250,27411,1,0.000000,PRIME
668,0.00000,30.31250,27411,1,0.000000,PRIME
669,0.00000,30.33854,27411,1,0.000000,PRIME
670,0.00000,30.31250,27411,1,0.000000,PRIME
671,0.00938,30.31250,27411,1,0.000000,PRIME
672,0.00938,30.31250,27411,1,0.000000,PRIME
673,0.00000,30.31250,27411,1,0.000000,PRIME
674,0.00000,30.31250,27411,1,0.000000,PRIME
675,0.00000,30.31250,27411,1,0.000000,PRIME
676,0.00000,30.31250,27411,1,0.000000,PRIME
677,0.00000,30.31250,27411,1,0.000000,PRIME
678,0.00938,30.31250,27411,1,0.000000,PRIME
679,0.00000,30.31250,27411,1,0.000000,PRIME
680,0.00000,30.31250,27411,1,0.000000,PRIME
681,0.00000,30.31250,27411,1,0.000000,PRIME
682,0.00000,30.31250,27411,1,0.000000,PRIME
683,0.00000,30.31250,27411,1,0.000000,PRIME
684,0.00000,30.31250,27411,1,0.000000,PRIME
685,0.00000,30.31250,27411,1,0.000000,PRIME
686,0.00000,30.31250,27411,1,0.000000,PRIME
WARN: Stable pressure timeout occurred
WARN: Cannot reduce speed pump already running at min speed
Pressure Threshold Reached
687,0.00000,30.31250,27411,1,0.000000,PRIME
688,0.00000,30.31250,27411,1,0.000000,PRIME
689,0.00000,30.31250,27411,1,0.000000,PRIME
690,0.00000,30.31250,27411,1,0.000000,PRIME
691,0.00938,30.31250,27411,1,0.000000,PRIME
692,0.00000,30.31250,27411,1,0.000000,PRIME
693,0.00000,30.31250,27411,1,0.000000,PRIME
694,0.00000,30.31250,27411,1,0.000000,PRIME
695,0.00000,30.31250,27411,1,0.000000,PRIME
696,0.00000,30.31250,27411,1,0.000000,PRIME
697,0.00000,30.31250,27411,1,0.000000,PRIME
698,0.00000,30.31250,27411,1,0.000000,PRIME
699,0.00000,30.28646,27411,1,0.000000,PRIME
700,0.00000,30.31250,27411,1,0.000000,PRIME
701,0.00938,30.28646,27411,1,0.000000,PRIME
702,0.00000,30.28646,27411,1,0.000000,PRIME
703,0.00000,30.31250,27411,1,0.000000,PRIME
704,0.00000,30.28646,27411,1,0.000000,PRIME
705,0.00000,30.28646,27411,1,0.000000,PRIME
706,0.00000,30.28646,27411,1,0.000000,PRIME
WARN: Stable pressure timeout occurred
WARN: Cannot reduce speed pump already running at min speed
Pressure Threshold Reached
707,0.00000,30.28646,27411,1,0.000000,PRIME
708,0.00000,30.31250,27411,1,0.000000,PRIME
709,0.00000,30.28646,27411,1,0.000000,PRIME
710,0.00000,30.28646,27411,1,0.000000,PRIME
711,0.00000,30.28646,27411,1,0.000000,PRIME
712,0.00000,30.28646,27411,1,0.000000,PRIME
713,0.00938,30.28646,27411,1,0.000000,PRIME
714,0.00000,30.28646,27411,1,0.000000,PRIME
715,0.00000,30.28646,27411,1,0.000000,PRIME
716,0.00000,30.28646,27411,1,0.000000,PRIME
717,0.00938,30.31250,27411,1,0.000000,PRIME
718,0.00000,30.28646,27411,1,0.000000,PRIME
719,0.00000,30.28646,27411,1,0.000000,PRIME
720,0.00000,30.28646,27411,1,0.000000,PRIME
721,0.00000,30.28646,27411,1,0.000000,PRIME
722,0.00000,30.28646,27411,1,0.000000,PRIME
723,0.00000,30.28646,27411,1,0.000000,PRIME
724,0.00000,30.28646,27411,1,0.000000,PRIME
725,0.00938,30.28646,27411,1,0.000000,PRIME
726,0.00000,30.28646,27411,1,0.000000,PRIME
WARN: Stable pressure timeout occurred
WARN: Cannot reduce speed pump already running at min speed
Pressure Threshold Reached
727,0.00000,30.28646,27411,1,0.000000,PRIME
728,0.00000,30.28646,27411,1,0.000000,PRIME
729,0.00000,30.28646,27411,1,0.000000,PRIME
730,0.00000,30.28646,27411,1,0.000000,PRIME
731,0.00938,30.28646,27411,1,0.000000,PRIME
732,0.00938,30.28646,27411,1,0.000000,PRIME
733,0.00000,30.28646,27411,1,0.000000,PRIME
734,0.00000,30.28646,27411,1,0.000000,PRIME
735,0.00000,30.28646,27411,1,0.000000,PRIME
736,0.00000,30.28646,27411,1,0.000000,PRIME
737,0.00000,30.28646,27411,1,0.000000,PRIME
738,0.00000,30.26042,27411,1,0.000000,PRIME
739,0.00000,30.28646,27411,1,0.000000,PRIME
740,0.00000,30.28646,27411,1,0.000000,PRIME
741,0.00000,30.28646,27411,1,0.000000,PRIME
742,0.00000,30.26042,27411,1,0.000000,PRIME
743,0.00000,30.26042,27411,1,0.000000,PRIME
744,0.00000,30.28646,27411,1,0.000000,PRIME
745,0.00000,30.26042,27411,1,0.000000,PRIME
746,0.00000,30.28646,27411,1,0.000000,PRIME
WARN: Stable pressure timeout occurred
WARN: Cannot reduce speed pump already running at min speed
Pressure Threshold Reached
747,0.00000,30.28646,27411,1,0.000000,PRIME
748,0.00000,30.26042,27411,1,0.000000,PRIME
749,0.00000,30.28646,27411,1,0.000000,PRIME
750,0.00000,30.26042,27411,1,0.000000,PRIME
751,0.00000,30.26042,27411,1,0.000000,PRIME
752,0.00000,30.26042,27411,1,0.000000,PRIME
753,0.00000,30.28646,27411,1,0.000000,PRIME
754,0.00000,30.28646,27411,1,0.000000,PRIME
755,0.00000,30.26042,27411,1,0.000000,PRIME
756,0.00000,30.26042,27411,1,0.000000,PRIME
757,0.00000,30.26042,27411,1,0.000000,PRIME
758,0.00000,30.26042,27411,1,0.000000,PRIME
759,0.00000,30.26042,27411,1,0.000000,PRIME
760,0.00000,30.26042,27411,1,0.000000,PRIME
761,0.00000,30.26042,27411,1,0.000000,PRIME
762,0.00000,30.26042,27411,1,0.000000,PRIME
763,0.00000,30.26042,27411,1,0.000000,PRIME
764,0.00000,30.26042,27411,1,0.000000,PRIME
765,0.00000,30.26042,27411,1,0.000000,PRIME
766,0.00000,30.26042,27411,1,0.000000,PRIME
WARN: Stable pressure timeout occurred
WARN: Cannot reduce speed pump already running at min speed
Pressure Threshold Reached
767,0.00938,30.26042,27411,1,0.000000,PRIME
768,0.00000,30.26042,27411,1,0.000000,PRIME
769,0.00000,30.26042,27411,1,0.000000,PRIME
770,0.00000,30.26042,27411,1,0.000000,PRIME
771,0.00000,30.26042,27411,1,0.000000,PRIME
772,0.00000,30.26042,27411,1,0.000000,PRIME
773,0.00000,30.26042,27411,1,0.000000,PRIME
774,0.00000,30.26042,27411,1,0.000000,PRIME
775,0.00000,30.26042,27411,1,0.000000,PRIME
776,0.00000,30.26042,27411,1,0.000000,PRIME
777,0.00000,30.26042,27411,1,0.000000,PRIME
778,0.00000,30.26042,27411,1,0.000000,PRIME
779,0.00000,30.26042,27411,1,0.000000,PRIME
780,0.00000,30.26042,27411,1,0.000000,PRIME
781,0.00000,30.26042,27411,1,0.000000,PRIME
782,0.00000,30.26042,27411,1,0.000000,PRIME
783,0.00000,30.26042,27411,1,0.000000,PRIME
784,0.00000,30.26042,27411,1,0.000000,PRIME
785,0.00000,30.26042,27411,1,0.000000,PRIME
786,0.00000,30.26042,27411,1,0.000000,PRIME
WARN: Stable pressure timeout occurred
WARN: Cannot reduce speed pump already running at min speed
Pressure Threshold Reached
787,0.00000,30.26042,27411,1,0.000000,PRIME
788,0.00000,30.26042,27411,1,0.000000,PRIME
789,0.00000,30.23438,27411,1,0.000000,PRIME
790,0.00000,30.26042,27411,1,0.000000,PRIME
791,0.00000,30.26042,27411,1,0.000000,PRIME
792,0.00000,30.23438,27411,1,0.000000,PRIME
793,0.00000,30.23438,27411,1,0.000000,PRIME
794,0.00000,30.23438,27411,1,0.000000,PRIME
795,0.00000,30.23438,27411,1,0.000000,PRIME
796,0.00000,30.23438,27411,1,0.000000,PRIME
797,0.00938,30.23438,27411,1,0.000000,PRIME
798,0.00000,30.23438,27411,1,0.000000,PRIME
799,0.00000,30.23438,27411,1,0.000000,PRIME
800,0.00938,30.26042,27411,1,0.000000,PRIME
801,0.00938,30.23438,27411,1,0.000000,PRIME
802,0.00000,30.23438,27411,1,0.000000,PRIME
803,0.00000,30.23438,27411,1,0.000000,PRIME
804,0.00938,30.23438,27411,1,0.000000,PRIME
805,0.00000,30.23438,27411,1,0.000000,PRIME
806,0.00000,30.23438,27411,1,0.000000,PRIME
WARN: Stable pressure timeout occurred
WARN: Cannot reduce speed pump already running at min speed
Pressure Threshold Reached
807,0.00000,30.23438,27411,1,0.000000,PRIME
808,0.00000,30.23438,27411,1,0.000000,PRIME
809,0.00938,30.23438,27411,1,0.000000,PRIME
810,0.00938,30.23438,27411,1,0.000000,PRIME
811,0.00000,30.23438,27411,1,0.000000,PRIME
812,0.00000,30.23438,27411,1,0.000000,PRIME
813,0.00000,30.23438,27411,1,0.000000,PRIME
814,0.00000,30.23438,27411,1,0.000000,PRIME
815,0.00000,30.23438,27411,1,0.000000,PRIME
816,0.00000,30.23438,27411,1,0.000000,PRIME
817,0.00000,30.23438,27411,1,0.000000,PRIME
818,0.00000,30.20834,27411,1,0.000000,PRIME
819,0.00000,30.23438,27411,1,0.000000,PRIME
820,0.00000,30.23438,27411,1,0.000000,PRIME
821,0.00000,30.23438,27411,1,0.000000,PRIME
822,0.00000,30.23438,27411,1,0.000000,PRIME
823,0.00000,30.23438,27411,1,0.000000,PRIME
824,0.00000,30.23438,27411,1,0.000000,PRIME
825,0.00000,30.23438,27411,1,0.000000,PRIME
826,0.00000,30.23438,27411,1,0.000000,PRIME
WARN: Stable pressure timeout occurred
WARN: Cannot reduce speed pump already running at min speed
Pressure Threshold Reached
827,0.00000,30.23438,27411,1,0.000000,PRIME
828,0.00938,30.23438,27411,1,0.000000,PRIME
829,0.00000,30.23438,27411,1,0.000000,PRIME
830,0.00000,30.23438,27411,1,0.000000,PRIME
831,0.00000,30.23438,27411,1,0.000000,PRIME
832,0.00938,30.23438,27411,1,0.000000,PRIME
833,0.00000,30.23438,27411,1,0.000000,PRIME
834,0.00938,30.23438,27411,1,0.000000,PRIME
835,0.00938,30.20834,27411,1,0.000000,PRIME
836,0.00000,30.23438,27411,1,0.000000,PRIME
837,0.00000,30.20834,27411,1,0.000000,PRIME
838,0.00938,30.23438,27411,1,0.000000,PRIME
839,0.00000,30.20834,27411,1,0.000000,PRIME
840,0.00000,30.20834,27411,1,0.000000,PRIME
841,0.00000,30.20834,27411,1,0.000000,PRIME
842,0.00000,30.20834,27411,1,0.000000,PRIME
843,0.00000,30.20834,27411,1,0.000000,PRIME
844,0.00938,30.20834,27411,1,0.000000,PRIME
845,0.00000,30.20834,27411,1,0.000000,PRIME
846,0.00938,30.23438,27411,1,0.000000,PRIME
WARN: Stable pressure timeout occurred
WARN: Cannot reduce speed pump already running at min speed
Pressure Threshold Reached
847,0.00000,30.20834,27411,1,0.000000,PRIME
848,0.00000,30.20834,27411,1,0.000000,PRIME
849,0.00000,30.20834,27411,1,0.000000,PRIME
850,0.00938,30.20834,27411,1,0.000000,PRIME
851,0.00000,30.20834,27411,1,0.000000,PRIME
852,0.00000,30.20834,27411,1,0.000000,PRIME
853,0.00000,30.20834,27411,1,0.000000,PRIME
854,0.00000,30.20834,27411,1,0.000000,PRIME
855,0.00000,30.20834,27411,1,0.000000,PRIME
856,0.00000,30.20834,27411,1,0.000000,PRIME
857,0.00000,30.20834,27411,1,0.000000,PRIME
858,0.00938,30.20834,27411,1,0.000000,PRIME
859,0.00000,30.20834,27411,1,0.000000,PRIME
860,0.00000,30.20834,27411,1,0.000000,PRIME
861,0.00938,30.20834,27411,1,0.000000,PRIME
862,0.00000,30.20834,27411,1,0.000000,PRIME
863,0.00000,30.20834,27411,1,0.000000,PRIME
864,0.00000,30.20834,27411,1,0.000000,PRIME
865,0.00000,30.20834,27411,1,0.000000,PRIME
866,0.00000,30.20834,27411,1,0.000000,PRIME
WARN: Stable pressure timeout occurred
WARN: Cannot reduce speed pump already running at min speed
Pressure Threshold Reached
867,0.00000,30.20834,27411,1,0.000000,PRIME
868,0.00000,30.20834,27411,1,0.000000,PRIME
869,0.00000,30.20834,27411,1,0.000000,PRIME
870,0.00000,30.20834,27411,1,0.000000,PRIME
871,0.00000,30.20834,27411,1,0.000000,PRIME
872,0.00000,30.20834,27411,1,0.000000,PRIME
873,0.00000,30.20834,27411,1,0.000000,PRIME
874,0.00000,30.20834,27411,1,0.000000,PRIME
875,0.00000,30.20834,27411,1,0.000000,PRIME
876,0.00000,30.20834,27411,1,0.000000,PRIME
877,0.00000,30.18229,27411,1,0.000000,PRIME
878,0.00000,30.20834,27411,1,0.000000,PRIME
879,0.00000,30.18229,27411,1,0.000000,PRIME
880,0.00938,30.20834,27411,1,0.000000,PRIME
881,0.00000,30.20834,27411,1,0.000000,PRIME
882,0.00000,30.20834,27411,1,0.000000,PRIME
883,0.00000,30.20834,27411,1,0.000000,PRIME
884,0.00000,30.20834,27411,1,0.000000,PRIME
885,0.00000,30.20834,27411,1,0.000000,PRIME
886,0.00000,30.20834,27411,1,0.000000,PRIME
WARN: Stable pressure timeout occurred
WARN: Cannot reduce speed pump already running at min speed
ERR: Stroke timeout occurred, fluidic blockage
887,0.00000,30.54688,27440,1,0.000000,PRIME
888,0.00000,30.54688,27440,1,0.000000,PRIME
889,0.00000,30.54688,27440,1,0.000000,PRIME
890,0.00000,30.54688,27440,1,0.000000,PRIME
891,0.00000,30.54688,27440,1,0.000000,PRIME
892,0.00000,30.54688,27440,1,0.000000,PRIME
893,0.00000,30.54688,27440,1,0.000000,PRIME
894,0.00000,30.54688,27440,1,0.000000,PRIME
895,0.00938,30.54688,27440,1,0.000000,PRIME
896,0.00000,30.54688,27440,1,0.000000,PRIME
897,0.00000,30.54688,27440,1,0.000000,PRIME
898,0.00000,30.54688,27440,1,0.000000,PRIME
899,0.00000,30.54688,27440,1,0.000000,PRIME
900,0.00000,30.52083,27440,1,0.000000,PRIME
901,0.00000,30.52083,27440,1,0.000000,PRIME
902,0.00000,30.54688,27440,1,0.000000,PRIME
903,0.00938,30.52083,27440,1,0.000000,PRIME
904,0.00000,30.54688,27440,1,0.000000,PRIME
905,0.00000,30.54688,27440,1,0.000000,PRIME
906,0.00000,30.52083,27440,1,0.000000,PRIME
WARN: Stable pressure timeout occurred
907,0.00000,30.52083,27440,1,0.000000,PRIME
ERR: Could not translate line PUMPC
#MQ FLUSH OF FILTER 3, 3 ML, [21,20], [22,12,18]
PUMPC,MQ,3000,1,21/20,22/12/18
ERR: Cannot pump, excessive internal pressure in system
ERR: Could not translate line PUMPC
#MQ FLUSH OF FILTER 4, 3 ML, [21,20], [22,24,6]
PUMPC,MQ,3000,1,21/20,22/24/6
ERR: Cannot pump, excessive internal pressure in system
ERR: Could not translate line PUMPC
#MQ FLUSH OF FILTER 5, 3 ML, [21,20], [22,11,19]
PUMPC,MQ,3000,1,21/20,22/11/19
ERR: Cannot pump, excessive internal pressure in system
ERR: Could not translate line PUMPC
#MQ FLUSH OF FILTER 6, 3 ML, [21,20], [22,23,7]
PUMPC,MQ,3000,1,21/20,22/23/7
ERR: Cannot pump, excessive internal pressure in system
ERR: Could not translate line PUMPC
#MQ FLUSH OF FILTER 7, 3 ML, [21,20], [22,10,1]
PUMPC,MQ,3000,1,21/20,22/10/1
WARN: Pump needs to be homed before drawing
Setting PWM frequency to 1747.199951
ARRVal = 1144
908,0.00000,7.99479,27682,1,0.000000,PRIME
909,0.00000,1.45833,28193,1,0.000000,PRIME
910,0.00000,1.01562,28703,1,0.000000,PRIME
911,0.00000,0.98958,29213,1,0.000000,PRIME
912,0.00000,0.83333,29723,1,0.000000,PRIME
913,0.00000,0.28646,29940,0,0.000000,PRIME
Setting PWM frequency to 1747.199951
ARRVal = 1144
914,0.00938,-0.18229,29707,1,0.000000,PRIME
915,0.00000,-0.46875,29194,1,0.000000,PRIME
916,0.00938,-0.72917,28683,1,0.000000,PRIME
917,0.00938,-0.54688,28174,1,0.000000,PRIME
918,0.00000,-0.52083,27663,1,0.000000,PRIME
919,0.00000,-0.39063,27153,1,0.000000,PRIME
920,0.00000,-0.59896,26644,1,0.000000,PRIME
921,0.00000,-0.62500,26133,1,0.000000,PRIME
922,0.00000,-0.62500,25624,1,0.000000,PRIME
923,0.00000,-0.72917,25113,1,0.000000,PRIME
924,0.00938,-0.75521,24603,1,0.000000,PRIME
925,0.00000,-0.78125,24093,1,0.000000,PRIME
926,0.00000,-0.83333,23583,1,0.000000,PRIME
927,0.00000,-0.83333,23072,1,0.000000,PRIME
928,0.00000,-0.91146,22563,1,0.000000,PRIME
929,0.00000,-0.96354,22052,1,0.000000,PRIME
930,0.00000,-0.96354,21542,1,0.000000,PRIME
931,0.00938,-0.85938,21033,1,0.000000,PRIME
932,0.00938,-0.75521,20522,1,0.000000,PRIME
933,0.00000,-0.83333,20013,1,0.000000,PRIME
934,0.00000,-0.80729,19503,1,0.000000,PRIME
935,0.00000,-0.78125,18992,1,0.000000,PRIME
936,0.00000,-0.75521,18482,1,0.000000,PRIME
937,0.00000,-0.75521,18001,1,0.000000,PRIME
Setting PWM frequency to 1747.199951
ARRVal = 1144
938,0.00000,-0.41667,18027,1,0.000000,PRIME
939,0.00000,0.26042,18537,1,0.000000,PRIME
940,0.00938,0.65104,19047,1,0.000000,PRIME
941,0.00000,1.17188,19557,1,0.000000,PRIME
942,0.00000,1.58854,20067,1,0.000000,PRIME
943,0.00000,1.90104,20577,1,0.000000,PRIME
944,0.00000,2.13542,21087,1,0.000000,PRIME
945,0.00000,2.23958,21598,1,0.000000,PRIME
946,0.00000,2.29167,22107,1,0.000000,PRIME
947,0.00000,2.29167,22618,1,0.000000,PRIME
948,0.00938,2.23958,23128,1,0.000000,PRIME
949,0.00000,2.16146,23637,1,0.000000,PRIME
950,0.00000,2.10938,24148,1,0.000000,PRIME
951,0.00000,2.05729,24658,1,0.000000,PRIME
952,0.00000,2.13542,25168,1,0.000000,PRIME
953,0.00000,2.50000,25678,1,0.000000,PRIME
954,0.00000,3.22917,26188,1,0.000000,PRIME
955,0.00000,4.11458,26703,1,0.000000,PRIME
956,0.00000,4.84375,27214,1,0.000000,PRIME
957,0.00000,5.46875,27723,1,0.000000,PRIME
958,0.00000,6.04167,28234,1,0.000000,PRIME
959,0.00000,6.53646,28743,1,0.000000,PRIME
960,0.00000,6.92708,29253,1,0.000000,PRIME
961,0.00000,7.26562,29764,1,0.000000,PRIME
962,0.00000,6.71875,29999,0,0.000000,PRIME
963,0.00000,5.49479,29999,0,0.000000,PRIME
964,0.00000,4.60938,29999,0,0.000000,PRIME
965,0.00000,3.95833,29999,0,0.000000,PRIME
966,0.00938,3.43750,29999,0,0.000000,PRIME
967,0.00000,3.04688,29999,0,0.000000,PRIME
968,0.00000,2.73438,29999,0,0.000000,PRIME
969,0.00000,2.47396,29999,0,0.000000,PRIME
970,0.00938,2.26563,29999,0,0.000000,PRIME
971,0.00000,2.08333,29999,0,0.000000,PRIME
972,0.00000,1.90104,29999,0,0.000000,PRIME
973,0.00000,1.77083,29999,0,0.000000,PRIME
974,0.00000,1.66667,29999,0,0.000000,PRIME
#MQ FLUSH OF FILTER 8, 3 ML, [21,20], [22,26,3]
PUMPC,MQ,3000,1,21/20,22/26/3
Setting PWM frequency to 1747.199951
ARRVal = 1144
975,0.00938,-0.18229,29707,1,0.000000,PRIME
976,0.00000,-0.62500,29196,1,0.000000,PRIME
977,0.00000,-0.67708,28686,1,0.000000,PRIME
978,0.00000,-0.70312,28177,1,0.000000,PRIME
979,0.00938,-0.70312,27666,1,0.000000,PRIME
980,0.00000,-0.70312,27156,1,0.000000,PRIME
981,0.00000,-0.72917,26647,1,0.000000,PRIME
982,0.00938,-0.80729,26136,1,0.000000,PRIME
983,0.00000,-0.78125,25626,1,0.000000,PRIME
984,0.00000,-0.78125,25116,1,0.000000,PRIME
985,0.00938,-0.70312,24605,1,0.000000,PRIME
986,0.00938,-0.70312,24096,1,0.000000,PRIME
987,0.00938,-0.72917,23586,1,0.000000,PRIME
988,0.00000,-0.72917,23075,1,0.000000,PRIME
989,0.00000,-0.70312,22566,1,0.000000,PRIME
990,0.00000,-0.72917,22055,1,0.000000,PRIME
991,0.00938,-0.72917,21545,1,0.000000,PRIME
992,0.00000,-0.67708,21036,1,0.000000,PRIME
993,0.00938,-0.72917,20525,1,0.000000,PRIME
994,0.00000,-0.70312,20015,1,0.000000,PRIME
995,0.00000,-0.72917,19505,1,0.000000,PRIME
996,0.00000,-0.70312,18995,1,0.000000,PRIME
997,0.00938,-0.72917,18485,1,0.000000,PRIME
998,0.00000,-0.72917,18001,1,0.000000,PRIME
Setting PWM frequency to 1747.199951
ARRVal = 1144
999,0.00000,-0.31250,18025,1,0.000000,PRIME
1000,0.00000,0.62500,18536,1,0.000000,PRIME
1001,0.00000,1.38021,19045,1,0.000000,PRIME
1002,0.00938,1.90104,19555,1,0.000000,PRIME
1003,0.00000,2.23958,20066,1,0.000000,PRIME
1004,0.00000,2.44792,20575,1,0.000000,PRIME
1005,0.00938,2.57813,21086,1,0.000000,PRIME
1006,0.00000,2.65625,21597,1,0.000000,PRIME
1007,0.00938,2.65625,22106,1,0.000000,PRIME
1008,0.00938,2.60417,22617,1,0.000000,PRIME
1009,0.00938,2.57813,23127,1,0.000000,PRIME
1010,0.00000,2.50000,23637,1,0.000000,PRIME
1011,0.00000,2.47396,24148,1,0.000000,PRIME
1012,0.00000,2.47396,24657,1,0.000000,PRIME
1013,0.00938,2.44792,25167,1,0.000000,PRIME
1014,0.00000,2.44792,25678,1,0.000000,PRIME
1015,0.00938,2.44792,26188,1,0.000000,PRIME
1016,0.00000,2.44792,26698,1,0.000000,PRIME
1017,0.00000,2.44792,27208,1,0.000000,PRIME
1018,0.00938,2.44792,27717,1,0.000000,PRIME
1019,0.00000,2.44792,28228,1,0.000000,PRIME
1020,0.00938,2.44792,28738,1,0.000000,PRIME
1021,0.00938,2.44792,29248,1,0.000000,PRIME
1022,0.00938,2.44792,29758,1,0.000000,PRIME
1023,0.00000,1.84896,29995,0,0.000000,PRIME
1024,0.00000,1.06771,29995,0,0.000000,PRIME
#MQ FLUSH OF FILTER 9, 3 ML, [21,20], [22,13,17]
PUMPC,MQ,3000,1,21/20,22/13/17
Setting PWM frequency to 1747.199951
ARRVal = 1144
1025,0.00938,-0.52083,29508,1,0.000000,PRIME
1026,0.00938,-0.62500,28998,1,0.000000,PRIME
1027,0.00938,-0.65104,28488,1,0.000000,PRIME
1028,0.00938,-0.65104,27978,1,0.000000,PRIME
1029,0.00938,-0.65104,27468,1,0.000000,PRIME
1030,0.00000,-0.65104,26957,1,0.000000,PRIME
1031,0.00938,-0.65104,26448,1,0.000000,PRIME
1032,0.00938,-0.65104,25938,1,0.000000,PRIME
1033,0.00000,-0.65104,25427,1,0.000000,PRIME
1034,0.00000,-0.67708,24918,1,0.000000,PRIME
1035,0.00000,-0.67708,24407,1,0.000000,PRIME
1036,0.00000,-0.67708,23897,1,0.000000,PRIME
1037,0.00000,-0.67708,23387,1,0.000000,PRIME
1038,0.00938,-0.67708,22877,1,0.000000,PRIME
1039,0.00938,-0.67708,22367,1,0.000000,PRIME
1040,0.00938,-0.67708,21857,1,0.000000,PRIME
1041,0.00938,-0.67708,21346,1,0.000000,PRIME
1042,0.00938,-0.67708,20837,1,0.000000,PRIME
1043,0.00000,-0.67708,20327,1,0.000000,PRIME
1044,0.00938,-0.67708,19816,1,0.000000,PRIME
1045,0.00000,-0.67708,19306,1,0.000000,PRIME
1046,0.00000,-0.70312,18796,1,0.000000,PRIME
1047,0.00000,-0.67708,18286,1,0.000000,PRIME
1048,0.00000,-0.39063,18001,1,0.000000,PRIME
Setting PWM frequency to 1747.199951
ARRVal = 1144
1049,0.00938,0.20833,18228,1,0.000000,PRIME
1050,0.00000,1.01562,18738,1,0.000000,PRIME
1051,0.00000,1.71875,19249,1,0.000000,PRIME
1052,0.00938,2.16146,19758,1,0.000000,PRIME
1053,0.00938,2.36979,20268,1,0.000000,PRIME
1054,0.00000,2.44792,20779,1,0.000000,PRIME
1055,0.00938,2.42188,21289,1,0.000000,PRIME
1056,0.00938,2.42188,21799,1,0.000000,PRIME
1057,0.00000,2.42188,22309,1,0.000000,PRIME
1058,0.00938,2.42188,22819,1,0.000000,PRIME
1059,0.00938,2.42188,23330,1,0.000000,PRIME
1060,0.00938,2.44792,23839,1,0.000000,PRIME
1061,0.00938,2.42188,24349,1,0.000000,PRIME
1062,0.00938,2.42188,24860,1,0.000000,PRIME
1063,0.00938,2.44792,25369,1,0.000000,PRIME
1064,0.00938,2.44792,25879,1,0.000000,PRIME
1065,0.00938,2.44792,26390,1,0.000000,PRIME
1066,0.00938,2.44792,26900,1,0.000000,PRIME
1067,0.00938,2.44792,27411,1,0.000000,PRIME
1068,0.00938,2.44792,27920,1,0.000000,PRIME
1069,0.00938,2.47396,28430,1,0.000000,PRIME
1070,0.00938,2.44792,28941,1,0.000000,PRIME
1071,0.00938,2.47396,29450,1,0.000000,PRIME
1072,0.00938,2.47396,29961,1,0.000000,PRIME
1073,0.00938,1.48438,29999,0,0.000000,PRIME
PROTOCOL,PRIME,STOP,0
PAUSE,2
1074,0.00938,0.88542,29999,0,0.000000,NA
1075,0.00938,0.57292,29999,0,0.000000,NA
VALVE_SET,0
1076,0.00938,0.41667,29999,0,0.000000,NA
RUN,FIN
	
