CCLK,2023-09-15T10:23:57

>CTRIG,1,7,0,2023-05-31T11:52:32,2023-06-01T11:52:32,2023-06-02T11:52:32,2023-06-03T11:52:32,2023-06-04T11:52:32,2023-06-05T11:52:32,2023-06-06T11:52:32,2023-06-07T11:52:32,2023-06-08T11:52:32

>ISTAT,EDNA-SA,3.01,3.09,0,IDLE,NA/0/NA

>CSET,30,20,2,0,20000,0

>CSTAT,4,5/54000/3,5/3000/10,5/114000/3,5/105000/3,1/0/0,1/0/0,1/0/0,1/0/0,1/0/0,3640000,330000,176000,933000,176000

>ISTAT,EDNA-SA,3.01,3.09,0,IDLE,NA/0/NA

>ISTAT,EDNA-SA,3.01,3.09,0,IDLE,NA/0/NA

>RUN,PROTOCOL,SAMPLE_5,ACK
Started Run Task
Opened Eng and data files
Created Pressure Monitor Task
Created Script Task

>0,0.00000,0.02604,30000,0,0.000000,NA
1,0.00000,0.02604,30000,0,0.000000,NA
2,0.00000,0.02604,30000,0,0.000000,NA
Parsing script: mq_clean.txt
#eDNA Sampler Flush Tree, V3, FP-0003-02
SPEED,10000
PROTOCOL,FLUSH,START,0
VALVE_SET,2
PAUSE,2
3,0.00000,1.22396,30000,0,0.000000,FLUSH
4,0.00000,1.22396,30000,0,0.000000,FLUSH
HOME
VALVE_SET,0
PAUSE,2
5,0.00000,1.22396,30000,0,0.000000,FLUSH
6,0.00000,1.22396,30000,0,0.000000,FLUSH
#MILLI-Q FLUSH OF TREE OUT INLET, 6 mL, [21,20], [2]
PUMPC,MQ,3000,2,21/20,2
Setting PWM frequency to 5333.333496
ARRVal = 375
7,0.00000,-1.51042,28534,1,0.000000,FLUSH
8,0.00000,-1.51042,26981,1,0.000000,FLUSH
9,0.00000,-1.53646,25428,1,0.000000,FLUSH
10,0.00000,-1.56250,23875,1,0.000000,FLUSH
11,0.00000,-1.56250,22322,1,0.000000,FLUSH
12,0.00000,-1.56250,20768,1,0.000000,FLUSH
13,0.00000,-1.58854,19215,1,0.000000,FLUSH
14,0.00000,-0.52083,18001,1,0.000000,FLUSH
Setting PWM frequency to 5333.333496
ARRVal = 375
15,0.00000,2.29167,18327,1,0.000000,FLUSH
16,0.00000,5.80729,19880,1,0.000000,FLUSH
17,0.00000,5.96354,21436,1,0.000000,FLUSH
18,0.00000,5.91146,22989,1,0.000000,FLUSH
19,0.00000,6.04167,24542,1,0.000000,FLUSH
20,0.00000,6.17188,26095,1,0.000000,FLUSH
21,0.00000,6.27604,27648,1,0.000000,FLUSH
22,0.00000,6.38021,29202,1,0.000000,FLUSH
23,0.00000,1.51042,29921,0,0.000000,FLUSH
Setting PWM frequency to 5333.333496
ARRVal = 375
24,0.00000,-0.44271,29720,1,0.000000,FLUSH
25,0.00000,-1.51042,28167,1,0.000000,FLUSH
26,0.00000,-1.53646,26614,1,0.000000,FLUSH
27,0.00000,-1.58854,25057,1,0.000000,FLUSH
28,0.00000,-1.58854,23504,1,0.000000,FLUSH
29,0.00000,-1.61458,21951,1,0.000000,FLUSH
30,0.00000,-1.64062,20398,1,0.000000,FLUSH
31,0.00000,-1.64062,18845,1,0.000000,FLUSH
32,0.00000,-0.02604,17999,1,0.000000,FLUSH
Setting PWM frequency to 5333.333496
ARRVal = 375
33,0.00000,4.16667,18695,1,0.000000,FLUSH
34,0.00000,5.88542,20249,1,0.000000,FLUSH
35,0.00000,6.22396,21802,1,0.000000,FLUSH
36,0.00000,6.45833,23358,1,0.000000,FLUSH
37,0.00000,6.64063,24914,1,0.000000,FLUSH
38,0.00000,6.77083,26467,1,0.000000,FLUSH
39,0.00000,6.87500,28020,1,0.000000,FLUSH
40,0.00000,6.97917,29573,1,0.000000,FLUSH
41,0.00000,1.38021,29993,0,0.000000,FLUSH
PROTOCOL,FLUSH,STOP,0
PAUSE,2
42,0.00000,1.25000,29993,0,0.000000,NA
43,0.00000,1.25000,29993,0,0.000000,NA
VALVE_SET,0
Parsing script: sam_flush.txt
#eDNA Sampler Inlet Sample Water Flush, V3, FP-0003-02
SPEED,10000
PROTOCOL,FLUSH,START,0
VALVE_SET,2
PAUSE,2
44,0.00000,1.25000,29993,0,0.000000,FLUSH
45,0.00000,1.25000,29993,0,0.000000,FLUSH
HOME
VALVE_SET,0
PAUSE,2
46,0.00000,1.25000,29993,0,0.000000,FLUSH
47,0.00000,1.25000,29993,0,0.000000,FLUSH
#OUTLET SEAWATER FLUSH, 3 mL, [2], [20/22]
PUMPC,SAM,3000,1,2,20/22
Setting PWM frequency to 5333.333496
ARRVal = 375
48,0.00000,-1.04167,29492,1,0.000000,FLUSH
49,0.00000,-4.06250,27939,1,0.000000,FLUSH
50,0.00000,-5.28646,26385,1,0.000000,FLUSH
51,0.00000,-6.11979,24832,1,0.000000,FLUSH
52,0.00000,-6.77083,23279,1,0.000000,FLUSH
53,0.00000,-7.26562,21726,1,0.000000,FLUSH
54,0.00000,-7.68229,20173,1,0.000000,FLUSH
55,0.00000,-8.04688,18620,1,0.000000,FLUSH
56,0.00000,-6.22396,17999,1,0.000000,FLUSH
57,0.00000,-0.44271,17999,1,0.000000,FLUSH
Setting PWM frequency to 5333.333496
ARRVal = 375
58,0.00000,1.64062,18431,1,0.000000,FLUSH
59,0.00000,1.97917,19986,1,0.000000,FLUSH
60,0.00000,2.05729,21539,1,0.000000,FLUSH
61,0.00000,2.08333,23092,1,0.000000,FLUSH
62,0.00000,2.10938,24646,1,0.000000,FLUSH
63,0.00000,2.16146,26199,1,0.000000,FLUSH
64,0.00000,2.16146,27752,1,0.000000,FLUSH
65,0.00000,2.18750,29305,1,0.000000,FLUSH
66,0.00000,0.46875,30020,0,0.000000,FLUSH
#INLET SEAWATER FLUSH, 6 mL, [2], [2]
PUMPC,SAM,3000,2,2,2
Setting PWM frequency to 5333.333496
ARRVal = 375
67,0.00000,-1.84896,29261,1,0.000000,FLUSH
68,0.00000,-3.93229,27707,1,0.000000,FLUSH
69,0.00000,-4.86979,26154,1,0.000000,FLUSH
70,0.00000,-5.46875,24601,1,0.000000,FLUSH
71,0.00000,-5.93750,23047,1,0.000000,FLUSH
72,0.00000,-6.32813,21494,1,0.000000,FLUSH
73,0.00000,-6.69271,19941,1,0.000000,FLUSH
74,0.00000,-6.97917,18387,1,0.000000,FLUSH
75,0.00000,-3.07292,17999,1,0.000000,FLUSH
76,0.00000,1.06771,17999,1,0.000000,FLUSH
Setting PWM frequency to 5333.333496
ARRVal = 375
77,0.00000,7.63021,19355,1,0.000000,FLUSH
78,0.00000,9.60938,20908,1,0.000000,FLUSH
79,0.00000,9.79167,22461,1,0.000000,FLUSH
80,0.00000,9.89583,24014,1,0.000000,FLUSH
81,0.00000,9.94792,25567,1,0.000000,FLUSH
82,0.00000,9.97396,27121,1,0.000000,FLUSH
83,0.00000,10.05208,28675,1,0.000000,FLUSH
84,0.00000,7.91667,30002,0,0.000000,FLUSH
85,0.00000,1.32813,30002,0,0.000000,FLUSH
Setting PWM frequency to 5333.333496
ARRVal = 375
86,0.00000,-3.30729,29104,1,0.000000,FLUSH
87,0.00000,-6.40625,27548,1,0.000000,FLUSH
88,0.00000,-7.86458,25995,1,0.000000,FLUSH
89,0.00000,-8.80208,24441,1,0.000000,FLUSH
90,0.00000,-9.50521,22888,1,0.000000,FLUSH
91,0.00000,-10.00000,21335,1,0.000000,FLUSH
92,0.00000,-10.44271,19782,1,0.000000,FLUSH
93,0.00000,-10.78125,18229,1,0.000000,FLUSH
94,0.00000,-10.13021,18000,1,0.000000,FLUSH
95,0.00000,-8.35938,18000,1,0.000000,FLUSH
96,0.00000,-5.31250,18000,1,0.000000,FLUSH
97,0.00000,-0.93750,18000,1,0.000000,FLUSH
Setting PWM frequency to 5333.333496
ARRVal = 375
98,0.00000,4.27083,18425,1,0.000000,FLUSH
99,0.00000,11.40625,19978,1,0.000000,FLUSH
100,0.00000,11.69271,21531,1,0.000000,FLUSH
101,0.00000,11.66667,23084,1,0.000000,FLUSH
102,0.00000,11.69271,24637,1,0.000000,FLUSH
103,0.00000,12.05729,26190,1,0.000000,FLUSH
104,0.00000,12.21354,27743,1,0.000000,FLUSH
105,0.00000,12.23958,29297,1,0.000000,FLUSH
106,0.00000,3.07292,30000,0,0.000000,FLUSH
107,0.00000,1.30208,30000,0,0.000000,FLUSH
PROTOCOL,FLUSH,STOP,0
PAUSE,2
108,0.00000,1.22396,30000,0,0.000000,NA
109,0.00000,1.22396,30000,0,0.000000,NA
VALVE_SET,0
Parsing script: f5_sam.txt
#eDNA Sampler Filter 5 Capture, 125 mL, V3, FP-0003-02
SPEED,DEFAULT
VALVE_SET,2
PAUSE,2
110,0.00000,1.22396,30000,0,0.000000,NA
111,0.00000,1.22396,30000,0,0.000000,NA
HOME
VALVE_SET,0
PAUSE,2
112,0.00000,1.22396,30000,0,0.000000,NA
113,0.00000,1.22396,30000,0,0.000000,NA
PROTOCOL,SAMPLE,START,5
SPEED,10000
#FILTER 5 CAPTURE, 5 TIMES, [2],[11,19,22]
PUMPC,SAM,3000,5,2,11/19/22
Setting PWM frequency to 5333.333496
ARRVal = 375
114,0.00000,-3.33333,28872,1,0.000000,SAMPLE
115,0.00000,-5.72917,27319,1,0.000000,SAMPLE
116,0.00000,-6.92708,25766,1,0.000000,SAMPLE
117,0.00000,-7.78646,24204,1,0.000000,SAMPLE
118,0.00000,-8.41146,22649,1,0.000000,SAMPLE
119,0.00000,-8.93229,21096,1,0.000000,SAMPLE
120,0.00000,-9.34896,19543,1,0.000000,SAMPLE
121,0.00000,-9.71354,18000,1,0.000000,SAMPLE
122,0.00000,-7.68229,18000,1,0.000000,SAMPLE
123,0.00000,-3.41146,18000,1,0.000000,SAMPLE
124,0.00000,0.65104,18000,1,0.000000,SAMPLE
Setting PWM frequency to 5333.333496
ARRVal = 375
125,0.00000,8.22917,19196,1,0.000000,SAMPLE
126,0.00000,14.84375,20749,1,0.000000,SAMPLE
127,0.00000,15.41667,22311,1,0.000000,SAMPLE
128,0.00000,15.75521,23865,1,0.000000,SAMPLE
129,0.00000,15.83333,25419,1,0.000000,SAMPLE
130,0.00000,15.93750,26972,1,0.000000,SAMPLE
131,0.00000,16.06771,28525,1,0.000000,SAMPLE
132,0.00000,16.17188,30010,0,0.000000,SAMPLE
133,0.00000,5.49479,30010,0,0.000000,SAMPLE
134,0.00000,3.09896,30010,0,0.000000,SAMPLE
135,0.00000,2.36979,30010,0,0.000000,SAMPLE
136,0.00000,2.05729,30010,0,0.000000,SAMPLE
137,0.00000,1.95312,30010,0,0.000000,SAMPLE
Setting PWM frequency to 5333.333496
ARRVal = 375
138,0.00000,-3.30729,28802,1,0.000000,SAMPLE
139,0.00000,-5.41667,27248,1,0.000000,SAMPLE
140,0.00000,-6.53646,25695,1,0.000000,SAMPLE
141,0.00000,-7.36979,24141,1,0.000000,SAMPLE
142,0.00000,-7.99479,22588,1,0.000000,SAMPLE
143,0.00000,-8.48958,21035,1,0.000000,SAMPLE
144,0.00000,-8.93229,19481,1,0.000000,SAMPLE
145,0.00000,-9.32292,17996,1,0.000000,SAMPLE
146,0.00000,-6.32813,17996,1,0.000000,SAMPLE
147,0.00000,-0.67708,17996,1,0.000000,SAMPLE
Setting PWM frequency to 5333.333496
ARRVal = 375
148,0.00000,3.82812,18431,1,0.000000,SAMPLE
149,0.00000,15.78125,19984,1,0.000000,SAMPLE
150,0.00000,17.10938,21537,1,0.000000,SAMPLE
151,0.00000,17.10938,23090,1,0.000000,SAMPLE
152,0.00000,17.18750,24644,1,0.000000,SAMPLE
153,0.00000,17.29167,26197,1,0.000000,SAMPLE
154,0.00000,17.39584,27751,1,0.000000,SAMPLE
155,0.00000,17.47396,29304,1,0.000000,SAMPLE
156,0.00000,9.34896,29990,0,0.000000,SAMPLE
157,0.00000,5.59896,29990,0,0.000000,SAMPLE
158,0.00000,4.11458,29990,0,0.000000,SAMPLE
159,0.00000,3.17708,29990,0,0.000000,SAMPLE
160,0.00000,2.52604,29990,0,0.000000,SAMPLE
161,0.00000,2.08333,29990,0,0.000000,SAMPLE
162,0.00000,1.77083,29990,0,0.000000,SAMPLE
Setting PWM frequency to 5333.333496
ARRVal = 375
163,0.00000,-3.48958,28795,1,0.000000,SAMPLE
164,0.00000,-5.49479,27242,1,0.000000,SAMPLE
165,0.00000,-6.61458,25689,1,0.000000,SAMPLE
166,0.00000,-7.42188,24136,1,0.000000,SAMPLE
167,0.00000,-8.04688,22580,1,0.000000,SAMPLE
168,0.00000,-8.56771,21027,1,0.000000,SAMPLE
169,0.00000,-8.98438,19473,1,0.000000,SAMPLE
170,0.00000,-9.37500,17988,1,0.000000,SAMPLE
171,0.00000,-5.65104,17988,1,0.000000,SAMPLE
172,0.00000,0.49479,17988,1,0.000000,SAMPLE
Setting PWM frequency to 5333.333496
ARRVal = 375
173,0.00000,6.01562,18732,1,0.000000,SAMPLE
174,0.00000,16.77084,20287,1,0.000000,SAMPLE
175,0.00000,17.60417,21840,1,0.000000,SAMPLE
176,0.00000,17.68229,23394,1,0.000000,SAMPLE
177,0.00000,17.76042,24950,1,0.000000,SAMPLE
178,0.00000,17.83854,26503,1,0.000000,SAMPLE
179,0.00000,17.86459,28056,1,0.000000,SAMPLE
180,0.00000,17.94271,29609,1,0.000000,SAMPLE
181,0.00000,8.35938,30001,0,0.000000,SAMPLE
182,0.00000,5.26042,30001,0,0.000000,SAMPLE
183,0.00000,3.59375,30001,0,0.000000,SAMPLE
184,0.00000,2.57813,30001,0,0.000000,SAMPLE
185,0.00000,2.13542,30001,0,0.000000,SAMPLE
186,0.00000,1.87500,30001,0,0.000000,SAMPLE
Setting PWM frequency to 5333.333496
ARRVal = 375
187,0.00000,-3.15104,28945,1,0.000000,SAMPLE
188,0.00000,-5.36458,27392,1,0.000000,SAMPLE
189,0.00000,-6.48438,25839,1,0.000000,SAMPLE
190,0.00000,-7.29167,24286,1,0.000000,SAMPLE
191,0.00000,-7.91667,22732,1,0.000000,SAMPLE
192,0.00000,-8.41146,21179,1,0.000000,SAMPLE
193,0.00000,-8.85417,19625,1,0.000000,SAMPLE
194,0.00000,-9.24479,18072,1,0.000000,SAMPLE
195,0.00000,-5.70313,18000,1,0.000000,SAMPLE
196,0.00000,0.52083,18000,1,0.000000,SAMPLE
Setting PWM frequency to 5333.333496
ARRVal = 375
197,0.00000,6.45833,18734,1,0.000000,SAMPLE
198,0.00000,17.16146,20287,1,0.000000,SAMPLE
199,0.00000,17.99479,21841,1,0.000000,SAMPLE
200,0.00000,18.04688,23394,1,0.000000,SAMPLE
201,0.00000,18.09896,24947,1,0.000000,SAMPLE
202,0.00000,18.20313,26500,1,0.000000,SAMPLE
203,0.00000,18.25521,28054,1,0.000000,SAMPLE
204,0.00000,18.30729,29607,1,0.000000,SAMPLE
205,0.00000,8.51563,30000,0,0.000000,SAMPLE
206,0.00000,5.28646,30000,0,0.000000,SAMPLE
207,0.00000,3.46354,30000,0,0.000000,SAMPLE
208,0.00000,2.55208,30000,0,0.000000,SAMPLE
209,0.00000,2.13542,30000,0,0.000000,SAMPLE
210,0.00000,1.95312,30000,0,0.000000,SAMPLE
Setting PWM frequency to 5333.333496
ARRVal = 375
211,0.00000,-2.31771,29256,1,0.000000,SAMPLE
212,0.00000,-5.05208,27703,1,0.000000,SAMPLE
213,0.00000,-6.30208,26150,1,0.000000,SAMPLE
214,0.00000,-7.16146,24597,1,0.000000,SAMPLE
215,0.00000,-7.78646,23045,1,0.000000,SAMPLE
216,0.00000,-8.33333,21491,1,0.000000,SAMPLE
217,0.00000,-8.80208,19935,1,0.000000,SAMPLE
218,0.00000,-9.21875,18382,1,0.000000,SAMPLE
219,0.00000,-6.90104,18000,1,0.000000,SAMPLE
220,0.00000,-0.31250,18000,1,0.000000,SAMPLE
Setting PWM frequency to 5333.333496
ARRVal = 375
221,0.00000,3.64583,18424,1,0.000000,SAMPLE
222,0.00000,16.66667,19977,1,0.000000,SAMPLE
223,0.00000,18.28125,21530,1,0.000000,SAMPLE
224,0.00000,18.33334,23083,1,0.000000,SAMPLE
225,0.00000,18.43750,24636,1,0.000000,SAMPLE
226,0.00000,18.51562,26189,1,0.000000,SAMPLE
227,0.00000,18.51562,27745,1,0.000000,SAMPLE
228,0.00000,18.59375,29298,1,0.000000,SAMPLE
229,0.00000,10.00000,29999,0,0.000000,SAMPLE
230,0.00000,5.80729,29999,0,0.000000,SAMPLE
231,0.00000,3.80208,29999,0,0.000000,SAMPLE
232,0.00000,2.70833,29999,0,0.000000,SAMPLE
233,0.00000,2.18750,29999,0,0.000000,SAMPLE
234,0.00000,1.92708,29999,0,0.000000,SAMPLE
SPEED,DEFAULT
#FILTER 5 CAPTURE, 36 TIMES, [2],[11,19,22]
PUMPC,SAM,3000,36,2,11/19/22
Setting PWM frequency to 10666.666992
ARRVal = 187
235,0.00000,-5.52083,28547,1,0.000000,SAMPLE
236,0.00000,-9.92188,25441,1,0.000000,SAMPLE
237,0.00000,-11.35417,22318,1,0.000000,SAMPLE
238,0.00000,-12.08333,19212,1,0.000000,SAMPLE
239,0.00000,-12.16146,17993,1,0.000000,SAMPLE
240,0.00000,-10.75521,17993,1,0.000000,SAMPLE
241,0.00000,-7.55208,17993,1,0.000000,SAMPLE
242,0.00000,-0.18229,17993,1,0.000000,SAMPLE
Setting PWM frequency to 10666.666992
ARRVal = 187
243,0.00000,6.71875,18844,1,0.000000,SAMPLE
Pressure Threshold Reached
244,0.00000,21.53646,21394,1,0.000000,SAMPLE
245,0.00000,6.04167,21394,1,0.000000,SAMPLE
246,0.00000,3.93229,21394,1,0.000000,SAMPLE
247,0.00000,3.38542,21394,1,0.000000,SAMPLE
248,0.00000,3.15104,21394,1,0.000000,SAMPLE
249,0.00000,2.96875,21394,1,0.000000,SAMPLE
250,0.00000,2.86458,21394,1,0.000000,SAMPLE
251,0.00000,2.81250,21394,1,0.000000,SAMPLE
252,0.00000,2.76042,21394,1,0.000000,SAMPLE
253,0.00000,2.73438,21394,1,0.000000,SAMPLE
254,0.00000,2.73438,21394,1,0.000000,SAMPLE
255,0.00000,2.73438,21394,1,0.000000,SAMPLE
256,0.00000,2.73438,21394,1,0.000000,SAMPLE
257,0.00000,2.73438,21394,1,0.000000,SAMPLE
258,0.00000,2.73438,21394,1,0.000000,SAMPLE
259,0.00000,2.73438,21394,1,0.000000,SAMPLE
260,0.00000,2.73438,21394,1,0.000000,SAMPLE
261,0.00000,2.70833,21394,1,0.000000,SAMPLE
262,0.00000,2.70833,21394,1,0.000000,SAMPLE
263,0.00000,2.70833,21394,1,0.000000,SAMPLE
WARN: Stable pressure timeout occurred
Setting PWM frequency to 8533.333008
ARRVal = 234
Reduced pump speed to 16000
264,0.00000,5.05208,21817,1,0.000000,SAMPLE
265,0.00000,25.33854,24302,1,0.000000,SAMPLE
266,0.00000,26.17188,26787,1,0.000000,SAMPLE
267,0.00000,26.22396,29284,1,0.000000,SAMPLE
268,0.00000,9.53125,30021,0,0.000000,SAMPLE
269,0.00000,4.97396,30021,0,0.000000,SAMPLE
270,0.00000,3.09896,30021,0,0.000000,SAMPLE
271,0.00000,2.42188,30021,0,0.000000,SAMPLE
272,0.00000,2.10938,30021,0,0.000000,SAMPLE
273,0.00000,1.97917,30021,0,0.000000,SAMPLE
Setting PWM frequency to 8533.333008
ARRVal = 234
274,0.00000,-4.63542,28823,1,0.000000,SAMPLE
275,0.00000,-8.43750,26336,1,0.000000,SAMPLE
276,0.00000,-10.02604,23850,1,0.000000,SAMPLE
277,0.00000,-11.01562,21361,1,0.000000,SAMPLE
278,0.00000,-11.64063,18876,1,0.000000,SAMPLE
279,0.00000,-11.01562,17997,1,0.000000,SAMPLE
280,0.00000,-6.69271,17997,1,0.000000,SAMPLE
281,0.00000,0.98958,17997,1,0.000000,SAMPLE
Setting PWM frequency to 8533.333008
ARRVal = 234
282,0.00000,15.10417,19421,1,0.000000,SAMPLE
283,0.00000,25.72917,21906,1,0.000000,SAMPLE
284,0.00000,26.06771,24391,1,0.000000,SAMPLE
285,0.00000,26.14584,26876,1,0.000000,SAMPLE
286,0.00000,26.22396,29363,1,0.000000,SAMPLE
287,0.00000,8.85417,30022,0,0.000000,SAMPLE
288,0.00000,4.06250,30022,0,0.000000,SAMPLE
289,0.00000,2.96875,30022,0,0.000000,SAMPLE
290,0.00000,2.55208,30022,0,0.000000,SAMPLE
291,0.00000,2.29167,30022,0,0.000000,SAMPLE
292,0.00000,2.16146,30022,0,0.000000,SAMPLE
293,0.00000,2.05729,30022,0,0.000000,SAMPLE
294,0.00000,1.97917,30022,0,0.000000,SAMPLE
Setting PWM frequency to 8533.333008
ARRVal = 234
295,0.00000,-5.44271,28570,1,0.000000,SAMPLE
296,0.00000,-8.82813,26085,1,0.000000,SAMPLE
297,0.00000,-10.31250,23593,1,0.000000,SAMPLE
298,0.00000,-11.25000,21106,1,0.000000,SAMPLE
299,0.00000,-11.82292,18621,1,0.000000,SAMPLE
300,0.00000,-11.06771,17996,1,0.000000,SAMPLE
301,0.00000,-7.18750,17996,1,0.000000,SAMPLE
302,0.00000,0.88542,17996,1,0.000000,SAMPLE
Setting PWM frequency to 8533.333008
ARRVal = 234
303,0.00000,11.66667,19169,1,0.000000,SAMPLE
304,0.00000,25.75521,21654,1,0.000000,SAMPLE
305,0.00000,26.14584,24139,1,0.000000,SAMPLE
306,0.00000,26.19792,26624,1,0.000000,SAMPLE
307,0.00000,26.17188,29113,1,0.000000,SAMPLE
308,0.00000,9.55729,30010,0,0.000000,SAMPLE
309,0.00000,4.29688,30010,0,0.000000,SAMPLE
310,0.00000,2.78646,30010,0,0.000000,SAMPLE
311,0.00000,2.21354,30010,0,0.000000,SAMPLE
312,0.00938,1.97917,30010,0,0.000000,SAMPLE
Setting PWM frequency to 8533.333008
ARRVal = 234
313,0.00000,-3.90625,29070,1,0.000000,SAMPLE
314,0.00000,-8.46354,26585,1,0.000000,SAMPLE
315,0.00000,-10.15625,24100,1,0.000000,SAMPLE
316,0.00000,-11.14583,21615,1,0.000000,SAMPLE
317,0.00000,-11.82292,19125,1,0.000000,SAMPLE
318,0.00000,-11.53646,17997,1,0.000000,SAMPLE
319,0.00000,-8.54167,17997,1,0.000000,SAMPLE
320,0.00000,0.02604,17997,1,0.000000,SAMPLE
Setting PWM frequency to 8533.333008
ARRVal = 234
321,0.00000,5.65104,18680,1,0.000000,SAMPLE
322,0.00000,25.15625,21165,1,0.000000,SAMPLE
323,0.00000,25.96354,23650,1,0.000000,SAMPLE
324,0.00000,26.01563,26135,1,0.000000,SAMPLE
325,0.00000,26.11979,28621,1,0.000000,SAMPLE
326,0.00000,11.79688,30003,0,0.000000,SAMPLE
327,0.00000,4.71354,30003,0,0.000000,SAMPLE
328,0.00000,2.99479,30003,0,0.000000,SAMPLE
329,0.00000,2.31771,30003,0,0.000000,SAMPLE
330,0.00000,1.92708,30003,0,0.000000,SAMPLE
Setting PWM frequency to 8533.333008
ARRVal = 234
331,0.00000,-2.86458,29313,1,0.000000,SAMPLE
332,0.00000,-8.28125,26828,1,0.000000,SAMPLE
333,0.00000,-10.10417,24343,1,0.000000,SAMPLE
334,0.00000,-11.11979,21858,1,0.000000,SAMPLE
335,0.00000,-11.79688,19373,1,0.000000,SAMPLE
336,0.00000,-11.79688,17996,1,0.000000,SAMPLE
337,0.00000,-9.32292,17996,1,0.000000,SAMPLE
338,0.00000,-1.43229,17996,1,0.000000,SAMPLE
Setting PWM frequency to 8533.333008
ARRVal = 234
339,0.00000,1.06771,18184,1,0.000000,SAMPLE
340,0.00000,24.08854,20669,1,0.000000,SAMPLE
341,0.00000,25.93750,23154,1,0.000000,SAMPLE
342,0.00000,26.01563,25642,1,0.000000,SAMPLE
343,0.00000,26.09375,28127,1,0.000000,SAMPLE
344,0.00000,16.32813,30000,0,0.000000,SAMPLE
345,0.00000,5.31250,30000,0,0.000000,SAMPLE
346,0.00000,2.83854,30000,0,0.000000,SAMPLE
347,0.00000,2.03125,30000,0,0.000000,SAMPLE
348,0.00000,1.64062,30000,0,0.000000,SAMPLE
Setting PWM frequency to 8533.333008
ARRVal = 234
349,0.00000,-7.39583,27585,1,0.000000,SAMPLE
350,0.00000,-9.68750,25100,1,0.000000,SAMPLE
351,0.00000,-10.88542,22616,1,0.000000,SAMPLE
352,0.00000,-11.61458,20131,1,0.000000,SAMPLE
353,0.00000,-12.08333,17996,1,0.000000,SAMPLE
354,0.00000,-10.46875,17996,1,0.000000,SAMPLE
355,0.00000,-5.00000,17996,1,0.000000,SAMPLE
356,0.00000,1.01562,17996,1,0.000000,SAMPLE
Setting PWM frequency to 8533.333008
ARRVal = 234
357,0.00000,19.53125,19916,1,0.000000,SAMPLE
358,0.00000,25.62500,22401,1,0.000000,SAMPLE
359,0.00000,25.83334,24886,1,0.000000,SAMPLE
360,0.00000,25.91146,27371,1,0.000000,SAMPLE
361,0.00000,25.98958,29856,1,0.000000,SAMPLE
362,0.00000,6.32813,30008,0,0.000000,SAMPLE
363,0.00000,3.30729,30008,0,0.000000,SAMPLE
364,0.00000,2.21354,30008,0,0.000000,SAMPLE
365,0.00000,1.66667,30008,0,0.000000,SAMPLE
Setting PWM frequency to 8533.333008
ARRVal = 234
366,0.00000,-6.19792,28334,1,0.000000,SAMPLE
367,0.00000,-9.27083,25843,1,0.000000,SAMPLE
368,0.00000,-10.70312,23358,1,0.000000,SAMPLE
369,0.00000,-11.53646,20873,1,0.000000,SAMPLE
370,0.00000,-12.10938,18388,1,0.000000,SAMPLE
371,0.00000,-11.22396,17997,1,0.000000,SAMPLE
372,0.00000,-7.50000,17997,1,0.000000,SAMPLE
373,0.00000,0.72917,17997,1,0.000000,SAMPLE
Setting PWM frequency to 8533.333008
ARRVal = 234
374,0.00000,10.52083,19180,1,0.000000,SAMPLE
375,0.00000,25.26042,21665,1,0.000000,SAMPLE
376,0.00000,25.78125,24152,1,0.000000,SAMPLE
377,0.00000,25.85938,26641,1,0.000000,SAMPLE
378,0.00000,25.91146,29126,1,0.000000,SAMPLE
379,0.00000,8.46354,29990,0,0.000000,SAMPLE
380,0.00000,3.59375,29990,0,0.000000,SAMPLE
381,0.00000,2.26563,29990,0,0.000000,SAMPLE
382,0.00000,1.64062,29990,0,0.000000,SAMPLE
Setting PWM frequency to 8533.333008
ARRVal = 234
383,0.00000,-6.19792,28328,1,0.000000,SAMPLE
384,0.00000,-9.27083,25843,1,0.000000,SAMPLE
385,0.00000,-10.70312,23358,1,0.000000,SAMPLE
386,0.00000,-11.53646,20873,1,0.000000,SAMPLE
387,0.00000,-12.10938,18382,1,0.000000,SAMPLE
388,0.00000,-11.19792,17996,1,0.000000,SAMPLE
389,0.00000,-7.60417,17996,1,0.000000,SAMPLE
390,0.00000,0.62500,17996,1,0.000000,SAMPLE
Setting PWM frequency to 8533.333008
ARRVal = 234
391,0.00000,7.81250,18926,1,0.000000,SAMPLE
392,0.00000,25.00000,21411,1,0.000000,SAMPLE
393,0.00000,25.70313,23897,1,0.000000,SAMPLE
394,0.00000,25.80729,26382,1,0.000000,SAMPLE
395,0.00000,25.85938,28867,1,0.000000,SAMPLE
396,0.00000,9.53125,30002,0,0.000000,SAMPLE
397,0.00000,3.77604,30002,0,0.000000,SAMPLE
398,0.00000,2.16146,30002,0,0.000000,SAMPLE
399,0.00000,1.53646,30002,0,0.000000,SAMPLE
Setting PWM frequency to 8533.333008
ARRVal = 234
400,0.00000,-7.08333,27832,1,0.000000,SAMPLE
401,0.00000,-9.58333,25347,1,0.000000,SAMPLE
402,0.00000,-10.85938,22862,1,0.000000,SAMPLE
403,0.00000,-11.64063,20377,1,0.000000,SAMPLE
404,0.00000,-12.16146,17996,1,0.000000,SAMPLE
405,0.00000,-10.72917,17996,1,0.000000,SAMPLE
406,0.00000,-6.06771,17996,1,0.000000,SAMPLE
407,0.00000,1.01562,17996,1,0.000000,SAMPLE
Setting PWM frequency to 8533.333008
ARRVal = 234
408,0.00000,13.82812,19418,1,0.000000,SAMPLE
409,0.00000,25.26042,21905,1,0.000000,SAMPLE
410,0.00000,25.67709,24390,1,0.000000,SAMPLE
411,0.00000,25.75521,26875,1,0.000000,SAMPLE
412,0.00000,25.83334,29360,1,0.000000,SAMPLE
413,0.00000,7.36979,30000,0,0.000000,SAMPLE
414,0.00000,3.33333,30000,0,0.000000,SAMPLE
415,0.00000,1.97917,30000,0,0.000000,SAMPLE
Setting PWM frequency to 8533.333008
ARRVal = 234
416,0.00000,1.40625,29807,1,0.000000,SAMPLE
417,0.00000,-7.76042,27318,1,0.000000,SAMPLE
418,0.00000,-9.86979,24833,1,0.000000,SAMPLE
419,0.00000,-11.01562,22348,1,0.000000,SAMPLE
420,0.00000,-11.74479,19860,1,0.000000,SAMPLE
421,0.00000,-12.08333,17996,1,0.000000,SAMPLE
422,0.00000,-10.28646,17996,1,0.000000,SAMPLE
423,0.00000,-4.71354,17996,1,0.000000,SAMPLE
424,0.00000,1.06771,17996,1,0.000000,SAMPLE
Setting PWM frequency to 8533.333008
ARRVal = 234
425,0.00000,19.19271,19912,1,0.000000,SAMPLE
426,0.00000,25.46875,22397,1,0.000000,SAMPLE
427,0.00000,25.67709,24886,1,0.000000,SAMPLE
428,0.00000,25.75521,27371,1,0.000000,SAMPLE
429,0.00000,25.78125,29856,1,0.000000,SAMPLE
430,0.00000,5.93750,30008,0,0.000000,SAMPLE
431,0.00000,2.73438,30008,0,0.000000,SAMPLE
432,0.00000,1.56250,30008,0,0.000000,SAMPLE
Setting PWM frequency to 8533.333008
ARRVal = 234
433,0.00000,-5.52083,28581,1,0.000000,SAMPLE
434,0.00000,-8.98438,26096,1,0.000000,SAMPLE
435,0.00000,-10.46875,23611,1,0.000000,SAMPLE
436,0.00000,-11.38021,21126,1,0.000000,SAMPLE
437,0.00000,-11.97917,18636,1,0.000000,SAMPLE
438,0.00000,-11.32813,17997,1,0.000000,SAMPLE
439,0.00000,-8.17708,17997,1,0.000000,SAMPLE
440,0.00000,0.15625,17997,1,0.000000,SAMPLE
Setting PWM frequency to 8533.333008
ARRVal = 234
441,0.00000,4.97396,18685,1,0.000000,SAMPLE
442,0.00000,24.29688,21172,1,0.000000,SAMPLE
443,0.00000,25.31250,23657,1,0.000000,SAMPLE
444,0.00000,25.41667,26143,1,0.000000,SAMPLE
445,0.00000,25.49479,28628,1,0.000000,SAMPLE
446,0.00000,10.39063,29992,0,0.000000,SAMPLE
447,0.00000,3.80208,29992,0,0.000000,SAMPLE
448,0.00000,2.18750,29992,0,0.000000,SAMPLE
449,0.00000,1.48438,29992,0,0.000000,SAMPLE
Setting PWM frequency to 8533.333008
ARRVal = 234
450,0.00000,-6.97917,27832,1,0.000000,SAMPLE
451,0.00000,-9.50521,25347,1,0.000000,SAMPLE
452,0.00000,-10.75521,22862,1,0.000000,SAMPLE
453,0.00000,-11.56250,20377,1,0.000000,SAMPLE
454,0.00000,-12.10938,17995,1,0.000000,SAMPLE
455,0.00000,-10.67708,17995,1,0.000000,SAMPLE
456,0.00000,-6.25000,17995,1,0.000000,SAMPLE
457,0.00000,0.96354,17995,1,0.000000,SAMPLE
Setting PWM frequency to 8533.333008
ARRVal = 234
458,0.00000,14.01042,19418,1,0.000000,SAMPLE
459,0.00000,24.97396,21903,1,0.000000,SAMPLE
460,0.00000,25.39062,24388,1,0.000000,SAMPLE
461,0.00000,25.46875,26873,1,0.000000,SAMPLE
462,0.00000,25.59896,29358,1,0.000000,SAMPLE
463,0.00000,6.97917,30000,0,0.000000,SAMPLE
464,0.00000,3.09896,30000,0,0.000000,SAMPLE
465,0.00000,1.90104,30000,0,0.000000,SAMPLE
Setting PWM frequency to 8533.333008
ARRVal = 234
466,0.00000,-1.25000,29560,1,0.000000,SAMPLE
467,0.00000,-7.94271,27071,1,0.000000,SAMPLE
468,0.00000,-9.92188,24586,1,0.000000,SAMPLE
469,0.00000,-11.01562,22100,1,0.000000,SAMPLE
470,0.00000,-11.71875,19615,1,0.000000,SAMPLE
471,0.00000,-11.84896,17996,1,0.000000,SAMPLE
472,0.00000,-9.73958,17996,1,0.000000,SAMPLE
473,0.00000,-3.28125,17996,1,0.000000,SAMPLE
474,0.00000,1.09375,17996,1,0.000000,SAMPLE
Setting PWM frequency to 8533.333008
ARRVal = 234
475,0.00000,21.01563,20158,1,0.000000,SAMPLE
476,0.00000,25.13021,22645,1,0.000000,SAMPLE
477,0.00000,25.36459,25135,1,0.000000,SAMPLE
478,0.00000,25.46875,27620,1,0.000000,SAMPLE
479,0.00000,25.54688,30016,0,0.000000,SAMPLE
480,0.00000,5.02604,30016,0,0.000000,SAMPLE
481,0.00000,2.44792,30016,0,0.000000,SAMPLE
482,0.00000,1.53646,30016,0,0.000000,SAMPLE
Setting PWM frequency to 8533.333008
ARRVal = 234
483,0.00000,-5.98958,28326,1,0.000000,SAMPLE
484,0.00000,-9.08854,25841,1,0.000000,SAMPLE
485,0.00000,-10.52083,23356,1,0.000000,SAMPLE
486,0.00000,-11.40625,20871,1,0.000000,SAMPLE
487,0.00000,-11.97917,18380,1,0.000000,SAMPLE
488,0.00000,-11.09375,17996,1,0.000000,SAMPLE
489,0.00000,-7.78646,17996,1,0.000000,SAMPLE
490,0.00000,0.28646,17996,1,0.000000,SAMPLE
Setting PWM frequency to 8533.333008
ARRVal = 234
491,0.00000,7.81250,18924,1,0.000000,SAMPLE
492,0.00000,24.66146,21410,1,0.000000,SAMPLE
493,0.00000,25.36459,23895,1,0.000000,SAMPLE
494,0.00000,25.46875,26380,1,0.000000,SAMPLE
495,0.00000,25.39062,28865,1,0.000000,SAMPLE
496,0.00000,8.59375,29982,0,0.000000,SAMPLE
497,0.00000,3.20312,29982,0,0.000000,SAMPLE
498,0.00000,1.79688,29982,0,0.000000,SAMPLE
Setting PWM frequency to 8533.333008
ARRVal = 234
499,0.00000,-2.81250,29315,1,0.000000,SAMPLE
500,0.00000,-8.20313,26830,1,0.000000,SAMPLE
501,0.00000,-10.05208,24345,1,0.000000,SAMPLE
502,0.00000,-11.06771,21860,1,0.000000,SAMPLE
503,0.00000,-11.71875,19375,1,0.000000,SAMPLE
504,0.00000,-11.71875,17996,1,0.000000,SAMPLE
505,0.00000,-9.42708,17996,1,0.000000,SAMPLE
506,0.00000,-2.55208,17996,1,0.000000,SAMPLE
507,0.00000,1.06771,17996,1,0.000000,SAMPLE
Setting PWM frequency to 8533.333008
ARRVal = 234
508,0.00000,22.26562,20407,1,0.000000,SAMPLE
509,0.00938,25.02604,22894,1,0.000000,SAMPLE
510,0.00000,25.15625,25379,1,0.000000,SAMPLE
511,0.00000,25.26042,27865,1,0.000000,SAMPLE
512,0.00938,20.46875,30003,0,0.000000,SAMPLE
513,0.00000,4.40104,30003,0,0.000000,SAMPLE
514,0.00000,2.16146,30003,0,0.000000,SAMPLE
515,0.00938,1.38021,30003,0,0.000000,SAMPLE
Setting PWM frequency to 8533.333008
ARRVal = 234
516,0.00000,-6.87500,27832,1,0.000000,SAMPLE
517,0.00000,-9.40104,25342,1,0.000000,SAMPLE
518,0.00000,-10.67708,22857,1,0.000000,SAMPLE
519,0.00000,-11.45833,20372,1,0.000000,SAMPLE
520,0.00000,-12.03125,17990,1,0.000000,SAMPLE
521,0.00000,-10.59896,17990,1,0.000000,SAMPLE
522,0.00000,-6.22396,17990,1,0.000000,SAMPLE
523,0.00000,0.78125,17990,1,0.000000,SAMPLE
Setting PWM frequency to 8533.333008
ARRVal = 234
524,0.00000,14.21875,19417,1,0.000000,SAMPLE
525,0.00000,24.76563,21902,1,0.000000,SAMPLE
526,0.00000,25.23438,24387,1,0.000000,SAMPLE
527,0.00000,25.36459,26876,1,0.000000,SAMPLE
528,0.00938,25.49479,29362,1,0.000000,SAMPLE
529,0.00000,6.53646,29999,0,0.000000,SAMPLE
530,0.00000,2.70833,29999,0,0.000000,SAMPLE
531,0.00000,1.58854,29999,0,0.000000,SAMPLE
Setting PWM frequency to 8533.333008
ARRVal = 234
532,0.00000,-5.41667,28573,1,0.000000,SAMPLE
533,0.00000,-8.82813,26087,1,0.000000,SAMPLE
534,0.00000,-10.33854,23602,1,0.000000,SAMPLE
535,0.00000,-11.22396,21117,1,0.000000,SAMPLE
536,0.00000,-11.84896,18633,1,0.000000,SAMPLE
537,0.00000,-11.19792,17996,1,0.000000,SAMPLE
538,0.00000,-8.02083,17996,1,0.000000,SAMPLE
539,0.00000,0.00000,17996,1,0.000000,SAMPLE
Setting PWM frequency to 8533.333008
ARRVal = 234
540,0.00000,5.02604,18677,1,0.000000,SAMPLE
541,0.00000,24.21875,21162,1,0.000000,SAMPLE
542,0.00000,25.26042,23647,1,0.000000,SAMPLE
543,0.00000,25.36459,26135,1,0.000000,SAMPLE
544,0.00000,25.46875,28620,1,0.000000,SAMPLE
545,0.00938,9.92188,30000,0,0.000000,SAMPLE
546,0.00000,3.28125,30000,0,0.000000,SAMPLE
547,0.00000,1.77083,30000,0,0.000000,SAMPLE
Setting PWM frequency to 8533.333008
ARRVal = 234
548,0.00000,-2.76042,29313,1,0.000000,SAMPLE
549,0.00000,-8.09896,26828,1,0.000000,SAMPLE
550,0.00938,-9.92188,24343,1,0.000000,SAMPLE
551,0.00000,-10.98958,21858,1,0.000000,SAMPLE
552,0.00000,-11.64063,19373,1,0.000000,SAMPLE
553,0.00000,-11.64063,17996,1,0.000000,SAMPLE
554,0.00000,-9.27083,17996,1,0.000000,SAMPLE
555,0.00000,-2.36979,17996,1,0.000000,SAMPLE
556,0.00000,1.06771,17996,1,0.000000,SAMPLE
Setting PWM frequency to 8533.333008
ARRVal = 234
557,0.00000,22.31771,20409,1,0.000000,SAMPLE
558,0.00000,25.18229,22894,1,0.000000,SAMPLE
559,0.00938,25.39062,25380,1,0.000000,SAMPLE
560,0.00000,25.54688,27865,1,0.000000,SAMPLE
561,0.00000,20.54688,30004,0,0.000000,SAMPLE
562,0.00000,4.11458,30004,0,0.000000,SAMPLE
563,0.00000,1.97917,30004,0,0.000000,SAMPLE
Setting PWM frequency to 8533.333008
ARRVal = 234
564,0.00000,1.27604,29803,1,0.000000,SAMPLE
565,0.00000,-7.47396,27316,1,0.000000,SAMPLE
566,0.00000,-9.58333,24831,1,0.000000,SAMPLE
567,0.00938,-10.75521,22342,1,0.000000,SAMPLE
568,0.00000,-11.45833,19856,1,0.000000,SAMPLE
569,0.00000,-11.84896,17997,1,0.000000,SAMPLE
570,0.00000,-9.86979,17997,1,0.000000,SAMPLE
571,0.00000,-3.90625,17997,1,0.000000,SAMPLE
572,0.00000,1.04167,17997,1,0.000000,SAMPLE
Setting PWM frequency to 8533.333008
ARRVal = 234
573,0.00000,21.22396,20171,1,0.000000,SAMPLE
574,0.00000,25.18229,22655,1,0.000000,SAMPLE
575,0.00000,25.44271,25140,1,0.000000,SAMPLE
576,0.00000,25.54688,27627,1,0.000000,SAMPLE
577,0.00000,25.67709,30017,0,0.000000,SAMPLE
578,0.00000,4.40104,30017,0,0.000000,SAMPLE
579,0.00000,1.97917,30017,0,0.000000,SAMPLE
Setting PWM frequency to 8533.333008
ARRVal = 234
580,0.00000,1.22396,29802,1,0.000000,SAMPLE
581,0.00000,-7.60417,27317,1,0.000000,SAMPLE
582,0.00000,-9.68750,24832,1,0.000000,SAMPLE
583,0.00938,-10.80729,22347,1,0.000000,SAMPLE
584,0.00000,-11.53646,19862,1,0.000000,SAMPLE
585,0.00000,-11.97917,17997,1,0.000000,SAMPLE
586,0.00000,-9.84375,17997,1,0.000000,SAMPLE
587,0.00000,-3.15104,17997,1,0.000000,SAMPLE
588,0.00000,1.06771,17997,1,0.000000,SAMPLE
Setting PWM frequency to 8533.333008
ARRVal = 234
589,0.00000,21.25000,20170,1,0.000000,SAMPLE
590,0.00000,25.26042,22654,1,0.000000,SAMPLE
591,0.00000,25.52083,25139,1,0.000000,SAMPLE
592,0.00000,25.65104,27624,1,0.000000,SAMPLE
593,0.00000,25.80729,29979,0,0.000000,SAMPLE
594,0.00000,4.24479,29979,0,0.000000,SAMPLE
595,0.00000,1.90104,29979,0,0.000000,SAMPLE
Setting PWM frequency to 8533.333008
ARRVal = 234
596,0.00000,-1.27604,29560,1,0.000000,SAMPLE
597,0.00000,-7.83854,27071,1,0.000000,SAMPLE
598,0.00000,-9.76563,24583,1,0.000000,SAMPLE
599,0.00000,-10.83333,22098,1,0.000000,SAMPLE
600,0.00000,-11.56250,19613,1,0.000000,SAMPLE
601,0.00000,-11.84896,17996,1,0.000000,SAMPLE
602,0.00000,-9.40104,17996,1,0.000000,SAMPLE
603,0.00000,-1.97917,17996,1,0.000000,SAMPLE
604,0.00000,1.06771,17996,1,0.000000,SAMPLE
Setting PWM frequency to 8533.333008
ARRVal = 234
605,0.00000,22.47396,20405,1,0.000000,SAMPLE
606,0.00000,25.46875,22890,1,0.000000,SAMPLE
607,0.00000,25.67709,25380,1,0.000000,SAMPLE
608,0.00000,25.78125,27865,1,0.000000,SAMPLE
609,0.00000,20.46875,30004,0,0.000000,SAMPLE
610,0.00000,3.75000,30004,0,0.000000,SAMPLE
611,0.00000,1.74479,30004,0,0.000000,SAMPLE
Setting PWM frequency to 8533.333008
ARRVal = 234
612,0.00000,-2.83854,29309,1,0.000000,SAMPLE
613,0.00000,-8.07292,26824,1,0.000000,SAMPLE
614,0.00000,-9.89583,24339,1,0.000000,SAMPLE
615,0.00000,-10.91146,21854,1,0.000000,SAMPLE
616,0.00000,-11.58854,19369,1,0.000000,SAMPLE
617,0.00000,-11.58854,17997,1,0.000000,SAMPLE
618,0.00000,-8.82813,17997,1,0.000000,SAMPLE
619,0.00000,-0.83333,17997,1,0.000000,SAMPLE
Setting PWM frequency to 8533.333008
ARRVal = 234
620,0.00000,2.83854,18443,1,0.000000,SAMPLE
621,0.00000,24.03646,20930,1,0.000000,SAMPLE
622,0.00000,25.39062,23415,1,0.000000,SAMPLE
623,0.00000,25.52083,25900,1,0.000000,SAMPLE
624,0.00000,25.62500,28385,1,0.000000,SAMPLE
625,0.00000,11.19792,29996,0,0.000000,SAMPLE
626,0.00000,2.94271,29996,0,0.000000,SAMPLE
627,0.00000,1.45833,29996,0,0.000000,SAMPLE
Setting PWM frequency to 8533.333008
ARRVal = 234
628,0.00000,-5.33854,28573,1,0.000000,SAMPLE
629,0.00000,-8.72396,26088,1,0.000000,SAMPLE
630,0.00938,-10.20833,23603,1,0.000000,SAMPLE
631,0.00000,-11.11979,21118,1,0.000000,SAMPLE
632,0.00000,-11.71875,18631,1,0.000000,SAMPLE
633,0.00000,-10.98958,17996,1,0.000000,SAMPLE
634,0.00000,-7.16146,17996,1,0.000000,SAMPLE
635,0.00000,0.70312,17996,1,0.000000,SAMPLE
Setting PWM frequency to 8533.333008
ARRVal = 234
636,0.00000,11.69271,19171,1,0.000000,SAMPLE
637,0.00000,24.86979,21661,1,0.000000,SAMPLE
638,0.00000,25.41667,24146,1,0.000000,SAMPLE
639,0.00000,25.28646,26630,1,0.000000,SAMPLE
640,0.00000,25.07813,29115,1,0.000000,SAMPLE
641,0.00000,6.35417,30000,0,0.000000,SAMPLE
642,0.00000,2.10938,30000,0,0.000000,SAMPLE
643,0.00000,1.17188,30000,0,0.000000,SAMPLE
Setting PWM frequency to 8533.333008
ARRVal = 234
644,0.00000,-7.10938,27585,1,0.000000,SAMPLE
645,0.00000,-9.37500,25100,1,0.000000,SAMPLE
646,0.00000,-10.59896,22616,1,0.000000,SAMPLE
647,0.00000,-11.35417,20126,1,0.000000,SAMPLE
648,0.00000,-11.84896,17996,1,0.000000,SAMPLE
649,0.00000,-9.84375,17996,1,0.000000,SAMPLE
650,0.00000,-3.46354,17996,1,0.000000,SAMPLE
651,0.00000,1.04167,17996,1,0.000000,SAMPLE
Setting PWM frequency to 8533.333008
ARRVal = 234
652,0.00000,20.75521,20159,1,0.000000,SAMPLE
653,0.00000,24.32292,22643,1,0.000000,SAMPLE
654,0.00938,24.60938,25131,1,0.000000,SAMPLE
655,0.00000,24.63542,27616,1,0.000000,SAMPLE
656,0.00000,24.60938,30019,0,0.000000,SAMPLE
657,0.00938,3.75000,30019,0,0.000000,SAMPLE
658,0.00000,1.56250,30019,0,0.000000,SAMPLE
Setting PWM frequency to 8533.333008
ARRVal = 234
659,0.00000,-3.80208,29063,1,0.000000,SAMPLE
660,0.00000,-8.20313,26578,1,0.000000,SAMPLE
661,0.00000,-9.89583,24094,1,0.000000,SAMPLE
662,0.00000,-10.91146,21609,1,0.000000,SAMPLE
663,0.00000,-11.53646,19123,1,0.000000,SAMPLE
664,0.00000,-11.25000,17997,1,0.000000,SAMPLE
665,0.00000,-7.99479,17997,1,0.000000,SAMPLE
666,0.00938,0.20833,17997,1,0.000000,SAMPLE
Setting PWM frequency to 8533.333008
ARRVal = 234
667,0.00000,5.15625,18678,1,0.000000,SAMPLE
668,0.00000,23.56771,21163,1,0.000000,SAMPLE
669,0.00938,24.40104,23649,1,0.000000,SAMPLE
670,0.00000,24.47917,26134,1,0.000000,SAMPLE
671,0.00000,24.50521,28619,1,0.000000,SAMPLE
672,0.00000,8.67188,29981,0,0.000000,SAMPLE
673,0.00000,2.44792,29981,0,0.000000,SAMPLE
674,0.00000,1.25000,29981,0,0.000000,SAMPLE
Setting PWM frequency to 8533.333008
ARRVal = 234
675,0.00000,-6.27604,28080,1,0.000000,SAMPLE
676,0.00000,-8.95833,25593,1,0.000000,SAMPLE
677,0.00000,-10.28646,23103,1,0.000000,SAMPLE
678,0.00938,-11.14583,20618,1,0.000000,SAMPLE
679,0.00000,-11.71875,18132,1,0.000000,SAMPLE
680,0.00000,-10.28646,17996,1,0.000000,SAMPLE
681,0.00000,-4.92188,17996,1,0.000000,SAMPLE
682,0.00000,0.98958,17996,1,0.000000,SAMPLE
Setting PWM frequency to 8533.333008
ARRVal = 234
683,0.00000,19.50521,19912,1,0.000000,SAMPLE
684,0.00000,24.11459,22397,1,0.000000,SAMPLE
685,0.00938,24.29688,24882,1,0.000000,SAMPLE
686,0.00000,24.34896,27367,1,0.000000,SAMPLE
687,0.00000,24.40104,29858,0,0.000000,SAMPLE
688,0.00000,4.14063,30000,0,0.000000,SAMPLE
689,0.00938,1.66667,30000,0,0.000000,SAMPLE
Setting PWM frequency to 8533.333008
ARRVal = 234
690,0.00000,-2.73438,29313,1,0.000000,SAMPLE
691,0.00000,-7.86458,26828,1,0.000000,SAMPLE
692,0.00000,-9.66146,24343,1,0.000000,SAMPLE
693,0.00000,-10.70312,21858,1,0.000000,SAMPLE
694,0.00000,-11.38021,19373,1,0.000000,SAMPLE
695,0.00000,-11.30208,17996,1,0.000000,SAMPLE
696,0.00000,-8.12500,17996,1,0.000000,SAMPLE
697,0.00000,0.07812,17996,1,0.000000,SAMPLE
Setting PWM frequency to 8533.333008
ARRVal = 234
698,0.00000,5.23438,18677,1,0.000000,SAMPLE
699,0.00000,23.41146,21164,1,0.000000,SAMPLE
700,0.00000,24.21875,23649,1,0.000000,SAMPLE
701,0.00000,24.34896,26135,1,0.000000,SAMPLE
702,0.00000,24.45313,28620,1,0.000000,SAMPLE
703,0.00938,8.64583,30000,0,0.000000,SAMPLE
704,0.00000,2.47396,30000,0,0.000000,SAMPLE
705,0.00000,1.27604,30000,0,0.000000,SAMPLE
Setting PWM frequency to 8533.333008
ARRVal = 234
706,0.00000,-6.19792,28080,1,0.000000,SAMPLE
707,0.00000,-8.88021,25590,1,0.000000,SAMPLE
708,0.00000,-10.20833,23105,1,0.000000,SAMPLE
709,0.00000,-11.01562,20620,1,0.000000,SAMPLE
710,0.00000,-11.64063,18132,1,0.000000,SAMPLE
711,0.00000,-10.05208,17996,1,0.000000,SAMPLE
712,0.00000,-4.11458,17996,1,0.000000,SAMPLE
713,0.00000,1.01562,17996,1,0.000000,SAMPLE
Setting PWM frequency to 8533.333008
ARRVal = 234
714,0.00000,19.58334,19912,1,0.000000,SAMPLE
715,0.00000,24.08854,22397,1,0.000000,SAMPLE
716,0.00000,24.32292,24882,1,0.000000,SAMPLE
717,0.00000,24.42708,27371,1,0.000000,SAMPLE
718,0.00000,24.50521,29856,1,0.000000,SAMPLE
719,0.00000,4.08854,30008,0,0.000000,SAMPLE
720,0.00000,1.61458,30008,0,0.000000,SAMPLE
Setting PWM frequency to 8533.333008
ARRVal = 234
721,0.00000,-2.65625,29321,1,0.000000,SAMPLE
722,0.00000,-7.76042,26836,1,0.000000,SAMPLE
723,0.00000,-9.55729,24351,1,0.000000,SAMPLE
724,0.00000,-10.59896,21866,1,0.000000,SAMPLE
725,0.00000,-11.30208,19381,1,0.000000,SAMPLE
726,0.00000,-11.14583,17997,1,0.000000,SAMPLE
727,0.00000,-7.65625,17997,1,0.000000,SAMPLE
728,0.00000,0.46875,17997,1,0.000000,SAMPLE
Setting PWM frequency to 8533.333008
ARRVal = 234
729,0.00938,8.61979,18932,1,0.000000,SAMPLE
730,0.00000,23.67188,21418,1,0.000000,SAMPLE
731,0.00000,24.34896,23903,1,0.000000,SAMPLE
732,0.00938,24.47917,26390,1,0.000000,SAMPLE
733,0.00000,24.55729,28875,1,0.000000,SAMPLE
734,0.00000,7.05729,29992,0,0.000000,SAMPLE
735,0.00000,2.13542,29992,0,0.000000,SAMPLE
736,0.00000,1.14583,29992,0,0.000000,SAMPLE
Setting PWM frequency to 8533.333008
ARRVal = 234
737,0.00000,-6.84896,27581,1,0.000000,SAMPLE
738,0.00000,-9.06250,25096,1,0.000000,SAMPLE
739,0.00000,-10.28646,22612,1,0.000000,SAMPLE
740,0.00000,-11.06771,20127,1,0.000000,SAMPLE
741,0.00000,-11.58854,17996,1,0.000000,SAMPLE
742,0.00000,-9.03646,17996,1,0.000000,SAMPLE
743,0.00938,-1.25000,17996,1,0.000000,SAMPLE
Setting PWM frequency to 8533.333008
ARRVal = 234
744,0.00000,1.01562,18184,1,0.000000,SAMPLE
745,0.00000,22.68229,20669,1,0.000000,SAMPLE
746,0.00000,24.32292,23155,1,0.000000,SAMPLE
747,0.00000,24.50521,25644,1,0.000000,SAMPLE
748,0.00000,24.58334,28129,1,0.000000,SAMPLE
749,0.00000,13.51563,30000,0,0.000000,SAMPLE
750,0.00000,2.76042,30000,0,0.000000,SAMPLE
751,0.00000,1.27604,30000,0,0.000000,SAMPLE
Setting PWM frequency to 8533.333008
ARRVal = 234
752,0.00000,-5.62500,28326,1,0.000000,SAMPLE
753,0.00000,-8.51563,25841,1,0.000000,SAMPLE
754,0.00000,-9.92188,23354,1,0.000000,SAMPLE
755,0.00000,-10.78125,20869,1,0.000000,SAMPLE
756,0.00938,-11.43229,18384,1,0.000000,SAMPLE
757,0.00000,-9.94792,17996,1,0.000000,SAMPLE
758,0.00000,-3.75000,17996,1,0.000000,SAMPLE
759,0.00000,0.98958,17996,1,0.000000,SAMPLE
Setting PWM frequency to 8533.333008
ARRVal = 234
760,0.00000,20.83333,20159,1,0.000000,SAMPLE
761,0.00000,24.27084,22643,1,0.000000,SAMPLE
762,0.00938,24.47917,25128,1,0.000000,SAMPLE
763,0.00000,24.60938,27613,1,0.000000,SAMPLE
764,0.00000,24.71354,30016,0,0.000000,SAMPLE
765,0.00000,3.46354,30016,0,0.000000,SAMPLE
766,0.00000,1.40625,30016,0,0.000000,SAMPLE
Setting PWM frequency to 8533.333008
ARRVal = 234
767,0.00000,-4.42708,28816,1,0.000000,SAMPLE
768,0.00000,-8.07292,26331,1,0.000000,SAMPLE
769,0.00000,-9.63542,23845,1,0.000000,SAMPLE
770,0.00000,-10.59896,21360,1,0.000000,SAMPLE
771,0.00000,-11.27604,18875,1,0.000000,SAMPLE
772,0.00000,-10.49479,17996,1,0.000000,SAMPLE
773,0.00000,-5.49479,17996,1,0.000000,SAMPLE
774,0.00000,0.96354,17996,1,0.000000,SAMPLE
Setting PWM frequency to 8533.333008
ARRVal = 234
775,0.00000,17.39584,19664,1,0.000000,SAMPLE
776,0.00000,24.21875,22150,1,0.000000,SAMPLE
777,0.00000,24.60938,24641,1,0.000000,SAMPLE
778,0.00000,24.86979,27127,1,0.000000,SAMPLE
779,0.00000,25.02604,29612,1,0.000000,SAMPLE
780,0.00000,4.45312,29984,0,0.000000,SAMPLE
781,0.00000,1.61458,29984,0,0.000000,SAMPLE
Setting PWM frequency to 8533.333008
ARRVal = 234
782,0.00000,-2.63021,29313,1,0.000000,SAMPLE
783,0.00000,-7.55208,26828,1,0.000000,SAMPLE
784,0.00000,-9.32292,24343,1,0.000000,SAMPLE
785,0.00000,-10.36458,21858,1,0.000000,SAMPLE
786,0.00000,-11.11979,19373,1,0.000000,SAMPLE
787,0.00000,-10.83333,17996,1,0.000000,SAMPLE
788,0.00000,-6.53646,17996,1,0.000000,SAMPLE
789,0.00000,0.85938,17996,1,0.000000,SAMPLE
Setting PWM frequency to 8533.333008
ARRVal = 234
790,0.00000,14.92188,19418,1,0.000000,SAMPLE
791,0.00000,24.40104,21903,1,0.000000,SAMPLE
792,0.00000,24.92188,24388,1,0.000000,SAMPLE
793,0.00000,25.15625,26873,1,0.000000,SAMPLE
794,0.00000,25.39062,29358,1,0.000000,SAMPLE
795,0.00000,5.31250,30000,0,0.000000,SAMPLE
796,0.00000,1.79688,30000,0,0.000000,SAMPLE
Setting PWM frequency to 8533.333008
ARRVal = 234
797,0.00000,-1.17188,29556,1,0.000000,SAMPLE
798,0.00000,-7.26562,27071,1,0.000000,SAMPLE
799,0.00000,-9.11458,24583,1,0.000000,SAMPLE
800,0.00000,-10.20833,22098,1,0.000000,SAMPLE
801,0.00000,-10.96354,19613,1,0.000000,SAMPLE
802,0.00000,-10.93750,17996,1,0.000000,SAMPLE
803,0.00938,-6.82292,17996,1,0.000000,SAMPLE
804,0.00000,0.80729,17996,1,0.000000,SAMPLE
Setting PWM frequency to 8533.333008
ARRVal = 234
805,0.00000,11.87500,19171,1,0.000000,SAMPLE
806,0.00000,24.66146,21656,1,0.000000,SAMPLE
807,0.00000,25.28646,24173,1,0.000000,SAMPLE
808,0.00000,25.54688,26658,1,0.000000,SAMPLE
809,0.00000,25.78125,29143,1,0.000000,SAMPLE
810,0.00000,6.19792,30000,0,0.000000,SAMPLE
811,0.00000,1.97917,30000,0,0.000000,SAMPLE
Setting PWM frequency to 8533.333008
ARRVal = 234
812,0.00000,1.09375,29807,1,0.000000,SAMPLE
813,0.00000,-6.92708,27322,1,0.000000,SAMPLE
814,0.00000,-8.90625,24837,1,0.000000,SAMPLE
815,0.00000,-10.05208,22352,1,0.000000,SAMPLE
816,0.00000,-10.78125,19867,1,0.000000,SAMPLE
817,0.00938,-11.09375,17996,1,0.000000,SAMPLE
818,0.00000,-7.18750,17996,1,0.000000,SAMPLE
819,0.00000,0.75521,17996,1,0.000000,SAMPLE
Setting PWM frequency to 8533.333008
ARRVal = 234
820,0.00000,11.97917,19171,1,0.000000,SAMPLE
821,0.00000,25.10417,21659,1,0.000000,SAMPLE
822,0.00000,25.75521,24143,1,0.000000,SAMPLE
823,0.00000,26.04167,26628,1,0.000000,SAMPLE
824,0.00000,26.30208,29113,1,0.000000,SAMPLE
825,0.00000,6.48438,30000,0,0.000000,SAMPLE
826,0.00000,2.08333,29999,0,0.000000,SAMPLE
827,0.00000,1.11979,29999,0,0.000000,SAMPLE
Setting PWM frequency to 8533.333008
ARRVal = 234
828,0.00000,-6.53646,27586,1,0.000000,SAMPLE
829,0.00000,-8.64583,25101,1,0.000000,SAMPLE
830,0.00000,-9.81771,22617,1,0.000000,SAMPLE
831,0.00000,-10.59896,20132,1,0.000000,SAMPLE
832,0.00000,-11.14583,17995,1,0.000000,SAMPLE
833,0.00000,-7.42188,17995,1,0.000000,SAMPLE
834,0.00000,0.70312,17995,1,0.000000,SAMPLE
Setting PWM frequency to 8533.333008
ARRVal = 234
835,0.00000,12.08333,19173,1,0.000000,SAMPLE
836,0.00938,25.59896,21658,1,0.000000,SAMPLE
837,0.00000,26.27604,24147,1,0.000000,SAMPLE
838,0.00000,26.56250,26632,1,0.000000,SAMPLE
839,0.00000,26.82292,29117,1,0.000000,SAMPLE
840,0.00000,6.66667,30001,0,0.000000,SAMPLE
841,0.00000,2.16146,30001,0,0.000000,SAMPLE
842,0.00000,1.17188,30001,0,0.000000,SAMPLE
VALVE_SET,2
PUMP,DRW,SAM,2000
Setting PWM frequency to 8533.333008
ARRVal = 234
843,0.00938,-6.43229,27594,1,0.000000,SAMPLE
844,0.00938,-8.54167,25096,1,0.000000,SAMPLE
845,0.00000,-9.71354,22611,1,0.000000,SAMPLE
846,0.00000,-6.48438,21996,1,0.000000,SAMPLE
847,0.00000,0.93750,21996,1,0.000000,SAMPLE
VALVE_SET,11,19,22
PUMP,INJ,SAM,2000
Setting PWM frequency to 8533.333008
ARRVal = 234
848,0.00000,15.52083,23408,1,0.000000,SAMPLE
849,0.00000,26.27604,25893,1,0.000000,SAMPLE
850,0.00000,26.87500,28378,1,0.000000,SAMPLE
851,0.00000,11.61458,30000,0,0.000000,SAMPLE
852,0.00000,2.86458,30000,0,0.000000,SAMPLE
853,0.00000,1.35417,30000,0,0.000000,SAMPLE
PROTOCOL,SAMPLE,STOP,5
PAUSE,2
854,0.00000,0.91146,30000,0,0.000000,NA
855,0.00000,0.72917,30000,0,0.000000,NA
VALVE_SET,0
Parsing script: f5_rna.txt
VALVE_SET,2
PAUSE,2
856,0.00000,1.01562,30000,0,0.000000,NA
857,0.00000,1.01562,30000,0,0.000000,NA
HOME
VALVE_SET,0
PAUSE,2
858,0.00000,1.04167,30000,0,0.000000,NA
859,0.00000,1.04167,30000,0,0.000000,NA
#FILTER 5 ADD PRESERVATIVE ###########
PROTOCOL,PRESERVE,START,5
PUMPC,RNA,3000,2,4,11/19/9
Setting PWM frequency to 8533.333008
ARRVal = 234
860,0.00000,-3.54167,28424,1,0.000000,PRESERVE
861,0.00000,-4.11458,25939,1,0.000000,PRESERVE
862,0.00000,-4.37500,23454,1,0.000000,PRESERVE
863,0.00000,-4.47917,20970,1,0.000000,PRESERVE
864,0.00000,-4.55729,18485,1,0.000000,PRESERVE
865,0.00000,-0.18229,17994,1,0.000000,PRESERVE
Setting PWM frequency to 8533.333008
ARRVal = 234
866,0.00000,14.11458,19418,1,0.000000,PRESERVE
867,0.00000,25.39062,21915,1,0.000000,PRESERVE
868,0.00000,26.04167,24400,1,0.000000,PRESERVE
869,0.00938,26.48438,26886,1,0.000000,PRESERVE
870,0.00000,27.10938,29371,1,0.000000,PRESERVE
871,0.00000,5.65104,30000,0,0.000000,PRESERVE
872,0.00000,1.84896,29999,0,0.000000,PRESERVE
Setting PWM frequency to 8533.333008
ARRVal = 234
873,0.00000,0.88542,29808,1,0.000000,PRESERVE
874,0.00000,-4.29688,27323,1,0.000000,PRESERVE
875,0.00000,-4.53125,24838,1,0.000000,PRESERVE
876,0.00000,-4.63542,22353,1,0.000000,PRESERVE
877,0.00000,-4.71354,19861,1,0.000000,PRESERVE
878,0.00000,-1.97917,17995,1,0.000000,PRESERVE
879,0.00000,-0.18229,17995,1,0.000000,PRESERVE
Setting PWM frequency to 8533.333008
ARRVal = 234
880,0.00000,24.94792,20406,1,0.000000,PRESERVE
881,0.00000,29.03646,22891,1,0.000000,PRESERVE
882,0.00000,29.97396,25376,1,0.000000,PRESERVE
Pressure Threshold Reached
883,0.00000,4.50521,25445,1,0.000000,PRESERVE
884,0.00000,1.58854,25445,1,0.000000,PRESERVE
Setting PWM frequency to 6826.666504
ARRVal = 292
Reduced pump speed to 12800
885,0.00000,20.52084,27365,1,0.000000,PRESERVE
886,0.00000,25.18229,29358,1,0.000000,PRESERVE
887,0.00000,6.58854,29944,0,0.000000,PRESERVE
888,0.00000,2.13542,29944,0,0.000000,PRESERVE
889,0.00938,0.98958,29944,0,0.000000,PRESERVE
PROTOCOL,PRESERVE,STOP,5
PAUSE,2
890,0.00000,0.54688,29944,0,0.000000,NA
891,0.00000,0.33854,29944,0,0.000000,NA
VALVE_SET,0Parsing script: post_clean.txt
#eDNA Sampler Flush Tree, V3, FP-0003-02
SPEED,DEFAULT
VALVE_SET,2 
PAUSE,2
892,0.00000,1.01562,29944,0,0.000000,NA
893,0.00000,1.01562,29944,0,0.000000,NA
HOME
VALVE_SET,0
PAUSE,2
894,0.00000,1.01562,29944,0,0.000000,NA
895,0.00000,1.01562,29944,0,0.000000,NA
PROTOCOL,CLEANSE_CHAN,START,0
#MILLI-Q FLUSH OF TREE OUT INLET, 9 mL, [21,20], [2]
PUMPC,MQ,3000,3,21/20,2
Setting PWM frequency to 10666.666992
ARRVal = 187
896,0.00000,-4.32292,27125,1,0.000000,CLEANSE_CHAN
897,0.00000,-4.71354,24003,1,0.000000,CLEANSE_CHAN
898,0.00938,-4.86979,20897,1,0.000000,CLEANSE_CHAN
899,0.00000,-4.94792,17991,1,0.000000,CLEANSE_CHAN
900,0.00000,-0.05208,17991,1,0.000000,CLEANSE_CHAN
Setting PWM frequency to 10666.666992
ARRVal = 187
901,0.00000,14.29688,20387,1,0.000000,CLEANSE_CHAN
902,0.00000,18.46354,23494,1,0.000000,CLEANSE_CHAN
903,0.00000,18.43750,26600,1,0.000000,CLEANSE_CHAN
904,0.00000,18.04688,29707,1,0.000000,CLEANSE_CHAN
905,0.00000,1.17188,30093,0,0.000000,CLEANSE_CHAN
Setting PWM frequency to 10666.666992
ARRVal = 187
906,0.00000,-3.04688,28843,1,0.000000,CLEANSE_CHAN
907,0.00000,-4.60938,25729,1,0.000000,CLEANSE_CHAN
908,0.00000,-4.86979,22622,1,0.000000,CLEANSE_CHAN
909,0.00000,-5.00000,19512,1,0.000000,CLEANSE_CHAN
910,0.00000,-0.18229,17990,1,0.000000,CLEANSE_CHAN
Setting PWM frequency to 10666.666992
ARRVal = 187
911,0.00000,8.07292,18848,1,0.000000,CLEANSE_CHAN
912,0.00000,14.11458,21954,1,0.000000,CLEANSE_CHAN
913,0.00000,12.96875,25060,1,0.000000,CLEANSE_CHAN
914,0.00000,12.91667,28167,1,0.000000,CLEANSE_CHAN
915,0.00000,1.45833,29959,0,0.000000,CLEANSE_CHAN
Setting PWM frequency to 10666.666992
ARRVal = 187
916,0.00000,1.04167,29761,1,0.000000,CLEANSE_CHAN
917,0.00000,-4.45312,26649,1,0.000000,CLEANSE_CHAN
918,0.00000,-4.86979,23543,1,0.000000,CLEANSE_CHAN
919,0.00000,-5.00000,20434,1,0.000000,CLEANSE_CHAN
920,0.00000,-3.09896,17991,1,0.000000,CLEANSE_CHAN
921,0.00000,-0.05208,17991,1,0.000000,CLEANSE_CHAN
Setting PWM frequency to 10666.666992
ARRVal = 187
922,0.00000,11.35417,21001,1,0.000000,CLEANSE_CHAN
923,0.00000,11.84896,24107,1,0.000000,CLEANSE_CHAN
924,0.00000,12.21354,27214,1,0.000000,CLEANSE_CHAN
925,0.00000,11.27604,29999,0,0.000000,CLEANSE_CHAN
926,0.00000,1.04167,29999,0,0.000000,CLEANSE_CHAN
#HCL FLUSH OF TREE OUT INLET, 9 mL, [8,20], [2]
PUMPC,HCL,3000,3,8/20,2
Setting PWM frequency to 10666.666992
ARRVal = 187
927,0.00000,-4.42708,27610,1,0.000000,CLEANSE_CHAN
928,0.00000,-5.52083,24504,1,0.000000,CLEANSE_CHAN
929,0.00000,-5.88542,21395,1,0.000000,CLEANSE_CHAN
930,0.00000,-6.11979,18289,1,0.000000,CLEANSE_CHAN
931,0.00000,-0.02604,17990,1,0.000000,CLEANSE_CHAN
Setting PWM frequency to 10666.666992
ARRVal = 187
932,0.00000,9.34896,19459,1,0.000000,CLEANSE_CHAN
933,0.00000,11.38021,22566,1,0.000000,CLEANSE_CHAN
934,0.00000,11.82292,25672,1,0.000000,CLEANSE_CHAN
935,0.00000,12.10938,28778,1,0.000000,CLEANSE_CHAN
936,0.00000,1.06771,30001,0,0.000000,CLEANSE_CHAN
Setting PWM frequency to 10666.666992
ARRVal = 187
937,0.00000,-2.55208,29139,1,0.000000,CLEANSE_CHAN
938,0.00000,-5.31250,26032,1,0.000000,CLEANSE_CHAN
939,0.00000,-5.93750,22923,1,0.000000,CLEANSE_CHAN
940,0.00000,-6.19792,19817,1,0.000000,CLEANSE_CHAN
941,0.00000,-2.34375,17991,1,0.000000,CLEANSE_CHAN
942,0.00000,-0.05208,17991,1,0.000000,CLEANSE_CHAN
Setting PWM frequency to 10666.666992
ARRVal = 187
943,0.00000,10.80729,21001,1,0.000000,CLEANSE_CHAN
944,0.00000,11.53646,24107,1,0.000000,CLEANSE_CHAN
945,0.00000,11.87500,27214,1,0.000000,CLEANSE_CHAN
946,0.00000,11.01562,30000,0,0.000000,CLEANSE_CHAN
947,0.00000,1.04167,30000,0,0.000000,CLEANSE_CHAN
Setting PWM frequency to 10666.666992
ARRVal = 187
948,0.00000,-4.58333,27601,1,0.000000,CLEANSE_CHAN
949,0.00000,-5.75521,24495,1,0.000000,CLEANSE_CHAN
950,0.00000,-6.17188,21389,1,0.000000,CLEANSE_CHAN
951,0.00000,-6.38021,18282,1,0.000000,CLEANSE_CHAN
952,0.00938,-0.05208,17991,1,0.000000,CLEANSE_CHAN
Setting PWM frequency to 10666.666992
ARRVal = 187
953,0.00000,9.16667,19458,1,0.000000,CLEANSE_CHAN
954,0.00000,11.19792,22565,1,0.000000,CLEANSE_CHAN
955,0.00000,11.58854,25671,1,0.000000,CLEANSE_CHAN
956,0.00000,11.84896,28777,1,0.000000,CLEANSE_CHAN
957,0.00000,1.06771,30000,0,0.000000,CLEANSE_CHAN
#HCL FLUSH OF TREE OUT OUTLET, 1 mL, [8,20], [20,22]
PUMPC,HCL,1000,1,8/20,20/22
Setting PWM frequency to 10666.666992
ARRVal = 187
958,0.00000,-2.47396,29168,1,0.000000,CLEANSE_CHAN
959,0.00000,-5.36458,26061,1,0.000000,CLEANSE_CHAN
960,0.00000,-0.02604,25982,1,0.000000,CLEANSE_CHAN
Setting PWM frequency to 10666.666992
ARRVal = 187
961,0.00000,5.33854,28075,1,0.000000,CLEANSE_CHAN
962,0.00000,0.62500,30044,0,0.000000,CLEANSE_CHAN
PAUSE,2
963,0.00000,0.44271,30044,0,0.000000,CLEANSE_CHAN
964,0.00000,0.44271,30044,0,0.000000,CLEANSE_CHAN
VALVE_SET,0
PAUSE,120
965,0.00000,0.46875,30044,0,0.000000,CLEANSE_CHAN
966,0.00000,0.46875,30044,0,0.000000,CLEANSE_CHAN
967,0.00000,0.46875,30044,0,0.000000,CLEANSE_CHAN
968,0.00000,0.46875,30044,0,0.000000,CLEANSE_CHAN
969,0.00000,0.46875,30044,0,0.000000,CLEANSE_CHAN
970,0.00000,0.46875,30044,0,0.000000,CLEANSE_CHAN
971,0.00000,0.46875,30044,0,0.000000,CLEANSE_CHAN
972,0.00000,0.46875,30044,0,0.000000,CLEANSE_CHAN
973,0.00000,0.46875,30044,0,0.000000,CLEANSE_CHAN
974,0.00000,0.46875,30044,0,0.000000,CLEANSE_CHAN
975,0.00000,0.46875,30044,0,0.000000,CLEANSE_CHAN
976,0.00000,0.46875,30044,0,0.000000,CLEANSE_CHAN
977,0.00000,0.46875,30044,0,0.000000,CLEANSE_CHAN
978,0.00000,0.46875,30044,0,0.000000,CLEANSE_CHAN
979,0.00000,0.46875,30044,0,0.000000,CLEANSE_CHAN
980,0.00000,0.46875,30044,0,0.000000,CLEANSE_CHAN
981,0.00000,0.46875,30044,0,0.000000,CLEANSE_CHAN
982,0.00000,0.46875,30044,0,0.000000,CLEANSE_CHAN
983,0.00000,0.46875,30044,0,0.000000,CLEANSE_CHAN
984,0.00000,0.46875,30044,0,0.000000,CLEANSE_CHAN
985,0.00000,0.46875,30044,0,0.000000,CLEANSE_CHAN
986,0.00000,0.46875,30044,0,0.000000,CLEANSE_CHAN
987,0.00000,0.46875,30044,0,0.000000,CLEANSE_CHAN
988,0.00000,0.46875,30044,0,0.000000,CLEANSE_CHAN
989,0.00000,0.46875,30044,0,0.000000,CLEANSE_CHAN
990,0.00000,0.46875,30044,0,0.000000,CLEANSE_CHAN
991,0.00000,0.46875,30044,0,0.000000,CLEANSE_CHAN
992,0.00000,0.46875,30044,0,0.000000,CLEANSE_CHAN
993,0.00000,0.46875,30044,0,0.000000,CLEANSE_CHAN
994,0.00000,0.46875,30044,0,0.000000,CLEANSE_CHAN
995,0.00000,0.46875,30044,0,0.000000,CLEANSE_CHAN
996,0.00000,0.46875,30044,0,0.000000,CLEANSE_CHAN
997,0.00000,0.46875,30044,0,0.000000,CLEANSE_CHAN
998,0.00000,0.46875,30044,0,0.000000,CLEANSE_CHAN
999,0.00000,0.46875,30044,0,0.000000,CLEANSE_CHAN
1000,0.00000,0.46875,30044,0,0.000000,CLEANSE_CHAN
1001,0.00000,0.46875,30044,0,0.000000,CLEANSE_CHAN
1002,0.00000,0.46875,30044,0,0.000000,CLEANSE_CHAN
1003,0.00000,0.46875,30044,0,0.000000,CLEANSE_CHAN
1004,0.00000,0.46875,30044,0,0.000000,CLEANSE_CHAN
1005,0.00000,0.46875,30044,0,0.000000,CLEANSE_CHAN
1006,0.00000,0.46875,30044,0,0.000000,CLEANSE_CHAN
1007,0.00000,0.46875,30044,0,0.000000,CLEANSE_CHAN
1008,0.00938,0.46875,30044,0,0.000000,CLEANSE_CHAN
1009,0.00000,0.46875,30044,0,0.000000,CLEANSE_CHAN
1010,0.00000,0.44271,30044,0,0.000000,CLEANSE_CHAN
1011,0.00000,0.46875,30044,0,0.000000,CLEANSE_CHAN
1012,0.00000,0.46875,30044,0,0.000000,CLEANSE_CHAN
1013,0.00000,0.46875,30044,0,0.000000,CLEANSE_CHAN
1014,0.00000,0.46875,30044,0,0.000000,CLEANSE_CHAN
1015,0.00000,0.46875,30044,0,0.000000,CLEANSE_CHAN
1016,0.00000,0.46875,30044,0,0.000000,CLEANSE_CHAN
1017,0.00000,0.46875,30044,0,0.000000,CLEANSE_CHAN
1018,0.00000,0.46875,30044,0,0.000000,CLEANSE_CHAN
1019,0.00000,0.46875,30044,0,0.000000,CLEANSE_CHAN
1020,0.00000,0.46875,30044,0,0.000000,CLEANSE_CHAN
1021,0.00000,0.46875,30044,0,0.000000,CLEANSE_CHAN
1022,0.00000,0.46875,30044,0,0.000000,CLEANSE_CHAN
1023,0.00000,0.46875,30044,0,0.000000,CLEANSE_CHAN
1024,0.00000,0.46875,30044,0,0.000000,CLEANSE_CHAN
1025,0.00000,0.46875,30044,0,0.000000,CLEANSE_CHAN
1026,0.00938,0.46875,30044,0,0.000000,CLEANSE_CHAN
1027,0.00000,0.46875,30044,0,0.000000,CLEANSE_CHAN
1028,0.00000,0.46875,30044,0,0.000000,CLEANSE_CHAN
1029,0.00000,0.46875,30044,0,0.000000,CLEANSE_CHAN
1030,0.00000,0.46875,30044,0,0.000000,CLEANSE_CHAN
1031,0.00000,0.46875,30044,0,0.000000,CLEANSE_CHAN
1032,0.00000,0.46875,30044,0,0.000000,CLEANSE_CHAN
1033,0.00000,0.46875,30044,0,0.000000,CLEANSE_CHAN
1034,0.00000,0.46875,30044,0,0.000000,CLEANSE_CHAN
1035,0.00000,0.46875,30044,0,0.000000,CLEANSE_CHAN
1036,0.00000,0.46875,30044,0,0.000000,CLEANSE_CHAN
1037,0.00000,0.46875,30044,0,0.000000,CLEANSE_CHAN
1038,0.00000,0.46875,30044,0,0.000000,CLEANSE_CHAN
1039,0.00000,0.46875,30044,0,0.000000,CLEANSE_CHAN
1040,0.00000,0.46875,30044,0,0.000000,CLEANSE_CHAN
1041,0.00938,0.46875,30044,0,0.000000,CLEANSE_CHAN
1042,0.00000,0.46875,30044,0,0.000000,CLEANSE_CHAN
1043,0.00000,0.46875,30044,0,0.000000,CLEANSE_CHAN
1044,0.00000,0.46875,30044,0,0.000000,CLEANSE_CHAN
1045,0.00000,0.46875,30044,0,0.000000,CLEANSE_CHAN
1046,0.00000,0.44271,30044,0,0.000000,CLEANSE_CHAN
1047,0.00000,0.46875,30044,0,0.000000,CLEANSE_CHAN
1048,0.00000,0.46875,30044,0,0.000000,CLEANSE_CHAN
1049,0.00000,0.46875,30044,0,0.000000,CLEANSE_CHAN
1050,0.00000,0.46875,30044,0,0.000000,CLEANSE_CHAN
1051,0.00000,0.46875,30044,0,0.000000,CLEANSE_CHAN
1052,0.00000,0.46875,30044,0,0.000000,CLEANSE_CHAN
1053,0.00000,0.46875,30044,0,0.000000,CLEANSE_CHAN
1054,0.00000,0.46875,30044,0,0.000000,CLEANSE_CHAN
1055,0.00000,0.46875,30044,0,0.000000,CLEANSE_CHAN
1056,0.00000,0.46875,30044,0,0.000000,CLEANSE_CHAN
1057,0.00000,0.46875,30044,0,0.000000,CLEANSE_CHAN
1058,0.00000,0.46875,30044,0,0.000000,CLEANSE_CHAN
1059,0.00000,0.46875,30044,0,0.000000,CLEANSE_CHAN
1060,0.00000,0.46875,30044,0,0.000000,CLEANSE_CHAN
1061,0.00000,0.46875,30044,0,0.000000,CLEANSE_CHAN
1062,0.00000,0.46875,30044,0,0.000000,CLEANSE_CHAN
1063,0.00000,0.44271,30044,0,0.000000,CLEANSE_CHAN
1064,0.00000,0.46875,30044,0,0.000000,CLEANSE_CHAN
1065,0.00000,0.46875,30044,0,0.000000,CLEANSE_CHAN
1066,0.00000,0.46875,30044,0,0.000000,CLEANSE_CHAN
1067,0.00000,0.46875,30044,0,0.000000,CLEANSE_CHAN
1068,0.00000,0.46875,30044,0,0.000000,CLEANSE_CHAN
1069,0.00000,0.46875,30044,0,0.000000,CLEANSE_CHAN
1070,0.00000,0.46875,30044,0,0.000000,CLEANSE_CHAN
1071,0.00000,0.46875,30044,0,0.000000,CLEANSE_CHAN
1072,0.00000,0.46875,30044,0,0.000000,CLEANSE_CHAN
1073,0.00000,0.46875,30044,0,0.000000,CLEANSE_CHAN
1074,0.00000,0.46875,30044,0,0.000000,CLEANSE_CHAN
1075,0.00000,0.46875,30044,0,0.000000,CLEANSE_CHAN
1076,0.00000,0.46875,30044,0,0.000000,CLEANSE_CHAN
1077,0.00000,0.46875,30044,0,0.000000,CLEANSE_CHAN
1078,0.00000,0.46875,30044,0,0.000000,CLEANSE_CHAN
1079,0.00000,0.46875,30044,0,0.000000,CLEANSE_CHAN
1080,0.00000,0.46875,30044,0,0.000000,CLEANSE_CHAN
1081,0.00000,0.46875,30044,0,0.000000,CLEANSE_CHAN
1082,0.00000,0.46875,30044,0,0.000000,CLEANSE_CHAN
1083,0.00000,0.46875,30044,0,0.000000,CLEANSE_CHAN
1084,0.00000,0.46875,30044,0,0.000000,CLEANSE_CHAN
#MILLI-Q FLUSH OF TREE OUT INLET, 9 mL, [21,20], [2]
PUMPC,MQ,3000,3,21/20,2
Setting PWM frequency to 10666.666992
ARRVal = 187
1085,0.00000,-1.30208,29492,1,0.000000,CLEANSE_CHAN
1086,0.00000,-4.47917,26385,1,0.000000,CLEANSE_CHAN
1087,0.00000,-4.81771,23260,1,0.000000,CLEANSE_CHAN
1088,0.00000,-4.94792,20154,1,0.000000,CLEANSE_CHAN
1089,0.00000,-1.79688,17991,1,0.000000,CLEANSE_CHAN
Setting PWM frequency to 10666.666992
ARRVal = 187
1090,0.00000,-0.05208,18228,1,0.000000,CLEANSE_CHAN
1091,0.00000,9.60938,21334,1,0.000000,CLEANSE_CHAN
1092,0.00000,10.15625,24440,1,0.000000,CLEANSE_CHAN
1093,0.00000,10.46875,27547,1,0.000000,CLEANSE_CHAN
1094,0.00000,3.28125,29956,0,0.000000,CLEANSE_CHAN
1095,0.00000,1.04167,29956,0,0.000000,CLEANSE_CHAN
Setting PWM frequency to 10666.666992
ARRVal = 187
1096,0.00000,-4.37500,26984,1,0.000000,CLEANSE_CHAN
1097,0.00000,-4.84375,23870,1,0.000000,CLEANSE_CHAN
1098,0.00000,-5.02604,20764,1,0.000000,CLEANSE_CHAN
1099,0.00000,-4.97396,17990,1,0.000000,CLEANSE_CHAN
1100,0.00000,-0.05208,17990,1,0.000000,CLEANSE_CHAN
Setting PWM frequency to 10666.666992
ARRVal = 187
1101,0.00000,9.60938,20692,1,0.000000,CLEANSE_CHAN
1102,0.00000,10.23438,23798,1,0.000000,CLEANSE_CHAN
1103,0.00000,10.54688,26904,1,0.000000,CLEANSE_CHAN
1104,0.00000,10.70312,30010,0,0.000000,CLEANSE_CHAN
1105,0.00000,1.04167,30014,0,0.000000,CLEANSE_CHAN
Setting PWM frequency to 10666.666992
ARRVal = 187
1106,0.00000,-4.14063,27603,1,0.000000,CLEANSE_CHAN
1107,0.00000,-4.84375,24492,1,0.000000,CLEANSE_CHAN
1108,0.00000,-5.05208,21386,1,0.000000,CLEANSE_CHAN
1109,0.00000,-5.18229,18279,1,0.000000,CLEANSE_CHAN
1110,0.00000,-0.05208,17989,1,0.000000,CLEANSE_CHAN
Setting PWM frequency to 10666.666992
ARRVal = 187
1111,0.00000,9.24479,20077,1,0.000000,CLEANSE_CHAN
1112,0.00000,10.13021,23184,1,0.000000,CLEANSE_CHAN
1113,0.00000,10.46875,26290,1,0.000000,CLEANSE_CHAN
1114,0.00000,10.70312,29396,1,0.000000,CLEANSE_CHAN
1115,0.00000,1.06771,29986,0,0.000000,CLEANSE_CHAN
#MILLI-Q FLUSH OF TREE OUT OUTLET, 3 mL, [21,20], [20,22]
PUMPC,MQ,3000,1,21/20,20/22
Setting PWM frequency to 10666.666992
ARRVal = 187
1116,0.00000,-3.75000,28243,1,0.000000,CLEANSE_CHAN
1117,0.00938,-4.84375,25120,1,0.000000,CLEANSE_CHAN
1118,0.00000,-5.10417,22014,1,0.000000,CLEANSE_CHAN
1119,0.00000,-5.18229,18907,1,0.000000,CLEANSE_CHAN
1120,0.00000,-0.10417,17991,1,0.000000,CLEANSE_CHAN
Setting PWM frequency to 10666.666992
ARRVal = 187
1121,0.00000,4.40104,19150,1,0.000000,CLEANSE_CHAN
1122,0.00000,5.41667,22256,1,0.000000,CLEANSE_CHAN
1123,0.00000,5.46875,25362,1,0.000000,CLEANSE_CHAN
1124,0.00000,5.52083,28468,1,0.000000,CLEANSE_CHAN
1125,0.00000,0.46875,30001,0,0.000000,CLEANSE_CHAN
PROTOCOL,CLEANSE_CHAN,STOP,0
PAUSE,2
1126,0.00000,0.44271,30001,0,0.000000,NA
1127,0.00000,0.44271,30001,0,0.000000,NA
VALVE_SET,01128,0.00000,0.46875,30001,0,0.000000,NA
RUN,FIN
CCLK,2023-09-15T10:47:16

>CTRIG,1,7,0,2023-05-31T11:52:32,2023-06-01T11:52:32,2023-06-02T11:52:32,2023-06-03T11:52:32,2023-06-04T11:52:32,2023-06-05T11:52:32,2023-06-06T11:52:32,2023-06-07T11:52:32,2023-06-08T11:52:32

>ISTAT,EDNA-SA,3.01,3.09,0,IDLE,NA/0/NA

>CSET,30,20,2,0,20000,0

>CSTAT,4,5/54000/3,5/3000/10,5/114000/3,5/105000/3,5/125000/0,1/0/0,1/0/0,1/0/0,1/0/0,3506000,320000,170000,906000,170000

>ISTAT,EDNA-SA,3.01,3.09,0,IDLE,NA/0/NA

>	
