CCLK,2023-08-10T19:11:39

>CTRIG,1,7,0,2023-05-31T11:52:32,2023-06-01T11:52:32,2023-06-02T11:52:32,2023-06-03T11:52:32,2023-06-04T11:52:32,2023-06-05T11:52:32,2023-06-06T11:52:32,2023-06-07T11:52:32,2023-06-08T11:52:32

>ISTAT,EDNA-SA,3.01,3.09,0,IDLE,NA/0/NA

>CSET,0,20,2,0,20000,0

>CSTAT,0,1/0/0,1/0/0,1/0/0,1/0/0,1/0/0,1/0/0,1/0/0,1/0/0,1/0/0,3961000,400000,200000,1200000,200000

>RUN,SCRIPT,clean_allf_cassette.txt,ACK
Started Run Task
Opened Eng and data files
Created Pressure Monitor Task
Created Script Task

>0,0.00000,0.26042,30000,0,0.000000,NA
1,0.00000,0.23438,30000,0,0.000000,NA
2,0.00000,0.23438,30000,0,0.000000,NA
Parsing script: clean_allf_cassette.txt
#eDNA Sampler HCL AND MILLI-Q CLEAN OF FILTER PATHS (CASSETTE ON), V3, FP-0003-02
SPEED,10000
VALVE_SET,2
PAUSE,2
3,0.00000,0.18229,30000,0,0.000000,NA
4,0.00000,0.15625,30000,0,0.000000,NA
HOME
VALVE_SET,0
PAUSE,2
5,0.00000,0.18229,30000,0,0.000000,NA
6,0.00000,0.18229,30000,0,0.000000,NA
PROTOCOL,CLEANSE_SYSTEM,START,0
######################### MILLI-Q ######################################
#MQ FLUSH OF FILTER 1, 6 ML, [21,20], [22,14,16]
PUMPC,MQ,3000,2,21/20,22/14/16
Setting PWM frequency to 5333.333496
ARRVal = 375
7,0.00000,-0.78125,28557,1,0.000000,CLEANSE_SYSTEM
8,0.00938,-1.01562,27005,1,0.000000,CLEANSE_SYSTEM
9,0.00000,-1.06771,25452,1,0.000000,CLEANSE_SYSTEM
10,0.00000,-1.32813,23890,1,0.000000,CLEANSE_SYSTEM
11,0.00000,-1.48438,22337,1,0.000000,CLEANSE_SYSTEM
12,0.00000,-1.40625,20783,1,0.000000,CLEANSE_SYSTEM
13,0.00000,-1.69271,19230,1,0.000000,CLEANSE_SYSTEM
14,0.00000,-1.66667,17998,1,0.000000,CLEANSE_SYSTEM
Setting PWM frequency to 5333.333496
ARRVal = 375
15,0.00000,-0.65104,18113,1,0.000000,CLEANSE_SYSTEM
16,0.00000,0.88542,19666,1,0.000000,CLEANSE_SYSTEM
17,0.00000,1.43229,21219,1,0.000000,CLEANSE_SYSTEM
18,0.00000,1.32813,22772,1,0.000000,CLEANSE_SYSTEM
19,0.00000,0.31250,24325,1,0.000000,CLEANSE_SYSTEM
20,0.00000,0.31250,25881,1,0.000000,CLEANSE_SYSTEM
21,0.00000,0.70312,27436,1,0.000000,CLEANSE_SYSTEM
22,0.00000,1.01562,28989,1,0.000000,CLEANSE_SYSTEM
23,0.00000,1.19792,29999,0,0.000000,CLEANSE_SYSTEM
Setting PWM frequency to 5333.333496
ARRVal = 375
24,0.00000,-0.54688,29459,1,0.000000,CLEANSE_SYSTEM
25,0.00000,-1.58854,27905,1,0.000000,CLEANSE_SYSTEM
26,0.00000,-1.66667,26352,1,0.000000,CLEANSE_SYSTEM
27,0.00000,-1.82292,24799,1,0.000000,CLEANSE_SYSTEM
28,0.00000,-1.87500,23246,1,0.000000,CLEANSE_SYSTEM
29,0.00000,-1.92708,21693,1,0.000000,CLEANSE_SYSTEM
30,0.00000,-1.92708,20137,1,0.000000,CLEANSE_SYSTEM
31,0.00000,-1.92708,18583,1,0.000000,CLEANSE_SYSTEM
32,0.00000,-0.65104,17999,1,0.000000,CLEANSE_SYSTEM
Setting PWM frequency to 5333.333496
ARRVal = 375
33,0.00000,0.85938,18884,1,0.000000,CLEANSE_SYSTEM
34,0.00000,1.92708,20438,1,0.000000,CLEANSE_SYSTEM
35,0.00000,1.74479,21991,1,0.000000,CLEANSE_SYSTEM
36,0.00000,1.56250,23544,1,0.000000,CLEANSE_SYSTEM
37,0.00000,1.56250,25098,1,0.000000,CLEANSE_SYSTEM
38,0.00000,1.61458,26651,1,0.000000,CLEANSE_SYSTEM
39,0.00000,2.18750,28204,1,0.000000,CLEANSE_SYSTEM
40,0.00000,2.55208,29760,1,0.000000,CLEANSE_SYSTEM
41,0.00000,0.88542,30000,0,0.000000,CLEANSE_SYSTEM
#MQ FLUSH OF FILTER 2, 3 ML, [21,20], [22,25,5]
PUMPC,MQ,3000,1,21/20,22/25/5
Setting PWM frequency to 5333.333496
ARRVal = 375
42,0.00000,-1.14583,28962,1,0.000000,CLEANSE_SYSTEM
43,0.00000,-1.74479,27408,1,0.000000,CLEANSE_SYSTEM
44,0.00000,-1.82292,25855,1,0.000000,CLEANSE_SYSTEM
45,0.00000,-1.92708,24302,1,0.000000,CLEANSE_SYSTEM
46,0.00000,-1.95312,22749,1,0.000000,CLEANSE_SYSTEM
47,0.00000,-1.95312,21196,1,0.000000,CLEANSE_SYSTEM
48,0.00000,-1.95312,19642,1,0.000000,CLEANSE_SYSTEM
49,0.00000,-1.95312,18089,1,0.000000,CLEANSE_SYSTEM
50,0.00000,-0.36458,18000,1,0.000000,CLEANSE_SYSTEM
Setting PWM frequency to 5333.333496
ARRVal = 375
51,0.00000,1.40625,19194,1,0.000000,CLEANSE_SYSTEM
52,0.00000,2.00521,20747,1,0.000000,CLEANSE_SYSTEM
53,0.00000,1.35417,22300,1,0.000000,CLEANSE_SYSTEM
54,0.00000,1.84896,23853,1,0.000000,CLEANSE_SYSTEM
55,0.00000,2.44792,25406,1,0.000000,CLEANSE_SYSTEM
56,0.00000,2.76042,26959,1,0.000000,CLEANSE_SYSTEM
57,0.00000,2.83854,28512,1,0.000000,CLEANSE_SYSTEM
58,0.00000,2.76042,30010,0,0.000000,CLEANSE_SYSTEM
59,0.00000,0.62500,30010,0,0.000000,CLEANSE_SYSTEM
#MQ FLUSH OF FILTER 3, 3 ML, [21,20], [22,12,18]
PUMPC,MQ,3000,1,21/20,22/12/18
Setting PWM frequency to 5333.333496
ARRVal = 375
60,0.00000,-1.35417,28653,1,0.000000,CLEANSE_SYSTEM
61,0.00000,-1.79688,27100,1,0.000000,CLEANSE_SYSTEM
62,0.00000,-1.90104,25547,1,0.000000,CLEANSE_SYSTEM
63,0.00000,-1.95312,23994,1,0.000000,CLEANSE_SYSTEM
64,0.00000,-1.97917,22440,1,0.000000,CLEANSE_SYSTEM
65,0.00000,-2.03125,20887,1,0.000000,CLEANSE_SYSTEM
66,0.00938,-2.03125,19334,1,0.000000,CLEANSE_SYSTEM
67,0.00000,-1.87500,17998,1,0.000000,CLEANSE_SYSTEM
68,0.00000,-0.31250,17998,1,0.000000,CLEANSE_SYSTEM
Setting PWM frequency to 5333.333496
ARRVal = 375
69,0.00000,1.43229,19508,1,0.000000,CLEANSE_SYSTEM
70,0.00000,1.74479,21065,1,0.000000,CLEANSE_SYSTEM
71,0.00000,1.30208,22618,1,0.000000,CLEANSE_SYSTEM
72,0.00000,1.79688,24172,1,0.000000,CLEANSE_SYSTEM
73,0.00000,2.31771,25725,1,0.000000,CLEANSE_SYSTEM
74,0.00000,2.81250,27278,1,0.000000,CLEANSE_SYSTEM
75,0.00000,3.02083,28832,1,0.000000,CLEANSE_SYSTEM
76,0.00000,2.10938,29990,0,0.000000,CLEANSE_SYSTEM
#MQ FLUSH OF FILTER 4, 3 ML, [21,20], [22,24,6]
PUMPC,MQ,3000,1,21/20,22/24/6
Setting PWM frequency to 5333.333496
ARRVal = 375
77,0.00000,0.49479,29888,1,0.000000,CLEANSE_SYSTEM
78,0.00000,-1.51042,28334,1,0.000000,CLEANSE_SYSTEM
79,0.00000,-1.84896,26781,1,0.000000,CLEANSE_SYSTEM
80,0.00000,-1.95312,25219,1,0.000000,CLEANSE_SYSTEM
81,0.00000,-2.00521,23665,1,0.000000,CLEANSE_SYSTEM
82,0.00000,-2.00521,22112,1,0.000000,CLEANSE_SYSTEM
83,0.00938,-2.05729,20559,1,0.000000,CLEANSE_SYSTEM
84,0.00938,-2.05729,19006,1,0.000000,CLEANSE_SYSTEM
85,0.00000,-1.30208,18000,1,0.000000,CLEANSE_SYSTEM
Setting PWM frequency to 5333.333496
ARRVal = 375
86,0.00000,0.10417,18268,1,0.000000,CLEANSE_SYSTEM
87,0.00000,1.87500,19821,1,0.000000,CLEANSE_SYSTEM
88,0.00000,1.64062,21374,1,0.000000,CLEANSE_SYSTEM
89,0.00000,1.77083,22927,1,0.000000,CLEANSE_SYSTEM
90,0.00000,2.47396,24484,1,0.000000,CLEANSE_SYSTEM
91,0.00000,3.09896,26037,1,0.000000,CLEANSE_SYSTEM
92,0.00000,3.30729,27590,1,0.000000,CLEANSE_SYSTEM
93,0.00000,3.22917,29144,1,0.000000,CLEANSE_SYSTEM
94,0.00000,1.69271,29999,0,0.000000,CLEANSE_SYSTEM
#MQ FLUSH OF FILTER 5, 3 ML, [21,20], [22,11,19]
PUMPC,MQ,3000,1,21/20,22/11/19
Setting PWM frequency to 5333.333496
ARRVal = 375
95,0.00000,0.02604,29735,1,0.000000,CLEANSE_SYSTEM
96,0.00000,-1.56250,28182,1,0.000000,CLEANSE_SYSTEM
97,0.00000,-1.82292,26628,1,0.000000,CLEANSE_SYSTEM
98,0.00000,-1.92708,25074,1,0.000000,CLEANSE_SYSTEM
99,0.00000,-1.97917,23520,1,0.000000,CLEANSE_SYSTEM
100,0.00000,-2.00521,21959,1,0.000000,CLEANSE_SYSTEM
101,0.00000,-2.03125,20406,1,0.000000,CLEANSE_SYSTEM
102,0.00000,-2.03125,18852,1,0.000000,CLEANSE_SYSTEM
103,0.00000,-1.06771,18000,1,0.000000,CLEANSE_SYSTEM
Setting PWM frequency to 5333.333496
ARRVal = 375
104,0.00000,0.54688,18423,1,0.000000,CLEANSE_SYSTEM
105,0.00000,1.77083,19977,1,0.000000,CLEANSE_SYSTEM
106,0.00000,1.19792,21530,1,0.000000,CLEANSE_SYSTEM
107,0.00000,1.58854,23083,1,0.000000,CLEANSE_SYSTEM
108,0.00000,2.39583,24636,1,0.000000,CLEANSE_SYSTEM
109,0.00000,2.73438,26190,1,0.000000,CLEANSE_SYSTEM
110,0.00000,2.89063,27746,1,0.000000,CLEANSE_SYSTEM
111,0.00000,2.91667,29299,1,0.000000,CLEANSE_SYSTEM
112,0.00000,1.38021,30000,0,0.000000,CLEANSE_SYSTEM
#MQ FLUSH OF FILTER 6, 3 ML, [21,20], [22,23,7]
PUMPC,MQ,3000,1,21/20,22/23/7
Setting PWM frequency to 5333.333496
ARRVal = 375
113,0.00000,-0.70312,29427,1,0.000000,CLEANSE_SYSTEM
114,0.00000,-1.66667,27873,1,0.000000,CLEANSE_SYSTEM
115,0.00000,-1.90104,26320,1,0.000000,CLEANSE_SYSTEM
116,0.00000,-1.95312,24768,1,0.000000,CLEANSE_SYSTEM
117,0.00000,-1.95312,23215,1,0.000000,CLEANSE_SYSTEM
118,0.00000,-1.97917,21662,1,0.000000,CLEANSE_SYSTEM
119,0.00000,-1.97917,20107,1,0.000000,CLEANSE_SYSTEM
120,0.00000,-2.00521,18546,1,0.000000,CLEANSE_SYSTEM
121,0.00000,-0.67708,18000,1,0.000000,CLEANSE_SYSTEM
Setting PWM frequency to 5333.333496
ARRVal = 375
122,0.00000,0.98958,18732,1,0.000000,CLEANSE_SYSTEM
123,0.00000,1.45833,20285,1,0.000000,CLEANSE_SYSTEM
124,0.00000,1.22396,21838,1,0.000000,CLEANSE_SYSTEM
125,0.00000,1.45833,23391,1,0.000000,CLEANSE_SYSTEM
126,0.00000,2.13542,24945,1,0.000000,CLEANSE_SYSTEM
127,0.00000,2.68229,26498,1,0.000000,CLEANSE_SYSTEM
128,0.00000,2.91667,28053,1,0.000000,CLEANSE_SYSTEM
129,0.00000,2.89063,29605,1,0.000000,CLEANSE_SYSTEM
130,0.00000,0.98958,30001,0,0.000000,CLEANSE_SYSTEM
#MQ FLUSH OF FILTER 7, 3 ML, [21,20], [22,10,1]
PUMPC,MQ,3000,1,21/20,22/10/1
Setting PWM frequency to 5333.333496
ARRVal = 375
131,0.00000,-1.06771,29116,1,0.000000,CLEANSE_SYSTEM
132,0.00000,-1.74479,27563,1,0.000000,CLEANSE_SYSTEM
133,0.00000,-1.95312,26009,1,0.000000,CLEANSE_SYSTEM
134,0.00000,-1.92708,24456,1,0.000000,CLEANSE_SYSTEM
135,0.00000,-1.95312,22903,1,0.000000,CLEANSE_SYSTEM
136,0.00000,-1.97917,21350,1,0.000000,CLEANSE_SYSTEM
137,0.00000,-1.97917,19797,1,0.000000,CLEANSE_SYSTEM
138,0.00000,-1.97917,18242,1,0.000000,CLEANSE_SYSTEM
139,0.00000,-0.46875,18000,1,0.000000,CLEANSE_SYSTEM
Setting PWM frequency to 5333.333496
ARRVal = 375
140,0.00000,1.30208,19047,1,0.000000,CLEANSE_SYSTEM
141,0.00000,1.61458,20600,1,0.000000,CLEANSE_SYSTEM
142,0.00000,1.69271,22153,1,0.000000,CLEANSE_SYSTEM
143,0.00938,1.92708,23706,1,0.000000,CLEANSE_SYSTEM
144,0.00000,2.70833,25259,1,0.000000,CLEANSE_SYSTEM
145,0.00000,3.25521,26812,1,0.000000,CLEANSE_SYSTEM
146,0.00000,3.46354,28366,1,0.000000,CLEANSE_SYSTEM
147,0.00000,3.33333,29921,0,0.000000,CLEANSE_SYSTEM
148,0.00000,0.83333,29999,0,0.000000,CLEANSE_SYSTEM
#MQ FLUSH OF FILTER 8, 3 ML, [21,20], [22,26,3]
PUMPC,MQ,3000,1,21/20,22/26/3
Setting PWM frequency to 5333.333496
ARRVal = 375
149,0.00000,-1.22396,28963,1,0.000000,CLEANSE_SYSTEM
150,0.00000,-1.74479,27402,1,0.000000,CLEANSE_SYSTEM
151,0.00000,-1.87500,25848,1,0.000000,CLEANSE_SYSTEM
152,0.00000,-1.95312,24295,1,0.000000,CLEANSE_SYSTEM
153,0.00000,-1.95312,22742,1,0.000000,CLEANSE_SYSTEM
154,0.00000,-1.97917,21189,1,0.000000,CLEANSE_SYSTEM
155,0.00000,-2.00521,19635,1,0.000000,CLEANSE_SYSTEM
156,0.00938,-2.00521,18082,1,0.000000,CLEANSE_SYSTEM
157,0.00000,-0.39063,18000,1,0.000000,CLEANSE_SYSTEM
Setting PWM frequency to 5333.333496
ARRVal = 375
158,0.00000,1.30208,19195,1,0.000000,CLEANSE_SYSTEM
159,0.00000,1.92708,20748,1,0.000000,CLEANSE_SYSTEM
160,0.00000,1.48438,22303,1,0.000000,CLEANSE_SYSTEM
161,0.00000,1.71875,23856,1,0.000000,CLEANSE_SYSTEM
162,0.00000,2.13542,25410,1,0.000000,CLEANSE_SYSTEM
163,0.00000,2.70833,26963,1,0.000000,CLEANSE_SYSTEM
164,0.00000,3.04688,28516,1,0.000000,CLEANSE_SYSTEM
165,0.00000,2.99479,30011,0,0.000000,CLEANSE_SYSTEM
166,0.00938,0.72917,30011,0,0.000000,CLEANSE_SYSTEM
#MQ FLUSH OF FILTER 9, 3 ML, [21,20], [22,13,17]
PUMPC,MQ,3000,1,21/20,22/13/17
Setting PWM frequency to 5333.333496
ARRVal = 375
167,0.00000,-1.30208,28814,1,0.000000,CLEANSE_SYSTEM
168,0.00000,-1.77083,27261,1,0.000000,CLEANSE_SYSTEM
169,0.00000,-1.87500,25708,1,0.000000,CLEANSE_SYSTEM
170,0.00000,-1.92708,24147,1,0.000000,CLEANSE_SYSTEM
171,0.00000,-1.97917,22593,1,0.000000,CLEANSE_SYSTEM
172,0.00000,-2.00521,21040,1,0.000000,CLEANSE_SYSTEM
173,0.00000,-2.03125,19486,1,0.000000,CLEANSE_SYSTEM
174,0.00938,-2.03125,17998,1,0.000000,CLEANSE_SYSTEM
175,0.00000,-0.36458,17998,1,0.000000,CLEANSE_SYSTEM
Setting PWM frequency to 5333.333496
ARRVal = 375
176,0.00938,1.43229,19354,1,0.000000,CLEANSE_SYSTEM
177,0.00938,2.05729,20907,1,0.000000,CLEANSE_SYSTEM
178,0.00000,1.40625,22460,1,0.000000,CLEANSE_SYSTEM
179,0.00938,1.90104,24013,1,0.000000,CLEANSE_SYSTEM
180,0.00000,2.34375,25569,1,0.000000,CLEANSE_SYSTEM
181,0.00000,2.83854,27122,1,0.000000,CLEANSE_SYSTEM
182,0.00000,3.09896,28675,1,0.000000,CLEANSE_SYSTEM
183,0.00000,2.73438,29989,0,0.000000,CLEANSE_SYSTEM
184,0.00000,0.62500,29989,0,0.000000,CLEANSE_SYSTEM
######################### HCL ##########################################
#HCL FLUSH OF FILTER 1, 6 ML, [8,20], [22,14,16]
PUMPC,HCL,3000,2,21/20,22/14/16
Setting PWM frequency to 5333.333496
ARRVal = 375
185,0.00000,-1.40625,28665,1,0.000000,CLEANSE_SYSTEM
186,0.00000,-1.79688,27111,1,0.000000,CLEANSE_SYSTEM
187,0.00000,-1.92708,25558,1,0.000000,CLEANSE_SYSTEM
188,0.00000,-1.97917,24005,1,0.000000,CLEANSE_SYSTEM
189,0.00000,-2.00521,22452,1,0.000000,CLEANSE_SYSTEM
190,0.00000,-2.00521,20890,1,0.000000,CLEANSE_SYSTEM
191,0.00000,-2.00521,19337,1,0.000000,CLEANSE_SYSTEM
192,0.00000,-1.84896,18000,1,0.000000,CLEANSE_SYSTEM
193,0.00000,-0.33854,18000,1,0.000000,CLEANSE_SYSTEM
Setting PWM frequency to 5333.333496
ARRVal = 375
194,0.00000,1.87500,19503,1,0.000000,CLEANSE_SYSTEM
195,0.00000,2.60417,21058,1,0.000000,CLEANSE_SYSTEM
196,0.00000,2.83854,22611,1,0.000000,CLEANSE_SYSTEM
197,0.00000,2.94271,24164,1,0.000000,CLEANSE_SYSTEM
198,0.00000,2.99479,25717,1,0.000000,CLEANSE_SYSTEM
199,0.00000,3.04688,27270,1,0.000000,CLEANSE_SYSTEM
200,0.00000,3.07292,28827,1,0.000000,CLEANSE_SYSTEM
201,0.00000,2.29167,30001,0,0.000000,CLEANSE_SYSTEM
202,0.00000,0.52083,30001,0,0.000000,CLEANSE_SYSTEM
Setting PWM frequency to 5333.333496
ARRVal = 375
203,0.00000,-1.48438,28487,1,0.000000,CLEANSE_SYSTEM
204,0.00938,-1.82292,26934,1,0.000000,CLEANSE_SYSTEM
205,0.00938,-1.95312,25379,1,0.000000,CLEANSE_SYSTEM
206,0.00938,-1.97917,23826,1,0.000000,CLEANSE_SYSTEM
207,0.00938,-1.97917,22273,1,0.000000,CLEANSE_SYSTEM
208,0.00000,-2.00521,20720,1,0.000000,CLEANSE_SYSTEM
209,0.00000,-2.00521,19167,1,0.000000,CLEANSE_SYSTEM
210,0.00000,-1.53646,18000,1,0.000000,CLEANSE_SYSTEM
Setting PWM frequency to 5333.333496
ARRVal = 375
211,0.00000,-0.33854,18113,1,0.000000,CLEANSE_SYSTEM
212,0.00000,1.95312,19666,1,0.000000,CLEANSE_SYSTEM
213,0.00000,2.60417,21219,1,0.000000,CLEANSE_SYSTEM
214,0.00000,2.86458,22774,1,0.000000,CLEANSE_SYSTEM
215,0.00000,2.99479,24327,1,0.000000,CLEANSE_SYSTEM
216,0.00000,3.04688,25881,1,0.000000,CLEANSE_SYSTEM
217,0.00000,3.07292,27434,1,0.000000,CLEANSE_SYSTEM
218,0.00000,3.09896,28987,1,0.000000,CLEANSE_SYSTEM
219,0.00000,1.97917,29999,0,0.000000,CLEANSE_SYSTEM
#HCL FLUSH OF FILTER 2, 3 ML, [8,20], [22,25,5]
PUMPC,HCL,3000,1,8/20,22/25/5
Setting PWM frequency to 5333.333496
ARRVal = 375
220,0.00000,0.44271,29880,1,0.000000,CLEANSE_SYSTEM
221,0.00000,-0.91146,28327,1,0.000000,CLEANSE_SYSTEM
222,0.00000,-1.11979,26774,1,0.000000,CLEANSE_SYSTEM
223,0.00938,-1.79688,25221,1,0.000000,CLEANSE_SYSTEM
224,0.00938,-1.95312,23666,1,0.000000,CLEANSE_SYSTEM
225,0.00938,-1.90104,22113,1,0.000000,CLEANSE_SYSTEM
226,0.00000,-2.03125,20559,1,0.000000,CLEANSE_SYSTEM
227,0.00000,-2.29167,19007,1,0.000000,CLEANSE_SYSTEM
228,0.00000,-1.58854,18000,1,0.000000,CLEANSE_SYSTEM
Setting PWM frequency to 5333.333496
ARRVal = 375
229,0.00000,-0.28646,18114,1,0.000000,CLEANSE_SYSTEM
230,0.00938,1.45833,19670,1,0.000000,CLEANSE_SYSTEM
231,0.00000,2.13542,21223,1,0.000000,CLEANSE_SYSTEM
232,0.00938,2.05729,22776,1,0.000000,CLEANSE_SYSTEM
233,0.00000,1.90104,24331,1,0.000000,CLEANSE_SYSTEM
234,0.00938,2.42188,25884,1,0.000000,CLEANSE_SYSTEM
235,0.00000,2.70833,27438,1,0.000000,CLEANSE_SYSTEM
236,0.00000,2.63021,28991,1,0.000000,CLEANSE_SYSTEM
237,0.00000,0.52083,30000,0,0.000000,CLEANSE_SYSTEM
#HCL FLUSH OF FILTER 3, 3 ML, [8,20], [22,12,18]
PUMPC,HCL,3000,1,8/20,22/12/18
Setting PWM frequency to 5333.333496
ARRVal = 375
238,0.00000,-0.70312,29473,1,0.000000,CLEANSE_SYSTEM
239,0.00000,-1.30208,27920,1,0.000000,CLEANSE_SYSTEM
240,0.00000,-2.00521,26359,1,0.000000,CLEANSE_SYSTEM
241,0.00000,-1.82292,24806,1,0.000000,CLEANSE_SYSTEM
242,0.00000,-1.87500,23253,1,0.000000,CLEANSE_SYSTEM
243,0.00000,-2.18750,21698,1,0.000000,CLEANSE_SYSTEM
244,0.00000,-2.34375,20145,1,0.000000,CLEANSE_SYSTEM
245,0.00000,-2.29167,18592,1,0.000000,CLEANSE_SYSTEM
246,0.00000,-1.38021,18000,1,0.000000,CLEANSE_SYSTEM
Setting PWM frequency to 5333.333496
ARRVal = 375
247,0.00000,0.15625,18423,1,0.000000,CLEANSE_SYSTEM
248,0.00000,1.71875,19977,1,0.000000,CLEANSE_SYSTEM
249,0.00938,2.50000,21530,1,0.000000,CLEANSE_SYSTEM
250,0.00938,2.47396,23085,1,0.000000,CLEANSE_SYSTEM
251,0.00000,2.44792,24638,1,0.000000,CLEANSE_SYSTEM
252,0.00938,2.68229,26191,1,0.000000,CLEANSE_SYSTEM
253,0.00000,2.89063,27746,1,0.000000,CLEANSE_SYSTEM
254,0.00938,2.78646,29299,1,0.000000,CLEANSE_SYSTEM
255,0.00000,0.41667,30000,0,0.000000,CLEANSE_SYSTEM
#HCL FLUSH OF FILTER 4, 3 ML, [8,20], [22,24,6]
PUMPC,HCL,3000,1,8/20,22/24/6
Setting PWM frequency to 5333.333496
ARRVal = 375
256,0.00000,-1.01562,29271,1,0.000000,CLEANSE_SYSTEM
257,0.00000,-1.90104,27718,1,0.000000,CLEANSE_SYSTEM
258,0.00000,-2.29167,26165,1,0.000000,CLEANSE_SYSTEM
259,0.00000,-1.97917,24611,1,0.000000,CLEANSE_SYSTEM
260,0.00000,-2.31771,23050,1,0.000000,CLEANSE_SYSTEM
261,0.00938,-2.36979,21497,1,0.000000,CLEANSE_SYSTEM
262,0.00000,-2.39583,19943,1,0.000000,CLEANSE_SYSTEM
263,0.00938,-2.44792,18390,1,0.000000,CLEANSE_SYSTEM
264,0.00000,-0.98958,18000,1,0.000000,CLEANSE_SYSTEM
Setting PWM frequency to 5333.333496
ARRVal = 375
265,0.00000,0.88542,18731,1,0.000000,CLEANSE_SYSTEM
266,0.00000,2.34375,20285,1,0.000000,CLEANSE_SYSTEM
267,0.00938,2.94271,21838,1,0.000000,CLEANSE_SYSTEM
268,0.00938,3.07292,23391,1,0.000000,CLEANSE_SYSTEM
269,0.00938,3.12500,24945,1,0.000000,CLEANSE_SYSTEM
270,0.00938,3.22917,26501,1,0.000000,CLEANSE_SYSTEM
271,0.00938,3.25521,28054,1,0.000000,CLEANSE_SYSTEM
272,0.00000,3.04688,29608,1,0.000000,CLEANSE_SYSTEM
273,0.00000,0.83333,30000,0,0.000000,CLEANSE_SYSTEM
#HCL FLUSH OF FILTER 5, 3 ML, [8,20], [22,11,19]
PUMPC,HCL,3000,1,8/20,22/11/19
Setting PWM frequency to 5333.333496
ARRVal = 375
274,0.00938,-1.25000,29117,1,0.000000,CLEANSE_SYSTEM
275,0.00938,-2.03125,27564,1,0.000000,CLEANSE_SYSTEM
276,0.00000,-2.23958,26010,1,0.000000,CLEANSE_SYSTEM
277,0.00000,-2.34375,24457,1,0.000000,CLEANSE_SYSTEM
278,0.00938,-2.39583,22904,1,0.000000,CLEANSE_SYSTEM
279,0.00938,-2.42188,21351,1,0.000000,CLEANSE_SYSTEM
280,0.00938,-2.44792,19790,1,0.000000,CLEANSE_SYSTEM
281,0.00938,-2.44792,18235,1,0.000000,CLEANSE_SYSTEM
282,0.00000,-0.67708,17999,1,0.000000,CLEANSE_SYSTEM
Setting PWM frequency to 5333.333496
ARRVal = 375
283,0.00000,1.22396,18885,1,0.000000,CLEANSE_SYSTEM
284,0.00938,2.36979,20438,1,0.000000,CLEANSE_SYSTEM
285,0.00938,2.81250,21992,1,0.000000,CLEANSE_SYSTEM
286,0.00000,3.07292,23545,1,0.000000,CLEANSE_SYSTEM
287,0.00938,3.12500,25099,1,0.000000,CLEANSE_SYSTEM
288,0.00000,3.17708,26652,1,0.000000,CLEANSE_SYSTEM
289,0.00938,3.22917,28205,1,0.000000,CLEANSE_SYSTEM
290,0.00938,3.25521,29761,1,0.000000,CLEANSE_SYSTEM
291,0.00000,1.06771,30000,0,0.000000,CLEANSE_SYSTEM
#HCL FLUSH OF FILTER 6, 3 ML, [8,20], [22,23,7]
PUMPC,HCL,3000,1,8/20,22/23/7
Setting PWM frequency to 5333.333496
ARRVal = 375
292,0.00938,-1.22396,29118,1,0.000000,CLEANSE_SYSTEM
293,0.00938,-2.00521,27564,1,0.000000,CLEANSE_SYSTEM
294,0.00938,-2.23958,26011,1,0.000000,CLEANSE_SYSTEM
295,0.00938,-2.36979,24457,1,0.000000,CLEANSE_SYSTEM
296,0.00938,-2.42188,22904,1,0.000000,CLEANSE_SYSTEM
297,0.00000,-2.44792,21351,1,0.000000,CLEANSE_SYSTEM
298,0.00938,-2.47396,19798,1,0.000000,CLEANSE_SYSTEM
299,0.00000,-2.50000,18245,1,0.000000,CLEANSE_SYSTEM
300,0.00000,-0.70312,17999,1,0.000000,CLEANSE_SYSTEM
Setting PWM frequency to 5333.333496
ARRVal = 375
301,0.00000,1.25000,18885,1,0.000000,CLEANSE_SYSTEM
302,0.00938,2.21354,20438,1,0.000000,CLEANSE_SYSTEM
303,0.00000,2.55208,21992,1,0.000000,CLEANSE_SYSTEM
304,0.00938,2.68229,23545,1,0.000000,CLEANSE_SYSTEM
305,0.00938,2.73438,25099,1,0.000000,CLEANSE_SYSTEM
306,0.00000,2.78646,26652,1,0.000000,CLEANSE_SYSTEM
307,0.00938,2.81250,28205,1,0.000000,CLEANSE_SYSTEM
308,0.00938,2.83854,29758,1,0.000000,CLEANSE_SYSTEM
309,0.00938,0.80729,30000,0,0.000000,CLEANSE_SYSTEM
#HCL FLUSH OF FILTER 7, 3 ML, [8,20], [22,10,1]
PUMPC,HCL,3000,1,8/20,22/10/1
Setting PWM frequency to 5333.333496
ARRVal = 375
310,0.00938,-1.38021,28957,1,0.000000,CLEANSE_SYSTEM
311,0.00938,-2.05729,27403,1,0.000000,CLEANSE_SYSTEM
312,0.00938,-2.29167,25850,1,0.000000,CLEANSE_SYSTEM
313,0.00938,-2.36979,24296,1,0.000000,CLEANSE_SYSTEM
314,0.00938,-2.44792,22743,1,0.000000,CLEANSE_SYSTEM
315,0.00000,-2.47396,21190,1,0.000000,CLEANSE_SYSTEM
316,0.00938,-2.47396,19637,1,0.000000,CLEANSE_SYSTEM
317,0.00000,-2.52604,18083,1,0.000000,CLEANSE_SYSTEM
318,0.00000,-0.57292,18000,1,0.000000,CLEANSE_SYSTEM
Setting PWM frequency to 5333.333496
ARRVal = 375
319,0.00938,1.58854,19040,1,0.000000,CLEANSE_SYSTEM
320,0.00938,2.65625,20597,1,0.000000,CLEANSE_SYSTEM
321,0.00000,2.99479,22150,1,0.000000,CLEANSE_SYSTEM
322,0.00938,3.17708,23703,1,0.000000,CLEANSE_SYSTEM
323,0.00938,3.25521,25256,1,0.000000,CLEANSE_SYSTEM
324,0.00938,3.28125,26810,1,0.000000,CLEANSE_SYSTEM
325,0.00000,3.28125,28363,1,0.000000,CLEANSE_SYSTEM
326,0.00938,3.30729,29916,0,0.000000,CLEANSE_SYSTEM
327,0.00000,0.72917,30000,0,0.000000,CLEANSE_SYSTEM
#HCL FLUSH OF FILTER 8, 3 ML, [8,20], [22,26,3]
PUMPC,HCL,3000,1,8/20,22/26/3
Setting PWM frequency to 5333.333496
ARRVal = 375
328,0.00938,-1.38021,28963,1,0.000000,CLEANSE_SYSTEM
329,0.00000,-2.08333,27408,1,0.000000,CLEANSE_SYSTEM
330,0.00000,-2.31771,25847,1,0.000000,CLEANSE_SYSTEM
331,0.00938,-2.42188,24294,1,0.000000,CLEANSE_SYSTEM
332,0.00938,-2.47396,22741,1,0.000000,CLEANSE_SYSTEM
333,0.00000,-2.50000,21187,1,0.000000,CLEANSE_SYSTEM
334,0.00000,-2.52604,19634,1,0.000000,CLEANSE_SYSTEM
335,0.00938,-2.55208,18080,1,0.000000,CLEANSE_SYSTEM
336,0.00000,-0.62500,18000,1,0.000000,CLEANSE_SYSTEM
Setting PWM frequency to 5333.333496
ARRVal = 375
337,0.00938,1.43229,19040,1,0.000000,CLEANSE_SYSTEM
338,0.00938,2.34375,20593,1,0.000000,CLEANSE_SYSTEM
339,0.00938,2.63021,22147,1,0.000000,CLEANSE_SYSTEM
340,0.00938,2.73438,23703,1,0.000000,CLEANSE_SYSTEM
341,0.00000,2.78646,25256,1,0.000000,CLEANSE_SYSTEM
342,0.00938,2.81250,26810,1,0.000000,CLEANSE_SYSTEM
343,0.00938,2.86458,28363,1,0.000000,CLEANSE_SYSTEM
344,0.00000,2.86458,29916,0,0.000000,CLEANSE_SYSTEM
345,0.00000,0.65104,30000,0,0.000000,CLEANSE_SYSTEM
#HCL FLUSH OF FILTER 9, 3 ML, [8,20], [22,13,17]
PUMPC,HCL,3000,1,8/20,22/13/17
Setting PWM frequency to 5333.333496
ARRVal = 375
346,0.00938,-1.53646,28809,1,0.000000,CLEANSE_SYSTEM
347,0.00000,-2.13542,27256,1,0.000000,CLEANSE_SYSTEM
348,0.00938,-2.34375,25702,1,0.000000,CLEANSE_SYSTEM
349,0.00000,-2.44792,24148,1,0.000000,CLEANSE_SYSTEM
350,0.00938,-2.52604,22587,1,0.000000,CLEANSE_SYSTEM
351,0.00938,-2.55208,21033,1,0.000000,CLEANSE_SYSTEM
352,0.00938,-2.57813,19480,1,0.000000,CLEANSE_SYSTEM
353,0.00000,-2.57813,17999,1,0.000000,CLEANSE_SYSTEM
354,0.00938,-0.54688,17999,1,0.000000,CLEANSE_SYSTEM
Setting PWM frequency to 5333.333496
ARRVal = 375
355,0.00938,1.64062,19195,1,0.000000,CLEANSE_SYSTEM
356,0.00938,2.50000,20748,1,0.000000,CLEANSE_SYSTEM
357,0.00938,2.78646,22301,1,0.000000,CLEANSE_SYSTEM
358,0.00938,2.91667,23855,1,0.000000,CLEANSE_SYSTEM
359,0.00000,2.96875,25408,1,0.000000,CLEANSE_SYSTEM
360,0.00938,3.02083,26964,1,0.000000,CLEANSE_SYSTEM
361,0.00000,3.04688,28517,1,0.000000,CLEANSE_SYSTEM
362,0.00938,3.07292,30011,0,0.000000,CLEANSE_SYSTEM
363,0.00000,0.70312,30011,0,0.000000,CLEANSE_SYSTEM
#PAUSE FOR 5 MINUTES
PAUSE,300
364,0.00938,0.26042,30011,0,0.000000,CLEANSE_SYSTEM
365,0.00938,0.20833,30011,0,0.000000,CLEANSE_SYSTEM
366,0.00000,0.20833,30011,0,0.000000,CLEANSE_SYSTEM
367,0.00000,0.20833,30011,0,0.000000,CLEANSE_SYSTEM
368,0.00938,0.18229,30011,0,0.000000,CLEANSE_SYSTEM
369,0.00938,0.20833,30011,0,0.000000,CLEANSE_SYSTEM
370,0.00000,0.20833,30011,0,0.000000,CLEANSE_SYSTEM
371,0.00938,0.18229,30011,0,0.000000,CLEANSE_SYSTEM
372,0.00938,0.18229,30011,0,0.000000,CLEANSE_SYSTEM
373,0.00000,0.18229,30011,0,0.000000,CLEANSE_SYSTEM
374,0.00938,0.20833,30011,0,0.000000,CLEANSE_SYSTEM
375,0.00938,0.18229,30011,0,0.000000,CLEANSE_SYSTEM
376,0.00000,0.18229,30011,0,0.000000,CLEANSE_SYSTEM
377,0.00000,0.20833,30011,0,0.000000,CLEANSE_SYSTEM
378,0.00000,0.18229,30011,0,0.000000,CLEANSE_SYSTEM
379,0.00000,0.20833,30011,0,0.000000,CLEANSE_SYSTEM
380,0.00938,0.20833,30011,0,0.000000,CLEANSE_SYSTEM
381,0.00938,0.20833,30011,0,0.000000,CLEANSE_SYSTEM
382,0.00938,0.20833,30011,0,0.000000,CLEANSE_SYSTEM
383,0.00938,0.18229,30011,0,0.000000,CLEANSE_SYSTEM
384,0.00938,0.18229,30011,0,0.000000,CLEANSE_SYSTEM
385,0.00938,0.18229,30011,0,0.000000,CLEANSE_SYSTEM
386,0.00000,0.18229,30011,0,0.000000,CLEANSE_SYSTEM
387,0.00000,0.20833,30011,0,0.000000,CLEANSE_SYSTEM
388,0.00938,0.18229,30011,0,0.000000,CLEANSE_SYSTEM
389,0.00000,0.18229,30011,0,0.000000,CLEANSE_SYSTEM
390,0.00000,0.18229,30011,0,0.000000,CLEANSE_SYSTEM
391,0.00000,0.20833,30011,0,0.000000,CLEANSE_SYSTEM
392,0.00000,0.20833,30011,0,0.000000,CLEANSE_SYSTEM
393,0.00938,0.18229,30011,0,0.000000,CLEANSE_SYSTEM
394,0.00000,0.20833,30011,0,0.000000,CLEANSE_SYSTEM
395,0.00938,0.18229,30011,0,0.000000,CLEANSE_SYSTEM
396,0.00000,0.18229,30011,0,0.000000,CLEANSE_SYSTEM
397,0.00938,0.18229,30011,0,0.000000,CLEANSE_SYSTEM
398,0.00938,0.18229,30011,0,0.000000,CLEANSE_SYSTEM
399,0.00938,0.18229,30011,0,0.000000,CLEANSE_SYSTEM
400,0.00938,0.18229,30011,0,0.000000,CLEANSE_SYSTEM
401,0.00000,0.20833,30011,0,0.000000,CLEANSE_SYSTEM
402,0.00000,0.20833,30011,0,0.000000,CLEANSE_SYSTEM
403,0.00000,0.18229,30011,0,0.000000,CLEANSE_SYSTEM
404,0.00000,0.18229,30011,0,0.000000,CLEANSE_SYSTEM
405,0.00000,0.18229,30011,0,0.000000,CLEANSE_SYSTEM
406,0.00000,0.18229,30011,0,0.000000,CLEANSE_SYSTEM
407,0.00000,0.18229,30011,0,0.000000,CLEANSE_SYSTEM
408,0.00000,0.18229,30011,0,0.000000,CLEANSE_SYSTEM
409,0.00000,0.18229,30011,0,0.000000,CLEANSE_SYSTEM
410,0.00000,0.18229,30011,0,0.000000,CLEANSE_SYSTEM
411,0.00938,0.18229,30011,0,0.000000,CLEANSE_SYSTEM
412,0.00000,0.18229,30011,0,0.000000,CLEANSE_SYSTEM
413,0.00000,0.18229,30011,0,0.000000,CLEANSE_SYSTEM
414,0.00000,0.18229,30011,0,0.000000,CLEANSE_SYSTEM
415,0.00000,0.18229,30011,0,0.000000,CLEANSE_SYSTEM
416,0.00000,0.18229,30011,0,0.000000,CLEANSE_SYSTEM
417,0.00000,0.18229,30011,0,0.000000,CLEANSE_SYSTEM
418,0.00000,0.18229,30011,0,0.000000,CLEANSE_SYSTEM
419,0.00000,0.18229,30011,0,0.000000,CLEANSE_SYSTEM
420,0.00938,0.18229,30011,0,0.000000,CLEANSE_SYSTEM
421,0.00938,0.18229,30011,0,0.000000,CLEANSE_SYSTEM
422,0.00000,0.18229,30011,0,0.000000,CLEANSE_SYSTEM
423,0.00000,0.18229,30011,0,0.000000,CLEANSE_SYSTEM
424,0.00938,0.18229,30011,0,0.000000,CLEANSE_SYSTEM
425,0.00000,0.18229,30011,0,0.000000,CLEANSE_SYSTEM
426,0.00000,0.18229,30011,0,0.000000,CLEANSE_SYSTEM
427,0.00000,0.18229,30011,0,0.000000,CLEANSE_SYSTEM
428,0.00000,0.18229,30011,0,0.000000,CLEANSE_SYSTEM
429,0.00000,0.18229,30011,0,0.000000,CLEANSE_SYSTEM
430,0.00000,0.18229,30011,0,0.000000,CLEANSE_SYSTEM
431,0.00000,0.18229,30011,0,0.000000,CLEANSE_SYSTEM
432,0.00000,0.18229,30011,0,0.000000,CLEANSE_SYSTEM
433,0.00000,0.18229,30011,0,0.000000,CLEANSE_SYSTEM
434,0.00938,0.18229,30011,0,0.000000,CLEANSE_SYSTEM
435,0.00000,0.18229,30011,0,0.000000,CLEANSE_SYSTEM
436,0.00000,0.18229,30011,0,0.000000,CLEANSE_SYSTEM
437,0.00938,0.18229,30011,0,0.000000,CLEANSE_SYSTEM
438,0.00000,0.18229,30011,0,0.000000,CLEANSE_SYSTEM
439,0.00000,0.18229,30011,0,0.000000,CLEANSE_SYSTEM
440,0.00000,0.18229,30011,0,0.000000,CLEANSE_SYSTEM
441,0.00938,0.18229,30011,0,0.000000,CLEANSE_SYSTEM
442,0.00000,0.18229,30011,0,0.000000,CLEANSE_SYSTEM
443,0.00938,0.18229,30011,0,0.000000,CLEANSE_SYSTEM
444,0.00000,0.18229,30011,0,0.000000,CLEANSE_SYSTEM
445,0.00938,0.18229,30011,0,0.000000,CLEANSE_SYSTEM
446,0.00000,0.18229,30011,0,0.000000,CLEANSE_SYSTEM
447,0.00938,0.18229,30011,0,0.000000,CLEANSE_SYSTEM
448,0.00000,0.18229,30011,0,0.000000,CLEANSE_SYSTEM
449,0.00938,0.18229,30011,0,0.000000,CLEANSE_SYSTEM
450,0.00000,0.18229,30011,0,0.000000,CLEANSE_SYSTEM
451,0.00000,0.15625,30011,0,0.000000,CLEANSE_SYSTEM
452,0.00000,0.18229,30011,0,0.000000,CLEANSE_SYSTEM
453,0.00000,0.18229,30011,0,0.000000,CLEANSE_SYSTEM
454,0.00000,0.18229,30011,0,0.000000,CLEANSE_SYSTEM
455,0.00000,0.18229,30011,0,0.000000,CLEANSE_SYSTEM
456,0.00938,0.18229,30011,0,0.000000,CLEANSE_SYSTEM
457,0.00000,0.18229,30011,0,0.000000,CLEANSE_SYSTEM
458,0.00000,0.18229,30011,0,0.000000,CLEANSE_SYSTEM
459,0.00938,0.18229,30011,0,0.000000,CLEANSE_SYSTEM
460,0.00000,0.18229,30011,0,0.000000,CLEANSE_SYSTEM
461,0.00000,0.18229,30011,0,0.000000,CLEANSE_SYSTEM
462,0.00000,0.18229,30011,0,0.000000,CLEANSE_SYSTEM
463,0.00000,0.18229,30011,0,0.000000,CLEANSE_SYSTEM
464,0.00000,0.15625,30011,0,0.000000,CLEANSE_SYSTEM
465,0.00000,0.18229,30011,0,0.000000,CLEANSE_SYSTEM
466,0.00000,0.18229,30011,0,0.000000,CLEANSE_SYSTEM
467,0.00000,0.18229,30011,0,0.000000,CLEANSE_SYSTEM
468,0.00000,0.18229,30011,0,0.000000,CLEANSE_SYSTEM
469,0.00000,0.18229,30011,0,0.000000,CLEANSE_SYSTEM
470,0.00000,0.18229,30011,0,0.000000,CLEANSE_SYSTEM
471,0.00000,0.18229,30011,0,0.000000,CLEANSE_SYSTEM
472,0.00000,0.18229,30011,0,0.000000,CLEANSE_SYSTEM
473,0.00000,0.15625,30011,0,0.000000,CLEANSE_SYSTEM
474,0.00938,0.18229,30011,0,0.000000,CLEANSE_SYSTEM
475,0.00000,0.18229,30011,0,0.000000,CLEANSE_SYSTEM
476,0.00000,0.18229,30011,0,0.000000,CLEANSE_SYSTEM
477,0.00000,0.15625,30011,0,0.000000,CLEANSE_SYSTEM
478,0.00000,0.15625,30011,0,0.000000,CLEANSE_SYSTEM
479,0.00000,0.18229,30011,0,0.000000,CLEANSE_SYSTEM
480,0.00000,0.18229,30011,0,0.000000,CLEANSE_SYSTEM
481,0.00000,0.18229,30011,0,0.000000,CLEANSE_SYSTEM
482,0.00000,0.18229,30011,0,0.000000,CLEANSE_SYSTEM
483,0.00000,0.18229,30011,0,0.000000,CLEANSE_SYSTEM
484,0.00000,0.18229,30011,0,0.000000,CLEANSE_SYSTEM
485,0.00938,0.18229,30011,0,0.000000,CLEANSE_SYSTEM
486,0.00000,0.18229,30011,0,0.000000,CLEANSE_SYSTEM
487,0.00000,0.18229,30011,0,0.000000,CLEANSE_SYSTEM
488,0.00000,0.18229,30011,0,0.000000,CLEANSE_SYSTEM
489,0.00000,0.18229,30011,0,0.000000,CLEANSE_SYSTEM
490,0.00000,0.15625,30011,0,0.000000,CLEANSE_SYSTEM
491,0.00000,0.18229,30011,0,0.000000,CLEANSE_SYSTEM
492,0.00000,0.18229,30011,0,0.000000,CLEANSE_SYSTEM
493,0.00000,0.18229,30011,0,0.000000,CLEANSE_SYSTEM
494,0.00000,0.18229,30011,0,0.000000,CLEANSE_SYSTEM
495,0.00938,0.18229,30011,0,0.000000,CLEANSE_SYSTEM
496,0.00000,0.18229,30011,0,0.000000,CLEANSE_SYSTEM
497,0.00000,0.18229,30011,0,0.000000,CLEANSE_SYSTEM
498,0.00000,0.18229,30011,0,0.000000,CLEANSE_SYSTEM
499,0.00938,0.18229,30011,0,0.000000,CLEANSE_SYSTEM
500,0.00000,0.18229,30011,0,0.000000,CLEANSE_SYSTEM
501,0.00000,0.18229,30011,0,0.000000,CLEANSE_SYSTEM
502,0.00000,0.18229,30011,0,0.000000,CLEANSE_SYSTEM
503,0.00938,0.18229,30011,0,0.000000,CLEANSE_SYSTEM
504,0.00938,0.15625,30011,0,0.000000,CLEANSE_SYSTEM
505,0.00000,0.18229,30011,0,0.000000,CLEANSE_SYSTEM
506,0.00938,0.18229,30011,0,0.000000,CLEANSE_SYSTEM
507,0.00938,0.15625,30011,0,0.000000,CLEANSE_SYSTEM
508,0.00000,0.18229,30011,0,0.000000,CLEANSE_SYSTEM
509,0.00000,0.18229,30011,0,0.000000,CLEANSE_SYSTEM
510,0.00000,0.15625,30011,0,0.000000,CLEANSE_SYSTEM
511,0.00000,0.18229,30011,0,0.000000,CLEANSE_SYSTEM
512,0.00000,0.18229,30011,0,0.000000,CLEANSE_SYSTEM
513,0.00938,0.15625,30011,0,0.000000,CLEANSE_SYSTEM
514,0.00000,0.18229,30011,0,0.000000,CLEANSE_SYSTEM
515,0.00000,0.18229,30011,0,0.000000,CLEANSE_SYSTEM
516,0.00000,0.15625,30011,0,0.000000,CLEANSE_SYSTEM
517,0.00938,0.15625,30011,0,0.000000,CLEANSE_SYSTEM
518,0.00000,0.18229,30011,0,0.000000,CLEANSE_SYSTEM
519,0.00000,0.18229,30011,0,0.000000,CLEANSE_SYSTEM
520,0.00000,0.18229,30011,0,0.000000,CLEANSE_SYSTEM
521,0.00938,0.18229,30011,0,0.000000,CLEANSE_SYSTEM
522,0.00938,0.18229,30011,0,0.000000,CLEANSE_SYSTEM
523,0.00000,0.18229,30011,0,0.000000,CLEANSE_SYSTEM
524,0.00000,0.18229,30011,0,0.000000,CLEANSE_SYSTEM
525,0.00938,0.18229,30011,0,0.000000,CLEANSE_SYSTEM
526,0.00000,0.15625,30011,0,0.000000,CLEANSE_SYSTEM
527,0.00000,0.15625,30011,0,0.000000,CLEANSE_SYSTEM
528,0.00000,0.15625,30011,0,0.000000,CLEANSE_SYSTEM
529,0.00000,0.18229,30011,0,0.000000,CLEANSE_SYSTEM
530,0.00000,0.15625,30011,0,0.000000,CLEANSE_SYSTEM
531,0.00938,0.15625,30011,0,0.000000,CLEANSE_SYSTEM
532,0.00000,0.15625,30011,0,0.000000,CLEANSE_SYSTEM
533,0.00000,0.18229,30011,0,0.000000,CLEANSE_SYSTEM
534,0.00000,0.15625,30011,0,0.000000,CLEANSE_SYSTEM
535,0.00000,0.15625,30011,0,0.000000,CLEANSE_SYSTEM
536,0.00000,0.18229,30011,0,0.000000,CLEANSE_SYSTEM
537,0.00000,0.15625,30011,0,0.000000,CLEANSE_SYSTEM
538,0.00000,0.18229,30011,0,0.000000,CLEANSE_SYSTEM
539,0.00000,0.15625,30011,0,0.000000,CLEANSE_SYSTEM
540,0.00000,0.18229,30011,0,0.000000,CLEANSE_SYSTEM
541,0.00938,0.18229,30011,0,0.000000,CLEANSE_SYSTEM
542,0.00000,0.18229,30011,0,0.000000,CLEANSE_SYSTEM
543,0.00000,0.15625,30011,0,0.000000,CLEANSE_SYSTEM
544,0.00000,0.15625,30011,0,0.000000,CLEANSE_SYSTEM
545,0.00000,0.15625,30011,0,0.000000,CLEANSE_SYSTEM
546,0.00000,0.18229,30011,0,0.000000,CLEANSE_SYSTEM
547,0.00000,0.15625,30011,0,0.000000,CLEANSE_SYSTEM
548,0.00000,0.15625,30011,0,0.000000,CLEANSE_SYSTEM
549,0.00000,0.18229,30011,0,0.000000,CLEANSE_SYSTEM
550,0.00938,0.15625,30011,0,0.000000,CLEANSE_SYSTEM
551,0.00000,0.18229,30011,0,0.000000,CLEANSE_SYSTEM
552,0.00000,0.15625,30011,0,0.000000,CLEANSE_SYSTEM
553,0.00000,0.18229,30011,0,0.000000,CLEANSE_SYSTEM
554,0.00000,0.15625,30011,0,0.000000,CLEANSE_SYSTEM
555,0.00938,0.18229,30011,0,0.000000,CLEANSE_SYSTEM
556,0.00938,0.15625,30011,0,0.000000,CLEANSE_SYSTEM
557,0.00000,0.15625,30011,0,0.000000,CLEANSE_SYSTEM
558,0.00000,0.15625,30011,0,0.000000,CLEANSE_SYSTEM
559,0.00000,0.15625,30011,0,0.000000,CLEANSE_SYSTEM
560,0.00000,0.15625,30011,0,0.000000,CLEANSE_SYSTEM
561,0.00000,0.18229,30011,0,0.000000,CLEANSE_SYSTEM
562,0.00938,0.15625,30011,0,0.000000,CLEANSE_SYSTEM
563,0.00000,0.15625,30011,0,0.000000,CLEANSE_SYSTEM
564,0.00000,0.15625,30011,0,0.000000,CLEANSE_SYSTEM
565,0.00000,0.15625,30011,0,0.000000,CLEANSE_SYSTEM
566,0.00938,0.18229,30011,0,0.000000,CLEANSE_SYSTEM
567,0.00000,0.15625,30011,0,0.000000,CLEANSE_SYSTEM
568,0.00938,0.15625,30011,0,0.000000,CLEANSE_SYSTEM
569,0.00000,0.15625,30011,0,0.000000,CLEANSE_SYSTEM
570,0.00000,0.18229,30011,0,0.000000,CLEANSE_SYSTEM
571,0.00000,0.15625,30011,0,0.000000,CLEANSE_SYSTEM
572,0.00000,0.15625,30011,0,0.000000,CLEANSE_SYSTEM
573,0.00000,0.15625,30011,0,0.000000,CLEANSE_SYSTEM
574,0.00000,0.18229,30011,0,0.000000,CLEANSE_SYSTEM
575,0.00000,0.18229,30011,0,0.000000,CLEANSE_SYSTEM
576,0.00000,0.18229,30011,0,0.000000,CLEANSE_SYSTEM
577,0.00000,0.15625,30011,0,0.000000,CLEANSE_SYSTEM
578,0.00000,0.18229,30011,0,0.000000,CLEANSE_SYSTEM
579,0.00000,0.18229,30011,0,0.000000,CLEANSE_SYSTEM
580,0.00000,0.15625,30011,0,0.000000,CLEANSE_SYSTEM
581,0.00000,0.15625,30011,0,0.000000,CLEANSE_SYSTEM
582,0.00000,0.15625,30011,0,0.000000,CLEANSE_SYSTEM
583,0.00000,0.18229,30011,0,0.000000,CLEANSE_SYSTEM
584,0.00000,0.15625,30011,0,0.000000,CLEANSE_SYSTEM
585,0.00938,0.15625,30011,0,0.000000,CLEANSE_SYSTEM
586,0.00000,0.18229,30011,0,0.000000,CLEANSE_SYSTEM
587,0.00000,0.18229,30011,0,0.000000,CLEANSE_SYSTEM
588,0.00000,0.18229,30011,0,0.000000,CLEANSE_SYSTEM
589,0.00000,0.15625,30011,0,0.000000,CLEANSE_SYSTEM
590,0.00000,0.15625,30011,0,0.000000,CLEANSE_SYSTEM
591,0.00000,0.15625,30011,0,0.000000,CLEANSE_SYSTEM
592,0.00000,0.15625,30011,0,0.000000,CLEANSE_SYSTEM
593,0.00000,0.15625,30011,0,0.000000,CLEANSE_SYSTEM
594,0.00000,0.18229,30011,0,0.000000,CLEANSE_SYSTEM
595,0.00000,0.15625,30011,0,0.000000,CLEANSE_SYSTEM
596,0.00938,0.15625,30011,0,0.000000,CLEANSE_SYSTEM
597,0.00000,0.15625,30011,0,0.000000,CLEANSE_SYSTEM
598,0.00938,0.15625,30011,0,0.000000,CLEANSE_SYSTEM
599,0.00000,0.18229,30011,0,0.000000,CLEANSE_SYSTEM
600,0.00000,0.15625,30011,0,0.000000,CLEANSE_SYSTEM
601,0.00000,0.18229,30011,0,0.000000,CLEANSE_SYSTEM
602,0.00000,0.18229,30011,0,0.000000,CLEANSE_SYSTEM
603,0.00000,0.15625,30011,0,0.000000,CLEANSE_SYSTEM
604,0.00000,0.15625,30011,0,0.000000,CLEANSE_SYSTEM
605,0.00000,0.15625,30011,0,0.000000,CLEANSE_SYSTEM
606,0.00000,0.15625,30011,0,0.000000,CLEANSE_SYSTEM
607,0.00000,0.15625,30011,0,0.000000,CLEANSE_SYSTEM
608,0.00000,0.18229,30011,0,0.000000,CLEANSE_SYSTEM
609,0.00000,0.18229,30011,0,0.000000,CLEANSE_SYSTEM
610,0.00000,0.15625,30011,0,0.000000,CLEANSE_SYSTEM
611,0.00938,0.15625,30011,0,0.000000,CLEANSE_SYSTEM
612,0.00000,0.15625,30011,0,0.000000,CLEANSE_SYSTEM
613,0.00000,0.15625,30011,0,0.000000,CLEANSE_SYSTEM
614,0.00000,0.15625,30011,0,0.000000,CLEANSE_SYSTEM
615,0.00000,0.15625,30011,0,0.000000,CLEANSE_SYSTEM
616,0.00000,0.15625,30011,0,0.000000,CLEANSE_SYSTEM
617,0.00000,0.15625,30011,0,0.000000,CLEANSE_SYSTEM
618,0.00000,0.15625,30011,0,0.000000,CLEANSE_SYSTEM
619,0.00000,0.15625,30011,0,0.000000,CLEANSE_SYSTEM
620,0.00000,0.15625,30011,0,0.000000,CLEANSE_SYSTEM
621,0.00000,0.15625,30011,0,0.000000,CLEANSE_SYSTEM
622,0.00938,0.18229,30011,0,0.000000,CLEANSE_SYSTEM
623,0.00000,0.15625,30011,0,0.000000,CLEANSE_SYSTEM
624,0.00000,0.15625,30011,0,0.000000,CLEANSE_SYSTEM
625,0.00000,0.15625,30011,0,0.000000,CLEANSE_SYSTEM
626,0.00000,0.18229,30011,0,0.000000,CLEANSE_SYSTEM
627,0.00000,0.15625,30011,0,0.000000,CLEANSE_SYSTEM
628,0.00000,0.15625,30011,0,0.000000,CLEANSE_SYSTEM
629,0.00938,0.18229,30011,0,0.000000,CLEANSE_SYSTEM
630,0.00000,0.15625,30011,0,0.000000,CLEANSE_SYSTEM
631,0.00000,0.15625,30011,0,0.000000,CLEANSE_SYSTEM
632,0.00000,0.18229,30011,0,0.000000,CLEANSE_SYSTEM
633,0.00000,0.15625,30011,0,0.000000,CLEANSE_SYSTEM
634,0.00000,0.15625,30011,0,0.000000,CLEANSE_SYSTEM
635,0.00000,0.15625,30011,0,0.000000,CLEANSE_SYSTEM
636,0.00000,0.15625,30011,0,0.000000,CLEANSE_SYSTEM
637,0.00000,0.15625,30011,0,0.000000,CLEANSE_SYSTEM
638,0.00000,0.18229,30011,0,0.000000,CLEANSE_SYSTEM
639,0.00000,0.15625,30011,0,0.000000,CLEANSE_SYSTEM
640,0.00000,0.15625,30011,0,0.000000,CLEANSE_SYSTEM
641,0.00000,0.15625,30011,0,0.000000,CLEANSE_SYSTEM
642,0.00000,0.18229,30011,0,0.000000,CLEANSE_SYSTEM
643,0.00000,0.15625,30011,0,0.000000,CLEANSE_SYSTEM
644,0.00000,0.15625,30011,0,0.000000,CLEANSE_SYSTEM
645,0.00000,0.15625,30011,0,0.000000,CLEANSE_SYSTEM
646,0.00938,0.15625,30011,0,0.000000,CLEANSE_SYSTEM
647,0.00000,0.18229,30011,0,0.000000,CLEANSE_SYSTEM
648,0.00000,0.15625,30011,0,0.000000,CLEANSE_SYSTEM
649,0.00000,0.15625,30011,0,0.000000,CLEANSE_SYSTEM
650,0.00000,0.15625,30011,0,0.000000,CLEANSE_SYSTEM
651,0.00000,0.15625,30011,0,0.000000,CLEANSE_SYSTEM
652,0.00000,0.15625,30011,0,0.000000,CLEANSE_SYSTEM
653,0.00000,0.18229,30011,0,0.000000,CLEANSE_SYSTEM
654,0.00000,0.15625,30011,0,0.000000,CLEANSE_SYSTEM
655,0.00000,0.15625,30011,0,0.000000,CLEANSE_SYSTEM
656,0.00000,0.15625,30011,0,0.000000,CLEANSE_SYSTEM
657,0.00000,0.18229,30011,0,0.000000,CLEANSE_SYSTEM
658,0.00000,0.15625,30011,0,0.000000,CLEANSE_SYSTEM
659,0.00938,0.15625,30011,0,0.000000,CLEANSE_SYSTEM
660,0.00000,0.15625,30011,0,0.000000,CLEANSE_SYSTEM
661,0.00000,0.15625,30011,0,0.000000,CLEANSE_SYSTEM
662,0.00000,0.15625,30011,0,0.000000,CLEANSE_SYSTEM
663,0.00000,0.15625,30011,0,0.000000,CLEANSE_SYSTEM
######################### MILLI-Q ######################################
#MQ FLUSH OF FILTER 1, 9 ML, [21,20], [22,14,16]
PUMPC,MQ,3000,3,21/20,22/14/16
Setting PWM frequency to 5333.333496
ARRVal = 375
664,0.00000,-1.40625,28830,1,0.000000,CLEANSE_SYSTEM
665,0.00938,-1.82292,27277,1,0.000000,CLEANSE_SYSTEM
666,0.00000,-1.87500,25724,1,0.000000,CLEANSE_SYSTEM
667,0.00000,-1.90104,24169,1,0.000000,CLEANSE_SYSTEM
668,0.00000,-1.92708,22616,1,0.000000,CLEANSE_SYSTEM
669,0.00000,-1.95312,21062,1,0.000000,CLEANSE_SYSTEM
670,0.00000,-1.97917,19501,1,0.000000,CLEANSE_SYSTEM
671,0.00000,-2.00521,17998,1,0.000000,CLEANSE_SYSTEM
672,0.00000,-0.36458,17998,1,0.000000,CLEANSE_SYSTEM
Setting PWM frequency to 5333.333496
ARRVal = 375
673,0.00000,1.53646,19354,1,0.000000,CLEANSE_SYSTEM
674,0.00000,2.60417,20907,1,0.000000,CLEANSE_SYSTEM
675,0.00000,2.94271,22460,1,0.000000,CLEANSE_SYSTEM
676,0.00938,3.07292,24015,1,0.000000,CLEANSE_SYSTEM
677,0.00000,3.15104,25568,1,0.000000,CLEANSE_SYSTEM
678,0.00000,3.17708,27121,1,0.000000,CLEANSE_SYSTEM
679,0.00000,3.20312,28674,1,0.000000,CLEANSE_SYSTEM
680,0.00000,2.86458,29991,0,0.000000,CLEANSE_SYSTEM
681,0.00000,0.62500,29991,0,0.000000,CLEANSE_SYSTEM
Setting PWM frequency to 5333.333496
ARRVal = 375
682,0.00938,-1.48438,28640,1,0.000000,CLEANSE_SYSTEM
683,0.00000,-1.79688,27087,1,0.000000,CLEANSE_SYSTEM
684,0.00000,-1.87500,25534,1,0.000000,CLEANSE_SYSTEM
685,0.00000,-1.95312,23981,1,0.000000,CLEANSE_SYSTEM
686,0.00938,-1.97917,22427,1,0.000000,CLEANSE_SYSTEM
687,0.00000,-1.97917,20873,1,0.000000,CLEANSE_SYSTEM
688,0.00000,-2.00521,19320,1,0.000000,CLEANSE_SYSTEM
689,0.00938,-1.79688,17999,1,0.000000,CLEANSE_SYSTEM
690,0.00000,-0.33854,17999,1,0.000000,CLEANSE_SYSTEM
Setting PWM frequency to 5333.333496
ARRVal = 375
691,0.00000,1.92708,19501,1,0.000000,CLEANSE_SYSTEM
692,0.00000,2.68229,21054,1,0.000000,CLEANSE_SYSTEM
693,0.00000,2.91667,22608,1,0.000000,CLEANSE_SYSTEM
694,0.00000,3.09896,24161,1,0.000000,CLEANSE_SYSTEM
695,0.00938,3.09896,25714,1,0.000000,CLEANSE_SYSTEM
696,0.00938,3.25521,27268,1,0.000000,CLEANSE_SYSTEM
697,0.00938,3.35938,28822,1,0.000000,CLEANSE_SYSTEM
698,0.00000,2.52604,30000,0,0.000000,CLEANSE_SYSTEM
699,0.00000,0.59896,30000,0,0.000000,CLEANSE_SYSTEM
Setting PWM frequency to 5333.333496
ARRVal = 375
700,0.00000,-1.56250,28484,1,0.000000,CLEANSE_SYSTEM
701,0.00000,-1.84896,26930,1,0.000000,CLEANSE_SYSTEM
702,0.00000,-1.95312,25377,1,0.000000,CLEANSE_SYSTEM
703,0.00000,-1.74479,23824,1,0.000000,CLEANSE_SYSTEM
704,0.00938,-1.97917,22271,1,0.000000,CLEANSE_SYSTEM
705,0.00000,-2.00521,20717,1,0.000000,CLEANSE_SYSTEM
706,0.00000,-2.03125,19164,1,0.000000,CLEANSE_SYSTEM
707,0.00000,-1.45833,17999,1,0.000000,CLEANSE_SYSTEM
Setting PWM frequency to 5333.333496
ARRVal = 375
708,0.00000,-0.33854,18112,1,0.000000,CLEANSE_SYSTEM
709,0.00000,2.05729,19665,1,0.000000,CLEANSE_SYSTEM
710,0.00000,2.76042,21221,1,0.000000,CLEANSE_SYSTEM
711,0.00000,3.04688,22774,1,0.000000,CLEANSE_SYSTEM
712,0.00000,3.20312,24328,1,0.000000,CLEANSE_SYSTEM
713,0.00000,3.28125,25881,1,0.000000,CLEANSE_SYSTEM
714,0.00000,3.30729,27434,1,0.000000,CLEANSE_SYSTEM
715,0.00000,3.33333,28989,1,0.000000,CLEANSE_SYSTEM
716,0.00000,2.08333,30000,0,0.000000,CLEANSE_SYSTEM
#MQ FLUSH OF FILTER 2, 9 ML, [21,20], [22,25,5]
PUMPC,MQ,3000,3,21/20,22/25/5
Setting PWM frequency to 5333.333496
ARRVal = 375
717,0.00000,0.46875,29887,1,0.000000,CLEANSE_SYSTEM
718,0.00000,-1.61458,28333,1,0.000000,CLEANSE_SYSTEM
719,0.00000,-1.87500,26780,1,0.000000,CLEANSE_SYSTEM
720,0.00000,-1.95312,25219,1,0.000000,CLEANSE_SYSTEM
721,0.00938,-1.97917,23666,1,0.000000,CLEANSE_SYSTEM
722,0.00938,-2.00521,22113,1,0.000000,CLEANSE_SYSTEM
723,0.00000,-2.00521,20559,1,0.000000,CLEANSE_SYSTEM
724,0.00000,-2.03125,19005,1,0.000000,CLEANSE_SYSTEM
725,0.00000,-1.19792,17999,1,0.000000,CLEANSE_SYSTEM
Setting PWM frequency to 5333.333496
ARRVal = 375
726,0.00938,0.10417,18267,1,0.000000,CLEANSE_SYSTEM
727,0.00938,1.97917,19820,1,0.000000,CLEANSE_SYSTEM
728,0.00938,2.44792,21373,1,0.000000,CLEANSE_SYSTEM
729,0.00000,2.73438,22926,1,0.000000,CLEANSE_SYSTEM
730,0.00938,2.91667,24482,1,0.000000,CLEANSE_SYSTEM
731,0.00938,3.02083,26035,1,0.000000,CLEANSE_SYSTEM
732,0.00938,3.07292,27588,1,0.000000,CLEANSE_SYSTEM
733,0.00938,3.09896,29141,1,0.000000,CLEANSE_SYSTEM
734,0.00938,1.69271,30000,0,0.000000,CLEANSE_SYSTEM
Setting PWM frequency to 5333.333496
ARRVal = 375
735,0.00938,-0.07812,29720,1,0.000000,CLEANSE_SYSTEM
736,0.00938,-1.66667,28167,1,0.000000,CLEANSE_SYSTEM
737,0.00938,-1.95312,26614,1,0.000000,CLEANSE_SYSTEM
738,0.00938,-1.95312,25061,1,0.000000,CLEANSE_SYSTEM
739,0.00938,-2.00521,23508,1,0.000000,CLEANSE_SYSTEM
740,0.00938,-2.03125,21951,1,0.000000,CLEANSE_SYSTEM
741,0.00938,-2.03125,20398,1,0.000000,CLEANSE_SYSTEM
742,0.00938,-2.05729,18845,1,0.000000,CLEANSE_SYSTEM
743,0.00000,-1.01562,17999,1,0.000000,CLEANSE_SYSTEM
Setting PWM frequency to 5333.333496
ARRVal = 375
744,0.00938,0.52083,18421,1,0.000000,CLEANSE_SYSTEM
745,0.00938,2.05729,19975,1,0.000000,CLEANSE_SYSTEM
746,0.00000,2.60417,21528,1,0.000000,CLEANSE_SYSTEM
747,0.00938,2.81250,23081,1,0.000000,CLEANSE_SYSTEM
748,0.00938,2.94271,24634,1,0.000000,CLEANSE_SYSTEM
749,0.00938,2.96875,26187,1,0.000000,CLEANSE_SYSTEM
750,0.00938,3.02083,27743,1,0.000000,CLEANSE_SYSTEM
751,0.00938,3.02083,29296,1,0.000000,CLEANSE_SYSTEM
752,0.00938,1.43229,30000,0,0.000000,CLEANSE_SYSTEM
Setting PWM frequency to 5333.333496
ARRVal = 375
753,0.00938,-0.54688,29566,1,0.000000,CLEANSE_SYSTEM
754,0.00000,-1.69271,28013,1,0.000000,CLEANSE_SYSTEM
755,0.00000,-1.92708,26460,1,0.000000,CLEANSE_SYSTEM
756,0.00000,-2.00521,24907,1,0.000000,CLEANSE_SYSTEM
757,0.00938,-2.03125,23354,1,0.000000,CLEANSE_SYSTEM
758,0.00938,-2.03125,21800,1,0.000000,CLEANSE_SYSTEM
759,0.00938,-2.05729,20247,1,0.000000,CLEANSE_SYSTEM
760,0.00938,-2.08333,18691,1,0.000000,CLEANSE_SYSTEM
761,0.00000,-0.85938,17998,1,0.000000,CLEANSE_SYSTEM
Setting PWM frequency to 5333.333496
ARRVal = 375
762,0.00938,0.78125,18576,1,0.000000,CLEANSE_SYSTEM
763,0.00938,2.10938,20130,1,0.000000,CLEANSE_SYSTEM
764,0.00938,2.65625,21684,1,0.000000,CLEANSE_SYSTEM
765,0.00000,2.81250,23236,1,0.000000,CLEANSE_SYSTEM
766,0.00938,2.91667,24790,1,0.000000,CLEANSE_SYSTEM
767,0.00938,2.96875,26343,1,0.000000,CLEANSE_SYSTEM
768,0.00938,2.99479,27896,1,0.000000,CLEANSE_SYSTEM
769,0.00938,2.99479,29449,1,0.000000,CLEANSE_SYSTEM
770,0.00938,1.19792,30000,0,0.000000,CLEANSE_SYSTEM
#MQ FLUSH OF FILTER 3, 9 ML, [21,20], [22,12,18]
PUMPC,MQ,3000,3,21/20,22/12/18
Setting PWM frequency to 5333.333496
ARRVal = 375
771,0.00000,-1.04167,29269,1,0.000000,CLEANSE_SYSTEM
772,0.00000,-1.77083,27715,1,0.000000,CLEANSE_SYSTEM
773,0.00938,-1.92708,26161,1,0.000000,CLEANSE_SYSTEM
774,0.00938,-2.00521,24608,1,0.000000,CLEANSE_SYSTEM
775,0.00938,-2.03125,23055,1,0.000000,CLEANSE_SYSTEM
776,0.00938,-2.05729,21502,1,0.000000,CLEANSE_SYSTEM
777,0.00938,-2.05729,19949,1,0.000000,CLEANSE_SYSTEM
778,0.00938,-2.08333,18396,1,0.000000,CLEANSE_SYSTEM
779,0.00938,-0.57292,17998,1,0.000000,CLEANSE_SYSTEM
Setting PWM frequency to 5333.333496
ARRVal = 375
780,0.00938,1.25000,18891,1,0.000000,CLEANSE_SYSTEM
781,0.00938,2.39583,20444,1,0.000000,CLEANSE_SYSTEM
782,0.00000,2.63021,21999,1,0.000000,CLEANSE_SYSTEM
783,0.00938,2.89063,23552,1,0.000000,CLEANSE_SYSTEM
784,0.00938,3.12500,25106,1,0.000000,CLEANSE_SYSTEM
785,0.00938,3.33333,26659,1,0.000000,CLEANSE_SYSTEM
786,0.00938,3.38542,28212,1,0.000000,CLEANSE_SYSTEM
787,0.00000,3.33333,29765,1,0.000000,CLEANSE_SYSTEM
788,0.00938,1.09375,30000,0,0.000000,CLEANSE_SYSTEM
Setting PWM frequency to 5333.333496
ARRVal = 375
789,0.00938,-1.17188,29103,1,0.000000,CLEANSE_SYSTEM
790,0.00938,-1.84896,27548,1,0.000000,CLEANSE_SYSTEM
791,0.00938,-2.00521,25993,1,0.000000,CLEANSE_SYSTEM
792,0.00000,-2.03125,24439,1,0.000000,CLEANSE_SYSTEM
793,0.00938,-2.08333,22886,1,0.000000,CLEANSE_SYSTEM
794,0.00938,-2.08333,21333,1,0.000000,CLEANSE_SYSTEM
795,0.00938,-2.08333,19780,1,0.000000,CLEANSE_SYSTEM
796,0.00000,-2.10938,18227,1,0.000000,CLEANSE_SYSTEM
797,0.00000,-0.52083,17999,1,0.000000,CLEANSE_SYSTEM
Setting PWM frequency to 5333.333496
ARRVal = 375
798,0.00938,1.51042,19038,1,0.000000,CLEANSE_SYSTEM
799,0.00938,2.55208,20591,1,0.000000,CLEANSE_SYSTEM
800,0.00938,2.86458,22147,1,0.000000,CLEANSE_SYSTEM
801,0.00938,2.86458,23701,1,0.000000,CLEANSE_SYSTEM
802,0.00938,2.96875,25255,1,0.000000,CLEANSE_SYSTEM
803,0.00938,3.09896,26808,1,0.000000,CLEANSE_SYSTEM
804,0.00938,3.17708,28361,1,0.000000,CLEANSE_SYSTEM
805,0.00938,3.22917,29914,0,0.000000,CLEANSE_SYSTEM
806,0.00938,0.85938,30000,0,0.000000,CLEANSE_SYSTEM
Setting PWM frequency to 5333.333496
ARRVal = 375
807,0.00938,-1.30208,28949,1,0.000000,CLEANSE_SYSTEM
808,0.00938,-1.84896,27396,1,0.000000,CLEANSE_SYSTEM
809,0.00938,-2.03125,25843,1,0.000000,CLEANSE_SYSTEM
810,0.00000,-2.05729,24285,1,0.000000,CLEANSE_SYSTEM
811,0.00938,-2.08333,22732,1,0.000000,CLEANSE_SYSTEM
812,0.00938,-2.10938,21179,1,0.000000,CLEANSE_SYSTEM
813,0.00938,-2.13542,19625,1,0.000000,CLEANSE_SYSTEM
814,0.00938,-2.13542,18072,1,0.000000,CLEANSE_SYSTEM
815,0.00938,-0.44271,17998,1,0.000000,CLEANSE_SYSTEM
Setting PWM frequency to 5333.333496
ARRVal = 375
816,0.00938,1.56250,19193,1,0.000000,CLEANSE_SYSTEM
817,0.00938,2.42188,20746,1,0.000000,CLEANSE_SYSTEM
818,0.00938,2.78646,22299,1,0.000000,CLEANSE_SYSTEM
819,0.00938,2.89063,23852,1,0.000000,CLEANSE_SYSTEM
820,0.00938,2.91667,25477,1,0.000000,CLEANSE_SYSTEM
821,0.00938,2.94271,27030,1,0.000000,CLEANSE_SYSTEM
822,0.00938,3.02083,28583,1,0.000000,CLEANSE_SYSTEM
823,0.00938,2.99479,29978,0,0.000000,CLEANSE_SYSTEM
824,0.00938,0.57292,29978,0,0.000000,CLEANSE_SYSTEM
#MQ FLUSH OF FILTER 4, 9 ML, [21,20], [22,24,6]
PUMPC,MQ,3000,3,21/20,22/24/6
Setting PWM frequency to 5333.333496
ARRVal = 375
825,0.00938,-1.51042,28660,1,0.000000,CLEANSE_SYSTEM
826,0.00938,-1.90104,27107,1,0.000000,CLEANSE_SYSTEM
827,0.00938,-2.00521,25554,1,0.000000,CLEANSE_SYSTEM
828,0.00000,-2.05729,24000,1,0.000000,CLEANSE_SYSTEM
829,0.00938,-2.08333,22447,1,0.000000,CLEANSE_SYSTEM
830,0.00938,-2.10938,20885,1,0.000000,CLEANSE_SYSTEM
831,0.00938,-2.13542,19332,1,0.000000,CLEANSE_SYSTEM
832,0.00938,-1.95312,17999,1,0.000000,CLEANSE_SYSTEM
833,0.00000,-0.39063,17999,1,0.000000,CLEANSE_SYSTEM
Setting PWM frequency to 5333.333496
ARRVal = 375
834,0.00938,2.03125,19506,1,0.000000,CLEANSE_SYSTEM
835,0.00000,2.83854,21060,1,0.000000,CLEANSE_SYSTEM
836,0.00938,3.25521,22613,1,0.000000,CLEANSE_SYSTEM
837,0.00938,3.48958,24167,1,0.000000,CLEANSE_SYSTEM
838,0.00938,3.61979,25720,1,0.000000,CLEANSE_SYSTEM
839,0.00000,3.69792,27274,1,0.000000,CLEANSE_SYSTEM
840,0.00938,3.75000,28830,1,0.000000,CLEANSE_SYSTEM
841,0.00938,2.94271,30014,0,0.000000,CLEANSE_SYSTEM
842,0.00938,0.78125,30014,0,0.000000,CLEANSE_SYSTEM
Setting PWM frequency to 5333.333496
ARRVal = 375
843,0.00938,-1.40625,28803,1,0.000000,CLEANSE_SYSTEM
844,0.00938,-1.87500,27250,1,0.000000,CLEANSE_SYSTEM
845,0.00938,-2.00521,25697,1,0.000000,CLEANSE_SYSTEM
846,0.00938,-2.08333,24144,1,0.000000,CLEANSE_SYSTEM
847,0.00938,-2.08333,22590,1,0.000000,CLEANSE_SYSTEM
848,0.00938,-2.10938,21037,1,0.000000,CLEANSE_SYSTEM
849,0.00938,-2.10938,19483,1,0.000000,CLEANSE_SYSTEM
850,0.00938,-2.10938,17999,1,0.000000,CLEANSE_SYSTEM
851,0.00938,-0.41667,17999,1,0.000000,CLEANSE_SYSTEM
Setting PWM frequency to 5333.333496
ARRVal = 375
852,0.00938,1.87500,19355,1,0.000000,CLEANSE_SYSTEM
853,0.00938,2.94271,20908,1,0.000000,CLEANSE_SYSTEM
854,0.00938,3.38542,22461,1,0.000000,CLEANSE_SYSTEM
855,0.00938,3.61979,24015,1,0.000000,CLEANSE_SYSTEM
856,0.00938,3.75000,25568,1,0.000000,CLEANSE_SYSTEM
857,0.00938,3.82812,27121,1,0.000000,CLEANSE_SYSTEM
858,0.00938,3.85417,28675,1,0.000000,CLEANSE_SYSTEM
859,0.00938,3.54167,30008,0,0.000000,CLEANSE_SYSTEM
860,0.00938,0.91146,30008,0,0.000000,CLEANSE_SYSTEM
Setting PWM frequency to 5333.333496
ARRVal = 375
861,0.00938,-1.30208,28949,1,0.000000,CLEANSE_SYSTEM
862,0.00938,-1.84896,27396,1,0.000000,CLEANSE_SYSTEM
863,0.00938,-2.00521,25843,1,0.000000,CLEANSE_SYSTEM
864,0.00938,-2.03125,24290,1,0.000000,CLEANSE_SYSTEM
865,0.00938,-2.08333,22736,1,0.000000,CLEANSE_SYSTEM
866,0.00938,-2.08333,21183,1,0.000000,CLEANSE_SYSTEM
867,0.00938,-2.10938,19630,1,0.000000,CLEANSE_SYSTEM
868,0.00938,-2.13542,18075,1,0.000000,CLEANSE_SYSTEM
869,0.00000,-0.46875,17999,1,0.000000,CLEANSE_SYSTEM
Setting PWM frequency to 5333.333496
ARRVal = 375
870,0.00000,1.64062,19195,1,0.000000,CLEANSE_SYSTEM
871,0.00938,2.78646,20748,1,0.000000,CLEANSE_SYSTEM
872,0.00938,3.22917,22301,1,0.000000,CLEANSE_SYSTEM
873,0.00938,3.43750,23854,1,0.000000,CLEANSE_SYSTEM
874,0.00938,3.51562,25408,1,0.000000,CLEANSE_SYSTEM
875,0.00938,3.56771,26961,1,0.000000,CLEANSE_SYSTEM
876,0.00938,3.56771,28514,1,0.000000,CLEANSE_SYSTEM
877,0.00938,3.59375,30010,0,0.000000,CLEANSE_SYSTEM
878,0.00938,0.88542,30010,0,0.000000,CLEANSE_SYSTEM
#MQ FLUSH OF FILTER 5, 9 ML, [21,20], [22,11,19]
PUMPC,MQ,3000,3,21/20,22/11/19
Setting PWM frequency to 5333.333496
ARRVal = 375
879,0.00000,-1.30208,28967,1,0.000000,CLEANSE_SYSTEM
880,0.00938,-1.87500,27406,1,0.000000,CLEANSE_SYSTEM
881,0.00938,-2.03125,25852,1,0.000000,CLEANSE_SYSTEM
882,0.00938,-2.08333,24299,1,0.000000,CLEANSE_SYSTEM
883,0.00000,-2.10938,22746,1,0.000000,CLEANSE_SYSTEM
884,0.00938,-2.13542,21193,1,0.000000,CLEANSE_SYSTEM
885,0.00938,-2.13542,19639,1,0.000000,CLEANSE_SYSTEM
886,0.00938,-2.13542,18086,1,0.000000,CLEANSE_SYSTEM
887,0.00000,-0.46875,17999,1,0.000000,CLEANSE_SYSTEM
Setting PWM frequency to 5333.333496
ARRVal = 375
888,0.00938,1.48438,19199,1,0.000000,CLEANSE_SYSTEM
889,0.00938,2.47396,20752,1,0.000000,CLEANSE_SYSTEM
890,0.00938,2.73438,22307,1,0.000000,CLEANSE_SYSTEM
891,0.00938,2.99479,23860,1,0.000000,CLEANSE_SYSTEM
892,0.00938,3.15104,25414,1,0.000000,CLEANSE_SYSTEM
893,0.00938,3.22917,26967,1,0.000000,CLEANSE_SYSTEM
894,0.00938,3.35938,28520,1,0.000000,CLEANSE_SYSTEM
895,0.00938,3.38542,30000,0,0.000000,CLEANSE_SYSTEM
896,0.00938,0.93750,30000,0,0.000000,CLEANSE_SYSTEM
Setting PWM frequency to 5333.333496
ARRVal = 375
897,0.00938,-1.27604,28955,1,0.000000,CLEANSE_SYSTEM
898,0.00938,-1.84896,27402,1,0.000000,CLEANSE_SYSTEM
899,0.00938,-2.03125,25849,1,0.000000,CLEANSE_SYSTEM
900,0.00938,-2.05729,24293,1,0.000000,CLEANSE_SYSTEM
901,0.00000,-2.10938,22739,1,0.000000,CLEANSE_SYSTEM
902,0.00938,-2.10938,21186,1,0.000000,CLEANSE_SYSTEM
903,0.00938,-2.10938,19633,1,0.000000,CLEANSE_SYSTEM
904,0.00938,-2.13542,18080,1,0.000000,CLEANSE_SYSTEM
905,0.00000,-0.46875,17999,1,0.000000,CLEANSE_SYSTEM
Setting PWM frequency to 5333.333496
ARRVal = 375
906,0.00938,1.48438,19199,1,0.000000,CLEANSE_SYSTEM
907,0.00938,2.36979,20752,1,0.000000,CLEANSE_SYSTEM
908,0.00938,2.70833,22305,1,0.000000,CLEANSE_SYSTEM
909,0.00938,2.86458,23858,1,0.000000,CLEANSE_SYSTEM
910,0.00938,2.96875,25414,1,0.000000,CLEANSE_SYSTEM
911,0.00938,2.99479,26967,1,0.000000,CLEANSE_SYSTEM
912,0.00938,3.02083,28520,1,0.000000,CLEANSE_SYSTEM
913,0.00938,3.04688,30000,0,0.000000,CLEANSE_SYSTEM
914,0.00000,0.78125,30000,0,0.000000,CLEANSE_SYSTEM
Setting PWM frequency to 5333.333496
ARRVal = 375
915,0.00938,-1.38021,28801,1,0.000000,CLEANSE_SYSTEM
916,0.00938,-1.87500,27245,1,0.000000,CLEANSE_SYSTEM
917,0.00938,-2.00521,25692,1,0.000000,CLEANSE_SYSTEM
918,0.00938,-2.05729,24139,1,0.000000,CLEANSE_SYSTEM
919,0.00938,-2.08333,22586,1,0.000000,CLEANSE_SYSTEM
920,0.00938,-2.10938,21029,1,0.000000,CLEANSE_SYSTEM
921,0.00000,-2.10938,19476,1,0.000000,CLEANSE_SYSTEM
922,0.00938,-2.13542,17999,1,0.000000,CLEANSE_SYSTEM
923,0.00938,-0.44271,17999,1,0.000000,CLEANSE_SYSTEM
Setting PWM frequency to 5333.333496
ARRVal = 375
924,0.00938,1.58854,19353,1,0.000000,CLEANSE_SYSTEM
925,0.00938,2.36979,20907,1,0.000000,CLEANSE_SYSTEM
926,0.00000,2.70833,22460,1,0.000000,CLEANSE_SYSTEM
927,0.00938,2.86458,24014,1,0.000000,CLEANSE_SYSTEM
928,0.00938,2.94271,25567,1,0.000000,CLEANSE_SYSTEM
929,0.00938,2.99479,27120,1,0.000000,CLEANSE_SYSTEM
930,0.00938,3.04688,28675,1,0.000000,CLEANSE_SYSTEM
931,0.00938,2.70833,29990,0,0.000000,CLEANSE_SYSTEM
932,0.00000,0.67708,29990,0,0.000000,CLEANSE_SYSTEM
#MQ FLUSH OF FILTER 6, 9 ML, [21,20], [22,23,7]
PUMPC,MQ,3000,3,21/20,22/23/7
Setting PWM frequency to 5333.333496
ARRVal = 375
933,0.00938,-1.51042,28652,1,0.000000,CLEANSE_SYSTEM
934,0.00938,-1.90104,27099,1,0.000000,CLEANSE_SYSTEM
935,0.00938,-2.03125,25544,1,0.000000,CLEANSE_SYSTEM
936,0.00938,-2.05729,23991,1,0.000000,CLEANSE_SYSTEM
937,0.00938,-2.08333,22438,1,0.000000,CLEANSE_SYSTEM
938,0.00938,-2.10938,20885,1,0.000000,CLEANSE_SYSTEM
939,0.00938,-2.13542,19332,1,0.000000,CLEANSE_SYSTEM
940,0.00000,-1.95312,17998,1,0.000000,CLEANSE_SYSTEM
941,0.00000,-0.41667,17998,1,0.000000,CLEANSE_SYSTEM
Setting PWM frequency to 5333.333496
ARRVal = 375
942,0.00938,1.74479,19500,1,0.000000,CLEANSE_SYSTEM
943,0.00938,2.44792,21054,1,0.000000,CLEANSE_SYSTEM
944,0.00938,2.57813,22609,1,0.000000,CLEANSE_SYSTEM
945,0.00938,2.81250,24162,1,0.000000,CLEANSE_SYSTEM
946,0.00938,2.96875,25715,1,0.000000,CLEANSE_SYSTEM
947,0.00938,3.02083,27268,1,0.000000,CLEANSE_SYSTEM
948,0.00938,3.04688,28821,1,0.000000,CLEANSE_SYSTEM
949,0.00938,2.29167,30000,0,0.000000,CLEANSE_SYSTEM
950,0.00938,0.49479,30000,0,0.000000,CLEANSE_SYSTEM
Setting PWM frequency to 5333.333496
ARRVal = 375
951,0.00938,-1.56250,28486,1,0.000000,CLEANSE_SYSTEM
952,0.00938,-1.92708,26932,1,0.000000,CLEANSE_SYSTEM
953,0.00938,-2.03125,25380,1,0.000000,CLEANSE_SYSTEM
954,0.00938,-2.08333,23806,1,0.000000,CLEANSE_SYSTEM
955,0.00938,-2.10938,22253,1,0.000000,CLEANSE_SYSTEM
956,0.00938,-2.13542,20700,1,0.000000,CLEANSE_SYSTEM
957,0.00938,-2.13542,19147,1,0.000000,CLEANSE_SYSTEM
958,0.00938,-1.64062,17998,1,0.000000,CLEANSE_SYSTEM
Setting PWM frequency to 5333.333496
ARRVal = 375
959,0.00000,-0.39063,18112,1,0.000000,CLEANSE_SYSTEM
960,0.00938,1.82292,19668,1,0.000000,CLEANSE_SYSTEM
961,0.00938,2.44792,21221,1,0.000000,CLEANSE_SYSTEM
962,0.00938,2.70833,22774,1,0.000000,CLEANSE_SYSTEM
963,0.00938,2.83854,24328,1,0.000000,CLEANSE_SYSTEM
964,0.00938,2.89063,25882,1,0.000000,CLEANSE_SYSTEM
965,0.00938,2.91667,27436,1,0.000000,CLEANSE_SYSTEM
966,0.00938,2.94271,28989,1,0.000000,CLEANSE_SYSTEM
967,0.00938,1.87500,30000,0,0.000000,CLEANSE_SYSTEM
Setting PWM frequency to 5333.333496
ARRVal = 375
968,0.00938,-0.05208,29720,1,0.000000,CLEANSE_SYSTEM
969,0.00938,-1.69271,28167,1,0.000000,CLEANSE_SYSTEM
970,0.00938,-1.97917,26612,1,0.000000,CLEANSE_SYSTEM
971,0.00938,-2.05729,25058,1,0.000000,CLEANSE_SYSTEM
972,0.00938,-2.08333,23505,1,0.000000,CLEANSE_SYSTEM
973,0.00938,-2.10938,21950,1,0.000000,CLEANSE_SYSTEM
974,0.00938,-2.10938,20397,1,0.000000,CLEANSE_SYSTEM
975,0.00938,-2.13542,18844,1,0.000000,CLEANSE_SYSTEM
976,0.00000,-1.11979,17998,1,0.000000,CLEANSE_SYSTEM
Setting PWM frequency to 5333.333496
ARRVal = 375
977,0.00938,0.52083,18421,1,0.000000,CLEANSE_SYSTEM
978,0.00938,2.00521,19975,1,0.000000,CLEANSE_SYSTEM
979,0.00000,2.55208,21528,1,0.000000,CLEANSE_SYSTEM
980,0.00000,2.76042,23083,1,0.000000,CLEANSE_SYSTEM
981,0.00938,2.86458,24636,1,0.000000,CLEANSE_SYSTEM
982,0.00000,2.91667,26190,1,0.000000,CLEANSE_SYSTEM
983,0.00938,2.94271,27744,1,0.000000,CLEANSE_SYSTEM
984,0.00938,2.96875,29297,1,0.000000,CLEANSE_SYSTEM
985,0.00938,1.40625,30000,0,0.000000,CLEANSE_SYSTEM
#MQ FLUSH OF FILTER 7, 9 ML, [21,20], [22,10,1]
PUMPC,MQ,3000,3,21/20,22/10/1
Setting PWM frequency to 5333.333496
ARRVal = 375
986,0.00938,-0.49479,29579,1,0.000000,CLEANSE_SYSTEM
987,0.00938,-1.74479,28026,1,0.000000,CLEANSE_SYSTEM
988,0.00938,-1.97917,26473,1,0.000000,CLEANSE_SYSTEM
989,0.00938,-2.08333,24919,1,0.000000,CLEANSE_SYSTEM
990,0.00938,-2.10938,23358,1,0.000000,CLEANSE_SYSTEM
991,0.00938,-2.13542,21805,1,0.000000,CLEANSE_SYSTEM
992,0.00938,-2.13542,20251,1,0.000000,CLEANSE_SYSTEM
993,0.00938,-2.16146,18697,1,0.000000,CLEANSE_SYSTEM
994,0.00938,-0.96354,17998,1,0.000000,CLEANSE_SYSTEM
Setting PWM frequency to 5333.333496
ARRVal = 375
995,0.00938,0.78125,18576,1,0.000000,CLEANSE_SYSTEM
996,0.00000,2.31771,20129,1,0.000000,CLEANSE_SYSTEM
997,0.00938,2.86458,21682,1,0.000000,CLEANSE_SYSTEM
998,0.00938,3.12500,23235,1,0.000000,CLEANSE_SYSTEM
999,0.00938,3.22917,24788,1,0.000000,CLEANSE_SYSTEM
1000,0.00938,3.33333,26344,1,0.000000,CLEANSE_SYSTEM
1001,0.00938,3.35938,27897,1,0.000000,CLEANSE_SYSTEM
1002,0.00938,3.41146,29453,1,0.000000,CLEANSE_SYSTEM
1003,0.00938,1.35417,30000,0,0.000000,CLEANSE_SYSTEM
Setting PWM frequency to 5333.333496
ARRVal = 375
1004,0.00938,-0.80729,29412,1,0.000000,CLEANSE_SYSTEM
1005,0.00938,-1.79688,27859,1,0.000000,CLEANSE_SYSTEM
1006,0.00938,-2.00521,26306,1,0.000000,CLEANSE_SYSTEM
1007,0.00938,-2.10938,24752,1,0.000000,CLEANSE_SYSTEM
1008,0.00938,-2.16146,23199,1,0.000000,CLEANSE_SYSTEM
1009,0.00938,-2.18750,21646,1,0.000000,CLEANSE_SYSTEM
1010,0.00938,-2.21354,20091,1,0.000000,CLEANSE_SYSTEM
1011,0.00938,-2.21354,18536,1,0.000000,CLEANSE_SYSTEM
1012,0.00000,-0.83333,17998,1,0.000000,CLEANSE_SYSTEM
Setting PWM frequency to 5333.333496
ARRVal = 375
1013,0.00938,1.04167,18730,1,0.000000,CLEANSE_SYSTEM
1014,0.00938,2.29167,20283,1,0.000000,CLEANSE_SYSTEM
1015,0.00938,2.73438,21836,1,0.000000,CLEANSE_SYSTEM
1016,0.00938,2.91667,23389,1,0.000000,CLEANSE_SYSTEM
1017,0.00938,2.99479,24943,1,0.000000,CLEANSE_SYSTEM
1018,0.00938,3.04688,26496,1,0.000000,CLEANSE_SYSTEM
1019,0.00938,3.17708,28049,1,0.000000,CLEANSE_SYSTEM
1020,0.00938,3.28125,29605,1,0.000000,CLEANSE_SYSTEM
1021,0.00938,1.17188,30000,0,0.000000,CLEANSE_SYSTEM
Setting PWM frequency to 5333.333496
ARRVal = 375
1022,0.00000,-1.01562,29257,1,0.000000,CLEANSE_SYSTEM
1023,0.00938,-1.82292,27704,1,0.000000,CLEANSE_SYSTEM
1024,0.00938,-2.00521,26150,1,0.000000,CLEANSE_SYSTEM
1025,0.00938,-2.05729,24597,1,0.000000,CLEANSE_SYSTEM
1026,0.00938,-2.10938,23045,1,0.000000,CLEANSE_SYSTEM
1027,0.00938,-2.10938,21492,1,0.000000,CLEANSE_SYSTEM
1028,0.00938,-2.13542,19939,1,0.000000,CLEANSE_SYSTEM
1029,0.00938,-2.16146,18385,1,0.000000,CLEANSE_SYSTEM
1030,0.00000,-0.65104,17998,1,0.000000,CLEANSE_SYSTEM
Setting PWM frequency to 5333.333496
ARRVal = 375
1031,0.00000,1.25000,18883,1,0.000000,CLEANSE_SYSTEM
1032,0.00938,2.47396,20437,1,0.000000,CLEANSE_SYSTEM
1033,0.00938,2.96875,21990,1,0.000000,CLEANSE_SYSTEM
1034,0.00938,3.20312,23543,1,0.000000,CLEANSE_SYSTEM
1035,0.00938,3.28125,25097,1,0.000000,CLEANSE_SYSTEM
1036,0.00938,3.33333,26650,1,0.000000,CLEANSE_SYSTEM
1037,0.00938,3.35938,28203,1,0.000000,CLEANSE_SYSTEM
1038,0.00938,3.38542,29756,1,0.000000,CLEANSE_SYSTEM
1039,0.00000,1.04167,30000,0,0.000000,CLEANSE_SYSTEM
#MQ FLUSH OF FILTER 8, 9 ML, [21,20], [22,26,3]
PUMPC,MQ,3000,3,21/20,22/26/3
Setting PWM frequency to 5333.333496
ARRVal = 375
1040,0.00000,-1.17188,29107,1,0.000000,CLEANSE_SYSTEM
1041,0.00938,-1.84896,27554,1,0.000000,CLEANSE_SYSTEM
1042,0.00938,-2.00521,26000,1,0.000000,CLEANSE_SYSTEM
1043,0.00938,-2.08333,24447,1,0.000000,CLEANSE_SYSTEM
1044,0.00938,-2.10938,22894,1,0.000000,CLEANSE_SYSTEM
1045,0.00938,-2.13542,21341,1,0.000000,CLEANSE_SYSTEM
1046,0.00938,-2.13542,19788,1,0.000000,CLEANSE_SYSTEM
1047,0.00938,-2.13542,18235,1,0.000000,CLEANSE_SYSTEM
1048,0.00000,-0.57292,17998,1,0.000000,CLEANSE_SYSTEM
Setting PWM frequency to 5333.333496
ARRVal = 375
1049,0.00938,1.30208,19038,1,0.000000,CLEANSE_SYSTEM
1050,0.00938,2.26563,20594,1,0.000000,CLEANSE_SYSTEM
1051,0.00938,2.65625,22147,1,0.000000,CLEANSE_SYSTEM
1052,0.00938,2.81250,23700,1,0.000000,CLEANSE_SYSTEM
1053,0.00938,2.89063,25253,1,0.000000,CLEANSE_SYSTEM
1054,0.00938,2.94271,26807,1,0.000000,CLEANSE_SYSTEM
1055,0.00938,2.94271,28360,1,0.000000,CLEANSE_SYSTEM
1056,0.00938,2.96875,29913,0,0.000000,CLEANSE_SYSTEM
1057,0.00938,0.78125,30000,0,0.000000,CLEANSE_SYSTEM
Setting PWM frequency to 5333.333496
ARRVal = 375
1058,0.00938,-1.40625,28795,1,0.000000,CLEANSE_SYSTEM
1059,0.00938,-1.90104,27242,1,0.000000,CLEANSE_SYSTEM
1060,0.00938,-2.03125,25686,1,0.000000,CLEANSE_SYSTEM
1061,0.00938,-2.08333,24133,1,0.000000,CLEANSE_SYSTEM
1062,0.00938,-2.10938,22580,1,0.000000,CLEANSE_SYSTEM
1063,0.00938,-2.13542,21026,1,0.000000,CLEANSE_SYSTEM
1064,0.00938,-2.16146,19473,1,0.000000,CLEANSE_SYSTEM
1065,0.00938,-2.16146,17998,1,0.000000,CLEANSE_SYSTEM
1066,0.00938,-0.46875,17998,1,0.000000,CLEANSE_SYSTEM
Setting PWM frequency to 5333.333496
ARRVal = 375
1067,0.00938,1.61458,19347,1,0.000000,CLEANSE_SYSTEM
1068,0.00938,2.39583,20901,1,0.000000,CLEANSE_SYSTEM
1069,0.00938,2.73438,22455,1,0.000000,CLEANSE_SYSTEM
1070,0.00938,2.83854,24011,1,0.000000,CLEANSE_SYSTEM
1071,0.00938,2.89063,25564,1,0.000000,CLEANSE_SYSTEM
1072,0.00938,2.94271,27117,1,0.000000,CLEANSE_SYSTEM
1073,0.00938,2.96875,28670,1,0.000000,CLEANSE_SYSTEM
1074,0.00938,2.65625,30000,0,0.000000,CLEANSE_SYSTEM
1075,0.00938,0.57292,30000,0,0.000000,CLEANSE_SYSTEM
Setting PWM frequency to 5333.333496
ARRVal = 375
1076,0.00938,-1.64062,28486,1,0.000000,CLEANSE_SYSTEM
1077,0.00938,-1.95312,26931,1,0.000000,CLEANSE_SYSTEM
1078,0.00938,-2.05729,25378,1,0.000000,CLEANSE_SYSTEM
1079,0.00938,-2.08333,23825,1,0.000000,CLEANSE_SYSTEM
1080,0.00938,-2.13542,22269,1,0.000000,CLEANSE_SYSTEM
1081,0.00938,-2.13542,20716,1,0.000000,CLEANSE_SYSTEM
1082,0.00938,-2.16146,19163,1,0.000000,CLEANSE_SYSTEM
1083,0.00000,-1.66667,17998,1,0.000000,CLEANSE_SYSTEM
Setting PWM frequency to 5333.333496
ARRVal = 375
1084,0.00000,-0.39063,18112,1,0.000000,CLEANSE_SYSTEM
1085,0.00938,1.84896,19665,1,0.000000,CLEANSE_SYSTEM
1086,0.00938,2.50000,21220,1,0.000000,CLEANSE_SYSTEM
1087,0.00000,2.76042,22773,1,0.000000,CLEANSE_SYSTEM
1088,0.00938,2.86458,24326,1,0.000000,CLEANSE_SYSTEM
1089,0.00938,2.94271,25880,1,0.000000,CLEANSE_SYSTEM
1090,0.00938,2.96875,27436,1,0.000000,CLEANSE_SYSTEM
1091,0.00938,2.99479,28989,1,0.000000,CLEANSE_SYSTEM
1092,0.00938,1.87500,30000,0,0.000000,CLEANSE_SYSTEM
#MQ FLUSH OF FILTER 9, 9 ML, [21,20], [22,13,17]
PUMPC,MQ,3000,3,21/20,22/13/17
Setting PWM frequency to 5333.333496
ARRVal = 375
1093,0.00938,0.41667,29887,1,0.000000,CLEANSE_SYSTEM
1094,0.00938,-1.64062,28334,1,0.000000,CLEANSE_SYSTEM
1095,0.00938,-1.95312,26781,1,0.000000,CLEANSE_SYSTEM
1096,0.00938,-2.05729,25212,1,0.000000,CLEANSE_SYSTEM
1097,0.00938,-2.08333,23658,1,0.000000,CLEANSE_SYSTEM
1098,0.00938,-2.10938,22105,1,0.000000,CLEANSE_SYSTEM
1099,0.00938,-2.13542,20552,1,0.000000,CLEANSE_SYSTEM
1100,0.00938,-2.13542,18991,1,0.000000,CLEANSE_SYSTEM
1101,0.00000,-1.35417,17998,1,0.000000,CLEANSE_SYSTEM
Setting PWM frequency to 5333.333496
ARRVal = 375
1102,0.00938,0.02604,18267,1,0.000000,CLEANSE_SYSTEM
1103,0.00938,2.05729,19820,1,0.000000,CLEANSE_SYSTEM
1104,0.00938,2.70833,21373,1,0.000000,CLEANSE_SYSTEM
1105,0.00938,2.96875,22929,1,0.000000,CLEANSE_SYSTEM
1106,0.00938,3.12500,24482,1,0.000000,CLEANSE_SYSTEM
1107,0.00938,3.15104,26035,1,0.000000,CLEANSE_SYSTEM
1108,0.00938,3.25521,27588,1,0.000000,CLEANSE_SYSTEM
1109,0.00938,3.28125,29141,1,0.000000,CLEANSE_SYSTEM
1110,0.00938,1.84896,30000,0,0.000000,CLEANSE_SYSTEM
Setting PWM frequency to 5333.333496
ARRVal = 375
1111,0.00938,0.00000,29721,1,0.000000,CLEANSE_SYSTEM
1112,0.00938,-1.69271,28167,1,0.000000,CLEANSE_SYSTEM
1113,0.00938,-1.97917,26614,1,0.000000,CLEANSE_SYSTEM
1114,0.00938,-2.05729,25061,1,0.000000,CLEANSE_SYSTEM
1115,0.00938,-2.13542,23507,1,0.000000,CLEANSE_SYSTEM
1116,0.00938,-2.16146,21953,1,0.000000,CLEANSE_SYSTEM
1117,0.00938,-2.18750,20399,1,0.000000,CLEANSE_SYSTEM
1118,0.00938,-2.18750,18846,1,0.000000,CLEANSE_SYSTEM
1119,0.00938,-1.19792,17998,1,0.000000,CLEANSE_SYSTEM
Setting PWM frequency to 5333.333496
ARRVal = 375
1120,0.00938,0.54688,18424,1,0.000000,CLEANSE_SYSTEM
1121,0.00938,2.16146,19977,1,0.000000,CLEANSE_SYSTEM
1122,0.00938,2.76042,21530,1,0.000000,CLEANSE_SYSTEM
1123,0.00938,3.02083,23083,1,0.000000,CLEANSE_SYSTEM
1124,0.00938,3.12500,24638,1,0.000000,CLEANSE_SYSTEM
1125,0.00938,3.20312,26191,1,0.000000,CLEANSE_SYSTEM
1126,0.00938,3.22917,27744,1,0.000000,CLEANSE_SYSTEM
1127,0.00000,3.25521,29297,1,0.000000,CLEANSE_SYSTEM
1128,0.00938,1.58854,30000,0,0.000000,CLEANSE_SYSTEM
Setting PWM frequency to 5333.333496
ARRVal = 375
1129,0.00938,-0.49479,29566,1,0.000000,CLEANSE_SYSTEM
1130,0.00938,-1.74479,28010,1,0.000000,CLEANSE_SYSTEM
1131,0.00938,-2.00521,26457,1,0.000000,CLEANSE_SYSTEM
1132,0.00938,-2.08333,24904,1,0.000000,CLEANSE_SYSTEM
1133,0.00938,-2.13542,23349,1,0.000000,CLEANSE_SYSTEM
1134,0.00938,-2.16146,21796,1,0.000000,CLEANSE_SYSTEM
1135,0.00938,-2.18750,20243,1,0.000000,CLEANSE_SYSTEM
1136,0.00938,-2.18750,18690,1,0.000000,CLEANSE_SYSTEM
1137,0.00938,-0.96354,17998,1,0.000000,CLEANSE_SYSTEM
Setting PWM frequency to 5333.333496
ARRVal = 375
1138,0.00938,0.80729,18576,1,0.000000,CLEANSE_SYSTEM
1139,0.00938,2.23958,20129,1,0.000000,CLEANSE_SYSTEM
1140,0.00938,2.78646,21685,1,0.000000,CLEANSE_SYSTEM
1141,0.00938,3.02083,23238,1,0.000000,CLEANSE_SYSTEM
1142,0.00938,3.15104,24791,1,0.000000,CLEANSE_SYSTEM
1143,0.00938,3.20312,26347,1,0.000000,CLEANSE_SYSTEM
1144,0.00938,3.22917,27900,1,0.000000,CLEANSE_SYSTEM
1145,0.00938,3.25521,29453,1,0.000000,CLEANSE_SYSTEM
1146,0.00938,1.40625,30000,0,0.000000,CLEANSE_SYSTEM
PROTOCOL,CLEANSE_SYSTEM,STOP,0
PAUSE,2
1147,0.00938,0.33854,30000,0,0.000000,NA
1148,0.00938,0.15625,30000,0,0.000000,NA
VALVE_SET,0
1149,0.00938,0.13021,30000,0,0.000000,NA
RUN,FIN
ISTAT,EDNA-SA,3.01,3.09,0,IDLE,NA/0/NA

>ISTAT,EDNA-SA,3.01,3.09,0,IDLE,NA/0/NA

>ISTAT,EDNA-SA,3.01,3.09,0,IDLE,NA/0/NA

>ISTAT,EDNA-SA,3.01,3.09,0,IDLE,NA/0/NA

>ISTAT,EDNA-SA,3.01,3.09,0,IDLE,NA/0/NA

>ISTAT,EDNA-SA,3.01,3.09,0,IDLE,NA/0/NA

>ISTAT,EDNA-SA,3.01,3.09,0,IDLE,NA/0/NA

>ISTAT,EDNA-SA,3.01,3.09,0,IDLE,NA/0/NA

>ISTAT,EDNA-SA,3.01,3.09,0,IDLE,NA/0/NA

>ISTAT,EDNA-SA,3.01,3.09,0,IDLE,NA/0/NA

>ISTAT,EDNA-SA,3.01,3.09,0,IDLE,NA/0/NA

>ISTAT,EDNA-SA,3.01,3.09,0,IDLE,NA/0/NA

>ISTAT,EDNA-SA,3.01,3.09,0,IDLE,NA/0/NA

>ISTAT,EDNA-SA,3.01,3.09,0,IDLE,NA/0/NA

>ISTAT,EDNA-SA,3.01,3.09,0,IDLE,NA/0/NA

>ISTAT,EDNA-SA,3.01,3.09,0,IDLE,NA/0/NA

>	
