#2023-08-21T12:16:01
0,0.00000,0.28646,30000,0,0.000000,NA
1,0.00000,0.28646,30000,0,0.000000,NA
2,0.00000,0.28646,30000,0,0.000000,NA
3,0.00000,1.45833,30000,0,0.000000,FLUSH
4,0.00000,1.43229,30000,0,0.000000,FLUSH
5,0.00000,1.45833,30000,0,0.000000,FLUSH
6,0.00938,1.45833,30000,0,0.000000,FLUSH
7,0.00938,-1.11979,28536,1,0.000000,FLUSH
8,0.00000,-1.22396,26983,1,0.000000,FLUSH
9,0.00000,-1.27604,25421,1,0.000000,FLUSH
10,0.00938,-1.27604,23868,1,0.000000,FLUSH
11,0.00000,-1.30208,22316,1,0.000000,FLUSH
12,0.00000,-1.32813,20762,1,0.000000,FLUSH
13,0.00000,-1.32813,19208,1,0.000000,FLUSH
14,0.00000,-0.54688,17998,1,0.000000,FLUSH
15,0.00000,2.00521,18328,1,0.000000,FLUSH
16,0.00000,2.44792,19881,1,0.000000,FLUSH
17,0.00000,2.42188,21435,1,0.000000,FLUSH
18,0.00000,2.26563,22988,1,0.000000,FLUSH
19,0.00000,2.29167,24543,1,0.000000,FLUSH
20,0.00000,2.36979,26096,1,0.000000,FLUSH
21,0.00000,2.39583,27650,1,0.000000,FLUSH
22,0.00000,2.39583,29203,1,0.000000,FLUSH
23,0.00000,1.40625,29923,0,0.000000,FLUSH
24,0.00000,-0.80729,29265,1,0.000000,FLUSH
25,0.00000,-1.22396,27712,1,0.000000,FLUSH
26,0.00000,-1.27604,26159,1,0.000000,FLUSH
27,0.00000,-1.30208,24606,1,0.000000,FLUSH
28,0.00000,-1.30208,23053,1,0.000000,FLUSH
29,0.00000,-1.30208,21497,1,0.000000,FLUSH
30,0.00000,-1.32813,19944,1,0.000000,FLUSH
31,0.00000,-1.35417,18391,1,0.000000,FLUSH
32,0.00000,0.20833,18000,1,0.000000,FLUSH
33,0.00000,6.48438,19158,1,0.000000,FLUSH
34,0.00000,10.78125,20711,1,0.000000,FLUSH
35,0.00000,12.10938,22264,1,0.000000,FLUSH
36,0.00000,12.76042,23819,1,0.000000,FLUSH
37,0.00000,13.22917,25372,1,0.000000,FLUSH
38,0.00000,13.61979,26925,1,0.000000,FLUSH
39,0.00000,13.90625,28481,1,0.000000,FLUSH
40,0.00000,14.19271,30011,0,0.000000,FLUSH
41,0.00000,3.54167,30011,0,0.000000,FLUSH
42,0.00000,1.90104,30011,0,0.000000,FLUSH
43,0.00000,1.45833,30011,0,0.000000,NA
44,0.00000,1.32813,30011,0,0.000000,NA
45,0.00000,1.30208,30011,0,0.000000,FLUSH
46,0.00000,1.27604,30011,0,0.000000,FLUSH
47,0.00000,1.27604,30011,0,0.000000,FLUSH
48,0.00000,1.30208,30011,0,0.000000,FLUSH
49,0.00000,-0.62500,29475,1,0.000000,FLUSH
50,0.00000,-4.76563,27922,1,0.000000,FLUSH
51,0.00000,-6.82292,26369,1,0.000000,FLUSH
52,0.00000,-8.12500,24816,1,0.000000,FLUSH
53,0.00000,-9.06250,23262,1,0.000000,FLUSH
54,0.00000,-9.79167,21710,1,0.000000,FLUSH
55,0.00000,-10.33854,20156,1,0.000000,FLUSH
56,0.00000,-10.78125,18603,1,0.000000,FLUSH
57,0.00000,-10.93750,17999,1,0.000000,FLUSH
58,0.00000,-10.75521,17999,1,0.000000,FLUSH
59,0.00000,-10.46875,17999,1,0.000000,FLUSH
60,0.00000,-10.18229,17999,1,0.000000,FLUSH
61,0.00000,-9.81771,17999,1,0.000000,FLUSH
62,0.00000,-9.45312,17999,1,0.000000,FLUSH
63,0.00000,-9.01042,17999,1,0.000000,FLUSH
64,0.00000,-8.51563,17999,1,0.000000,FLUSH
65,0.00000,-7.94271,17999,1,0.000000,FLUSH
66,0.00000,-7.34375,17999,1,0.000000,FLUSH
67,0.00000,-6.64063,17999,1,0.000000,FLUSH
68,0.00000,-5.83333,17999,1,0.000000,FLUSH
69,0.00000,-4.97396,17999,1,0.000000,FLUSH
70,0.00000,-4.03646,17999,1,0.000000,FLUSH
71,0.00000,-3.07292,17999,1,0.000000,FLUSH
72,0.00000,-2.08333,17999,1,0.000000,FLUSH
73,0.00000,-1.25000,17999,1,0.000000,FLUSH
74,0.00000,1.95312,18883,1,0.000000,FLUSH
75,0.00000,2.23958,20437,1,0.000000,FLUSH
76,0.00000,2.83854,21990,1,0.000000,FLUSH
77,0.00000,2.76042,23544,1,0.000000,FLUSH
78,0.00000,2.63021,25097,1,0.000000,FLUSH
79,0.00000,2.47396,26653,1,0.000000,FLUSH
80,0.00000,2.73438,28206,1,0.000000,FLUSH
81,0.00000,2.86458,29759,1,0.000000,FLUSH
82,0.00000,0.67708,30010,0,0.000000,FLUSH
83,0.00000,-4.76563,28808,1,0.000000,FLUSH
84,0.00000,-7.99479,27255,1,0.000000,FLUSH
85,0.00000,-9.63542,25702,1,0.000000,FLUSH
86,0.00000,-10.67708,24148,1,0.000000,FLUSH
87,0.00000,-11.38021,22595,1,0.000000,FLUSH
88,0.00000,-11.87500,21042,1,0.000000,FLUSH
89,0.00000,-12.23958,19481,1,0.000000,FLUSH
90,0.00000,-12.55208,17994,1,0.000000,FLUSH
91,0.00000,-12.55208,17994,1,0.000000,FLUSH
92,0.00000,-12.42188,17994,1,0.000000,FLUSH
93,0.00000,-12.26563,17994,1,0.000000,FLUSH
94,0.00000,-12.08333,17994,1,0.000000,FLUSH
95,0.00000,-11.87500,17994,1,0.000000,FLUSH
96,0.00000,-11.66667,17994,1,0.000000,FLUSH
97,0.00000,-11.43229,17994,1,0.000000,FLUSH
98,0.00000,-11.17188,17994,1,0.000000,FLUSH
99,0.00000,-10.85938,17994,1,0.000000,FLUSH
100,0.00938,-10.49479,17994,1,0.000000,FLUSH
101,0.00000,-10.10417,17994,1,0.000000,FLUSH
102,0.00000,-9.63542,17994,1,0.000000,FLUSH
103,0.00000,-9.08854,17994,1,0.000000,FLUSH
104,0.00000,-8.41146,17994,1,0.000000,FLUSH
105,0.00000,-7.60417,17994,1,0.000000,FLUSH
106,0.00000,-6.61458,17994,1,0.000000,FLUSH
107,0.00000,-5.41667,17994,1,0.000000,FLUSH
108,0.00000,-4.03646,17994,1,0.000000,FLUSH
109,0.00000,-2.57813,17994,1,0.000000,FLUSH
110,0.00000,-1.22396,17994,1,0.000000,FLUSH
111,0.00000,6.27604,18582,1,0.000000,FLUSH
112,0.00000,21.58854,20135,1,0.000000,FLUSH
113,0.00000,21.53646,21688,1,0.000000,FLUSH
114,0.00000,21.40625,23241,1,0.000000,FLUSH
115,0.00000,21.32813,24794,1,0.000000,FLUSH
116,0.00000,21.30208,26348,1,0.000000,FLUSH
117,0.00000,21.30208,27902,1,0.000000,FLUSH
118,0.00000,21.35417,29455,1,0.000000,FLUSH
119,0.00000,5.18229,30000,0,0.000000,FLUSH
120,0.00000,2.10938,30000,0,0.000000,FLUSH
121,0.00000,-0.05208,29724,1,0.000000,FLUSH
122,0.00000,-7.36979,28171,1,0.000000,FLUSH
123,0.00000,-9.66146,26618,1,0.000000,FLUSH
124,0.00000,-10.85938,25065,1,0.000000,FLUSH
125,0.00000,-11.58854,23511,1,0.000000,FLUSH
126,0.00000,-12.08333,21958,1,0.000000,FLUSH
127,0.00000,-12.44792,20404,1,0.000000,FLUSH
128,0.00000,-12.70833,18850,1,0.000000,FLUSH
129,0.00000,-12.86458,18000,1,0.000000,FLUSH
130,0.00000,-12.83854,18000,1,0.000000,FLUSH
131,0.00000,-12.78646,18000,1,0.000000,FLUSH
132,0.00000,-12.70833,18000,1,0.000000,FLUSH
133,0.00000,-12.63021,18000,1,0.000000,FLUSH
134,0.00000,-12.55208,18000,1,0.000000,FLUSH
135,0.00000,-12.44792,18000,1,0.000000,FLUSH
136,0.00000,-12.31771,18000,1,0.000000,FLUSH
137,0.00000,-12.21354,18000,1,0.000000,FLUSH
138,0.00000,-12.08333,18000,1,0.000000,FLUSH
139,0.00000,-11.95313,18000,1,0.000000,FLUSH
140,0.00000,-11.82292,18000,1,0.000000,FLUSH
141,0.00000,-11.64063,18000,1,0.000000,FLUSH
142,0.00938,-11.48438,18000,1,0.000000,FLUSH
143,0.00000,-11.27604,18000,1,0.000000,FLUSH
144,0.00000,-11.06771,18000,1,0.000000,FLUSH
145,0.00000,-10.83333,18000,1,0.000000,FLUSH
146,0.00000,-10.57292,18000,1,0.000000,FLUSH
147,0.00000,-10.28646,18000,1,0.000000,FLUSH
148,0.00000,-9.94792,18000,1,0.000000,FLUSH
149,0.00000,-9.58333,18000,1,0.000000,FLUSH
150,0.00000,-7.83854,18690,1,0.000000,FLUSH
151,0.00000,6.01562,20245,1,0.000000,FLUSH
152,0.00000,25.72917,21798,1,0.000000,FLUSH
153,0.00000,25.39062,23351,1,0.000000,FLUSH
154,0.00000,25.07813,24904,1,0.000000,FLUSH
155,0.00000,24.89583,26457,1,0.000000,FLUSH
156,0.00000,24.76563,28010,1,0.000000,FLUSH
157,0.00000,24.68750,29564,1,0.000000,FLUSH
158,0.00000,5.57292,29980,0,0.000000,FLUSH
159,0.00000,2.42188,29980,0,0.000000,FLUSH
160,0.00000,1.64062,29980,0,0.000000,FLUSH
161,0.00000,1.38021,29980,0,0.000000,NA
162,0.00000,1.25000,29980,0,0.000000,NA
163,0.00000,1.19792,29980,0,0.000000,NA
164,0.00000,1.19792,29980,0,0.000000,NA
165,0.00000,1.19792,29980,0,0.000000,NA
166,0.00000,1.19792,29980,0,0.000000,NA
167,0.00000,-6.14583,28568,1,0.000000,SAMPLE
168,0.00000,-9.14062,27015,1,0.000000,SAMPLE
169,0.00000,-10.59896,25455,1,0.000000,SAMPLE
170,0.00000,-11.45833,23902,1,0.000000,SAMPLE
171,0.00000,-12.00521,22349,1,0.000000,SAMPLE
172,0.00000,-12.36979,20795,1,0.000000,SAMPLE
173,0.00000,-12.65625,19242,1,0.000000,SAMPLE
174,0.00000,-12.86458,18000,1,0.000000,SAMPLE
175,0.00000,-12.83854,18000,1,0.000000,SAMPLE
176,0.00000,-12.81250,18000,1,0.000000,SAMPLE
177,0.00000,-12.73438,18000,1,0.000000,SAMPLE
178,0.00000,-12.68229,18000,1,0.000000,SAMPLE
179,0.00000,-12.60417,18000,1,0.000000,SAMPLE
180,0.00000,-12.52604,18000,1,0.000000,SAMPLE
181,0.00000,-12.44792,18000,1,0.000000,SAMPLE
182,0.00000,-12.36979,18000,1,0.000000,SAMPLE
183,0.00000,-12.29167,18000,1,0.000000,SAMPLE
184,0.00938,-12.18750,18000,1,0.000000,SAMPLE
185,0.00000,-12.08333,18000,1,0.000000,SAMPLE
186,0.00000,-11.95313,18000,1,0.000000,SAMPLE
187,0.00000,-11.84896,18000,1,0.000000,SAMPLE
188,0.00000,-11.71875,18000,1,0.000000,SAMPLE
189,0.00000,-11.58854,18000,1,0.000000,SAMPLE
190,0.00000,-11.43229,18000,1,0.000000,SAMPLE
191,0.00000,-11.25000,18000,1,0.000000,SAMPLE
192,0.00000,-11.06771,18000,1,0.000000,SAMPLE
193,0.00000,-10.88542,18000,1,0.000000,SAMPLE
194,0.00000,-10.67708,18000,1,0.000000,SAMPLE
195,0.00000,-10.33854,18272,1,0.000000,SAMPLE
196,0.00000,-7.57812,19825,1,0.000000,SAMPLE
197,0.00000,4.32292,21377,1,0.000000,SAMPLE
198,0.00000,41.58855,21880,1,0.000000,SAMPLE
199,0.00000,41.38021,21880,1,0.000000,SAMPLE
200,0.00000,41.19792,21880,1,0.000000,SAMPLE
201,0.00000,41.06771,21880,1,0.000000,SAMPLE
202,0.00000,40.93750,21880,1,0.000000,SAMPLE
203,0.00000,40.88542,21880,1,0.000000,SAMPLE
204,0.00000,40.83334,21880,1,0.000000,SAMPLE
205,0.00000,40.78125,21880,1,0.000000,SAMPLE
206,0.00000,40.72917,21880,1,0.000000,SAMPLE
207,0.00000,40.70313,21880,1,0.000000,SAMPLE
208,0.00000,40.67708,21880,1,0.000000,SAMPLE
209,0.00000,40.62500,21880,1,0.000000,SAMPLE
210,0.00000,40.62500,21880,1,0.000000,SAMPLE
211,0.00000,40.57292,21880,1,0.000000,SAMPLE
212,0.00000,40.57292,21880,1,0.000000,SAMPLE
213,0.00000,40.54688,21880,1,0.000000,SAMPLE
214,0.00000,40.52084,21880,1,0.000000,SAMPLE
215,0.00000,40.49480,21880,1,0.000000,SAMPLE
216,0.00000,40.49480,21880,1,0.000000,SAMPLE
217,0.00000,40.46875,21880,1,0.000000,SAMPLE
218,0.00000,41.92709,21889,1,0.000000,SAMPLE
219,0.00000,41.90105,21889,1,0.000000,SAMPLE
220,0.00000,41.87500,21889,1,0.000000,SAMPLE
221,0.00000,41.84896,21889,1,0.000000,SAMPLE
222,0.00000,41.82292,21889,1,0.000000,SAMPLE
223,0.00000,41.79688,21889,1,0.000000,SAMPLE
224,0.00000,41.79688,21889,1,0.000000,SAMPLE
225,0.00000,41.77084,21889,1,0.000000,SAMPLE
226,0.00000,41.77084,21889,1,0.000000,SAMPLE
227,0.00000,41.74479,21889,1,0.000000,SAMPLE
228,0.00000,41.71875,21889,1,0.000000,SAMPLE
229,0.00000,41.69271,21889,1,0.000000,SAMPLE
230,0.00000,41.69271,21889,1,0.000000,SAMPLE
231,0.00000,41.66667,21889,1,0.000000,SAMPLE
232,0.00000,41.64063,21889,1,0.000000,SAMPLE
233,0.00000,41.64063,21889,1,0.000000,SAMPLE
234,0.00000,41.64063,21889,1,0.000000,SAMPLE
235,0.00000,41.61458,21889,1,0.000000,SAMPLE
236,0.00000,41.58855,21889,1,0.000000,SAMPLE
237,0.00000,41.58855,21889,1,0.000000,SAMPLE
238,0.00000,40.13021,21879,1,0.000000,SAMPLE
239,0.00000,40.10417,21879,1,0.000000,SAMPLE
240,0.00000,40.10417,21879,1,0.000000,SAMPLE
241,0.00000,40.07812,21879,1,0.000000,SAMPLE
242,0.00000,40.07812,21879,1,0.000000,SAMPLE
243,0.00000,40.05209,21879,1,0.000000,SAMPLE
244,0.00000,40.05209,21879,1,0.000000,SAMPLE
245,0.00000,40.05209,21879,1,0.000000,SAMPLE
246,0.00000,40.02604,21879,1,0.000000,SAMPLE
247,0.00000,40.02604,21879,1,0.000000,SAMPLE
248,0.00000,40.02604,21879,1,0.000000,SAMPLE
249,0.00000,40.00000,21879,1,0.000000,SAMPLE
250,0.00000,40.00000,21879,1,0.000000,SAMPLE
251,0.00000,39.97396,21879,1,0.000000,SAMPLE
252,0.00000,39.97396,21879,1,0.000000,SAMPLE
253,0.00000,39.97396,21879,1,0.000000,SAMPLE
254,0.00000,39.94792,21879,1,0.000000,SAMPLE
255,0.00000,39.94792,21879,1,0.000000,SAMPLE
256,0.00000,39.94792,21879,1,0.000000,SAMPLE
257,0.00000,39.92188,21879,1,0.000000,SAMPLE
258,0.00000,40.72917,21885,1,0.000000,SAMPLE
259,0.00000,40.70313,21885,1,0.000000,SAMPLE
260,0.00000,40.70313,21885,1,0.000000,SAMPLE
261,0.00000,40.67708,21885,1,0.000000,SAMPLE
262,0.00000,40.67708,21885,1,0.000000,SAMPLE
263,0.00000,40.67708,21885,1,0.000000,SAMPLE
264,0.00000,40.67708,21885,1,0.000000,SAMPLE
265,0.00000,40.65105,21885,1,0.000000,SAMPLE
266,0.00000,40.65105,21885,1,0.000000,SAMPLE
267,0.00000,40.65105,21885,1,0.000000,SAMPLE
268,0.00000,40.62500,21885,1,0.000000,SAMPLE
269,0.00000,40.62500,21885,1,0.000000,SAMPLE
270,0.00000,40.59896,21885,1,0.000000,SAMPLE
271,0.00000,40.59896,21885,1,0.000000,SAMPLE
272,0.00000,40.59896,21885,1,0.000000,SAMPLE
273,0.00000,40.57292,21885,1,0.000000,SAMPLE
274,0.00000,40.57292,21885,1,0.000000,SAMPLE
275,0.00000,40.57292,21885,1,0.000000,SAMPLE
276,0.00000,40.54688,21885,1,0.000000,SAMPLE
277,0.00000,40.54688,21885,1,0.000000,SAMPLE
278,0.00000,40.44271,21884,1,0.000000,SAMPLE
279,0.00000,40.41667,21884,1,0.000000,SAMPLE
280,0.00000,40.41667,21884,1,0.000000,SAMPLE
281,0.00000,40.41667,21884,1,0.000000,SAMPLE
282,0.00000,40.39063,21884,1,0.000000,SAMPLE
283,0.00000,40.39063,21884,1,0.000000,SAMPLE
284,0.00000,40.39063,21884,1,0.000000,SAMPLE
285,0.00000,40.36459,21884,1,0.000000,SAMPLE
286,0.00000,40.36459,21884,1,0.000000,SAMPLE
287,0.00000,40.33854,21884,1,0.000000,SAMPLE
288,0.00000,40.33854,21884,1,0.000000,SAMPLE
289,0.00000,40.33854,21884,1,0.000000,SAMPLE
290,0.00000,40.33854,21884,1,0.000000,SAMPLE
291,0.00000,40.31250,21884,1,0.000000,SAMPLE
292,0.00000,40.31250,21884,1,0.000000,SAMPLE
293,0.00000,40.31250,21884,1,0.000000,SAMPLE
294,0.00000,40.31250,21884,1,0.000000,SAMPLE
295,0.00000,40.31250,21884,1,0.000000,SAMPLE
296,0.00000,40.28646,21884,1,0.000000,SAMPLE
297,0.00000,40.28646,21884,1,0.000000,SAMPLE
298,0.00000,40.26042,21884,1,0.000000,SAMPLE
299,0.00000,40.23438,21884,1,0.000000,SAMPLE
300,0.00000,40.26042,21884,1,0.000000,SAMPLE
301,0.00000,40.23438,21884,1,0.000000,SAMPLE
302,0.00000,40.23438,21884,1,0.000000,SAMPLE
303,0.00000,40.20833,21884,1,0.000000,SAMPLE
304,0.00000,40.20833,21884,1,0.000000,SAMPLE
305,0.00000,40.18230,21884,1,0.000000,SAMPLE
306,0.00000,40.18230,21884,1,0.000000,SAMPLE
307,0.00000,40.18230,21884,1,0.000000,SAMPLE
308,0.00000,40.18230,21884,1,0.000000,SAMPLE
309,0.00000,40.18230,21884,1,0.000000,SAMPLE
310,0.00000,40.15625,21884,1,0.000000,SAMPLE
311,0.00000,40.15625,21884,1,0.000000,SAMPLE
312,0.00000,40.15625,21884,1,0.000000,SAMPLE
313,0.00000,40.15625,21884,1,0.000000,SAMPLE
314,0.00000,40.15625,21884,1,0.000000,SAMPLE
315,0.00000,40.15625,21884,1,0.000000,SAMPLE
316,0.00000,40.13021,21884,1,0.000000,SAMPLE
317,0.00000,40.10417,21884,1,0.000000,SAMPLE
318,0.00000,40.10417,21884,1,0.000000,SAMPLE
319,0.00000,40.10417,21884,1,0.000000,SAMPLE
320,0.00000,40.10417,21884,1,0.000000,SAMPLE
321,0.00000,40.07812,21884,1,0.000000,SAMPLE
322,0.00000,40.07812,21884,1,0.000000,SAMPLE
323,0.00000,40.07812,21884,1,0.000000,SAMPLE
324,0.00000,40.07812,21884,1,0.000000,SAMPLE
325,0.00000,40.07812,21884,1,0.000000,SAMPLE
326,0.00000,40.07812,21884,1,0.000000,SAMPLE
327,0.00000,40.05209,21884,1,0.000000,SAMPLE
328,0.00000,40.05209,21884,1,0.000000,SAMPLE
329,0.00000,40.05209,21884,1,0.000000,SAMPLE
330,0.00000,40.05209,21884,1,0.000000,SAMPLE
331,0.00000,40.02604,21884,1,0.000000,SAMPLE
332,0.00000,40.02604,21884,1,0.000000,SAMPLE
333,0.00000,40.02604,21884,1,0.000000,SAMPLE
334,0.00000,40.02604,21884,1,0.000000,SAMPLE
335,0.00000,40.00000,21884,1,0.000000,SAMPLE
336,0.00000,40.00000,21884,1,0.000000,SAMPLE
337,0.00000,40.00000,21884,1,0.000000,SAMPLE
338,0.00000,39.97396,21884,1,0.000000,SAMPLE
339,0.00000,39.97396,21884,1,0.000000,SAMPLE
340,0.00000,39.97396,21884,1,0.000000,SAMPLE
341,0.00000,39.97396,21884,1,0.000000,SAMPLE
342,0.00000,39.97396,21884,1,0.000000,SAMPLE
343,0.00000,39.94792,21884,1,0.000000,SAMPLE
344,0.00000,39.94792,21884,1,0.000000,SAMPLE
345,0.00000,39.94792,21884,1,0.000000,SAMPLE
346,0.00000,39.94792,21884,1,0.000000,SAMPLE
347,0.00000,39.94792,21884,1,0.000000,SAMPLE
348,0.00000,39.92188,21884,1,0.000000,SAMPLE
349,0.00000,39.92188,21884,1,0.000000,SAMPLE
350,0.00000,39.92188,21884,1,0.000000,SAMPLE
351,0.00000,39.92188,21884,1,0.000000,SAMPLE
352,0.00000,39.92188,21884,1,0.000000,SAMPLE
353,0.00000,39.89584,21884,1,0.000000,SAMPLE
354,0.00000,39.89584,21884,1,0.000000,SAMPLE
355,0.00000,39.89584,21884,1,0.000000,SAMPLE
356,0.00000,39.89584,21884,1,0.000000,SAMPLE
357,0.00000,39.86979,21884,1,0.000000,SAMPLE
358,0.00000,39.86979,21884,1,0.000000,SAMPLE
359,0.00000,39.84375,21884,1,0.000000,SAMPLE
360,0.00000,39.86979,21884,1,0.000000,SAMPLE
361,0.00000,39.86979,21884,1,0.000000,SAMPLE
362,0.00000,39.84375,21884,1,0.000000,SAMPLE
363,0.00000,39.84375,21884,1,0.000000,SAMPLE
364,0.00000,39.84375,21884,1,0.000000,SAMPLE
365,0.00000,39.81771,21884,1,0.000000,SAMPLE
366,0.00000,39.81771,21884,1,0.000000,SAMPLE
367,0.00000,39.81771,21884,1,0.000000,SAMPLE
368,0.00000,39.81771,21884,1,0.000000,SAMPLE
369,0.00000,39.81771,21884,1,0.000000,SAMPLE
370,0.00000,39.81771,21884,1,0.000000,SAMPLE
371,0.00000,39.79167,21884,1,0.000000,SAMPLE
372,0.00000,39.79167,21884,1,0.000000,SAMPLE
373,0.00000,39.79167,21884,1,0.000000,SAMPLE
374,0.00000,39.79167,21884,1,0.000000,SAMPLE
375,0.00000,39.79167,21884,1,0.000000,SAMPLE
376,0.00000,39.76563,21884,1,0.000000,SAMPLE
377,0.00000,39.76563,21884,1,0.000000,SAMPLE
378,0.00000,39.76563,21884,1,0.000000,SAMPLE
379,0.00000,39.76563,21884,1,0.000000,SAMPLE
380,0.00000,39.73958,21884,1,0.000000,SAMPLE
381,0.00000,39.73958,21884,1,0.000000,SAMPLE
382,0.00000,39.73958,21884,1,0.000000,SAMPLE
383,0.00000,39.73958,21884,1,0.000000,SAMPLE
384,0.00000,39.73958,21884,1,0.000000,SAMPLE
385,0.00000,39.73958,21884,1,0.000000,SAMPLE
386,0.00000,39.73958,21884,1,0.000000,SAMPLE
387,0.00000,39.71355,21884,1,0.000000,SAMPLE
388,0.00000,39.71355,21884,1,0.000000,SAMPLE
389,0.00000,39.71355,21884,1,0.000000,SAMPLE
390,0.00000,39.71355,21884,1,0.000000,SAMPLE
391,0.00000,39.68750,21884,1,0.000000,SAMPLE
392,0.00000,39.68750,21884,1,0.000000,SAMPLE
393,0.00000,39.68750,21884,1,0.000000,SAMPLE
394,0.00000,39.68750,21884,1,0.000000,SAMPLE
395,0.00000,39.68750,21884,1,0.000000,SAMPLE
396,0.00000,39.68750,21884,1,0.000000,SAMPLE
397,0.00000,39.68750,21884,1,0.000000,SAMPLE
398,0.00000,39.66146,21884,1,0.000000,SAMPLE
399,0.00000,39.66146,21884,1,0.000000,SAMPLE
400,0.00000,39.66146,21884,1,0.000000,SAMPLE
401,0.00000,39.66146,21884,1,0.000000,SAMPLE
402,0.00000,39.63542,21884,1,0.000000,SAMPLE
403,0.00000,39.63542,21884,1,0.000000,SAMPLE
404,0.00000,39.63542,21884,1,0.000000,SAMPLE
405,0.00000,39.63542,21884,1,0.000000,SAMPLE
406,0.00000,39.63542,21884,1,0.000000,SAMPLE
407,0.00000,39.63542,21884,1,0.000000,SAMPLE
408,0.00000,39.60938,21884,1,0.000000,SAMPLE
409,0.00000,39.60938,21884,1,0.000000,SAMPLE
410,0.00000,39.60938,21884,1,0.000000,SAMPLE
411,0.00000,39.60938,21884,1,0.000000,SAMPLE
412,0.00000,39.60938,21884,1,0.000000,SAMPLE
413,0.00000,39.58334,21884,1,0.000000,SAMPLE
414,0.00000,39.58334,21884,1,0.000000,SAMPLE
415,0.00000,39.58334,21884,1,0.000000,SAMPLE
416,0.00000,39.58334,21884,1,0.000000,SAMPLE
417,0.00000,39.58334,21884,1,0.000000,SAMPLE
418,0.00000,39.55729,21884,1,0.000000,SAMPLE
419,0.00000,39.55729,21884,1,0.000000,SAMPLE
420,0.00000,39.55729,21884,1,0.000000,SAMPLE
421,0.00000,39.55729,21884,1,0.000000,SAMPLE
422,0.00000,39.55729,21884,1,0.000000,SAMPLE
423,0.00000,39.55729,21884,1,0.000000,SAMPLE
424,0.00000,39.55729,21884,1,0.000000,SAMPLE
425,0.00000,39.55729,21884,1,0.000000,SAMPLE
426,0.00000,39.53125,21884,1,0.000000,SAMPLE
427,0.00000,39.53125,21884,1,0.000000,SAMPLE
428,0.00000,39.53125,21884,1,0.000000,SAMPLE
429,0.00000,39.53125,21884,1,0.000000,SAMPLE
430,0.00000,39.50521,21884,1,0.000000,SAMPLE
431,0.00000,39.53125,21884,1,0.000000,SAMPLE
432,0.00000,39.50521,21884,1,0.000000,SAMPLE
433,0.00000,39.53125,21884,1,0.000000,SAMPLE
434,0.00000,39.50521,21884,1,0.000000,SAMPLE
435,0.00000,39.50521,21884,1,0.000000,SAMPLE
436,0.00000,39.47917,21884,1,0.000000,SAMPLE
437,0.00000,39.50521,21884,1,0.000000,SAMPLE
438,0.00000,39.47917,21884,1,0.000000,SAMPLE
439,0.00000,39.47917,21884,1,0.000000,SAMPLE
440,0.00000,39.47917,21884,1,0.000000,SAMPLE
441,0.00000,39.45313,21884,1,0.000000,SAMPLE
442,0.00000,39.47917,21884,1,0.000000,SAMPLE
443,0.00000,39.47917,21884,1,0.000000,SAMPLE
444,0.00000,39.47917,21884,1,0.000000,SAMPLE
445,0.00000,39.45313,21884,1,0.000000,SAMPLE
446,0.00000,39.45313,21884,1,0.000000,SAMPLE
447,0.00000,39.45313,21884,1,0.000000,SAMPLE
448,0.00000,39.45313,21884,1,0.000000,SAMPLE
449,0.00000,39.42708,21884,1,0.000000,SAMPLE
450,0.00000,39.42708,21884,1,0.000000,SAMPLE
451,0.00000,39.42708,21884,1,0.000000,SAMPLE
452,0.00000,39.42708,21884,1,0.000000,SAMPLE
453,0.00000,39.42708,21884,1,0.000000,SAMPLE
454,0.00000,39.42708,21884,1,0.000000,SAMPLE
455,0.00000,39.42708,21884,1,0.000000,SAMPLE
456,0.00000,39.40105,21884,1,0.000000,SAMPLE
457,0.00000,39.40105,21884,1,0.000000,SAMPLE
458,0.00000,39.40105,21884,1,0.000000,SAMPLE
459,0.00000,39.40105,21884,1,0.000000,SAMPLE
460,0.00000,39.40105,21884,1,0.000000,SAMPLE
461,0.00000,39.40105,21884,1,0.000000,SAMPLE
462,0.00000,39.37500,21884,1,0.000000,SAMPLE
463,0.00000,39.40105,21884,1,0.000000,SAMPLE
464,0.00000,39.37500,21884,1,0.000000,SAMPLE
465,0.00000,39.37500,21884,1,0.000000,SAMPLE
466,0.00000,39.37500,21884,1,0.000000,SAMPLE
467,0.00000,39.37500,21884,1,0.000000,SAMPLE
468,0.00000,39.37500,21884,1,0.000000,SAMPLE
469,0.00000,39.34896,21884,1,0.000000,SAMPLE
470,0.00000,39.37500,21884,1,0.000000,SAMPLE
471,0.00000,39.34896,21884,1,0.000000,SAMPLE
472,0.00000,39.34896,21884,1,0.000000,SAMPLE
473,0.00000,39.34896,21884,1,0.000000,SAMPLE
474,0.00000,39.34896,21884,1,0.000000,SAMPLE
475,0.00000,39.34896,21884,1,0.000000,SAMPLE
476,0.00000,39.32292,21884,1,0.000000,SAMPLE
477,0.00000,39.34896,21884,1,0.000000,SAMPLE
478,0.00000,39.32292,21884,1,0.000000,SAMPLE
479,0.00000,39.34896,21884,1,0.000000,SAMPLE
480,0.00000,39.32292,21884,1,0.000000,SAMPLE
481,0.00000,39.32292,21884,1,0.000000,SAMPLE
482,0.00000,39.32292,21884,1,0.000000,SAMPLE
483,0.00000,39.29688,21884,1,0.000000,SAMPLE
484,0.00000,39.29688,21884,1,0.000000,SAMPLE
485,0.00000,39.27083,21884,1,0.000000,SAMPLE
486,0.00000,39.29688,21884,1,0.000000,SAMPLE
487,0.00000,39.27083,21884,1,0.000000,SAMPLE
488,0.00000,39.27083,21884,1,0.000000,SAMPLE
489,0.00000,39.29688,21884,1,0.000000,SAMPLE
490,0.00000,39.27083,21884,1,0.000000,SAMPLE
491,0.00000,39.27083,21884,1,0.000000,SAMPLE
492,0.00000,39.27083,21884,1,0.000000,SAMPLE
493,0.00000,39.27083,21884,1,0.000000,SAMPLE
494,0.00000,39.24480,21884,1,0.000000,SAMPLE
495,0.00000,39.24480,21884,1,0.000000,SAMPLE
496,0.00000,39.24480,21884,1,0.000000,SAMPLE
497,0.00000,39.24480,21884,1,0.000000,SAMPLE
498,0.00000,39.24480,21884,1,0.000000,SAMPLE
499,0.00000,39.21875,21884,1,0.000000,SAMPLE
500,0.00000,39.21875,21884,1,0.000000,SAMPLE
501,0.00000,39.21875,21884,1,0.000000,SAMPLE
502,0.00000,39.21875,21884,1,0.000000,SAMPLE
503,0.00000,39.21875,21884,1,0.000000,SAMPLE
504,0.00000,39.19271,21884,1,0.000000,SAMPLE
505,0.00000,39.19271,21884,1,0.000000,SAMPLE
506,0.00000,39.19271,21884,1,0.000000,SAMPLE
507,0.00000,39.19271,21884,1,0.000000,SAMPLE
508,0.00000,39.16667,21884,1,0.000000,SAMPLE
509,0.00000,39.16667,21884,1,0.000000,SAMPLE
510,0.00000,39.16667,21884,1,0.000000,SAMPLE
511,0.00000,39.16667,21884,1,0.000000,SAMPLE
512,0.00000,39.16667,21884,1,0.000000,SAMPLE
513,0.00000,39.14062,21884,1,0.000000,SAMPLE
514,0.00000,39.14062,21884,1,0.000000,SAMPLE
515,0.00000,39.14062,21884,1,0.000000,SAMPLE
516,0.00000,39.14062,21884,1,0.000000,SAMPLE
517,0.00000,39.14062,21884,1,0.000000,SAMPLE
518,0.00000,39.11459,21884,1,0.000000,SAMPLE
519,0.00000,39.11459,21884,1,0.000000,SAMPLE
520,0.00000,39.11459,21884,1,0.000000,SAMPLE
521,0.00000,39.11459,21884,1,0.000000,SAMPLE
522,0.00000,39.11459,21884,1,0.000000,SAMPLE
523,0.00000,39.08854,21884,1,0.000000,SAMPLE
524,0.00000,39.11459,21884,1,0.000000,SAMPLE
525,0.00000,39.08854,21884,1,0.000000,SAMPLE
526,0.00000,39.06250,21884,1,0.000000,SAMPLE
527,0.00000,39.06250,21884,1,0.000000,SAMPLE
528,0.00000,39.08854,21884,1,0.000000,SAMPLE
529,0.00000,39.06250,21884,1,0.000000,SAMPLE
530,0.00000,39.06250,21884,1,0.000000,SAMPLE
531,0.00000,39.06250,21884,1,0.000000,SAMPLE
532,0.00000,39.06250,21884,1,0.000000,SAMPLE
533,0.00000,39.06250,21884,1,0.000000,SAMPLE
534,0.00000,39.03646,21884,1,0.000000,SAMPLE
535,0.00000,39.03646,21884,1,0.000000,SAMPLE
536,0.00000,39.03646,21884,1,0.000000,SAMPLE
537,0.00000,39.03646,21884,1,0.000000,SAMPLE
538,0.00000,39.01042,21884,1,0.000000,SAMPLE
539,0.00000,39.03646,21884,1,0.000000,SAMPLE
540,0.00000,39.03646,21884,1,0.000000,SAMPLE
541,0.00000,39.01042,21884,1,0.000000,SAMPLE
542,0.00000,39.01042,21884,1,0.000000,SAMPLE
543,0.00000,39.01042,21884,1,0.000000,SAMPLE
544,0.00000,39.01042,21884,1,0.000000,SAMPLE
545,0.00000,39.01042,21884,1,0.000000,SAMPLE
546,0.00000,38.98438,21884,1,0.000000,SAMPLE
547,0.00000,39.01042,21884,1,0.000000,SAMPLE
548,0.00000,38.98438,21884,1,0.000000,SAMPLE
549,0.00000,38.98438,21884,1,0.000000,SAMPLE
550,0.00000,38.95833,21884,1,0.000000,SAMPLE
551,0.00000,38.95833,21884,1,0.000000,SAMPLE
552,0.00000,38.95833,21884,1,0.000000,SAMPLE
553,0.00000,38.95833,21884,1,0.000000,SAMPLE
554,0.00000,38.93230,21884,1,0.000000,SAMPLE
555,0.00000,38.93230,21884,1,0.000000,SAMPLE
556,0.00000,38.95833,21884,1,0.000000,SAMPLE
557,0.00000,38.93230,21884,1,0.000000,SAMPLE
558,0.00000,38.93230,21884,1,0.000000,SAMPLE
559,0.00000,38.93230,21884,1,0.000000,SAMPLE
560,0.00000,38.90625,21884,1,0.000000,SAMPLE
561,0.00000,38.90625,21884,1,0.000000,SAMPLE
562,0.00000,38.93230,21884,1,0.000000,SAMPLE
563,0.00000,38.93230,21884,1,0.000000,SAMPLE
564,0.00000,38.88021,21884,1,0.000000,SAMPLE
565,0.00000,38.90625,21884,1,0.000000,SAMPLE
566,0.00000,38.90625,21884,1,0.000000,SAMPLE
567,0.00000,38.90625,21884,1,0.000000,SAMPLE
568,0.00000,38.88021,21884,1,0.000000,SAMPLE
569,0.00000,38.88021,21884,1,0.000000,SAMPLE
570,0.00000,38.88021,21884,1,0.000000,SAMPLE
571,0.00000,38.85417,21884,1,0.000000,SAMPLE
572,0.00000,38.88021,21884,1,0.000000,SAMPLE
573,0.00000,38.85417,21884,1,0.000000,SAMPLE
574,0.00000,38.88021,21884,1,0.000000,SAMPLE
575,0.00000,38.85417,21884,1,0.000000,SAMPLE
576,0.00000,38.85417,21884,1,0.000000,SAMPLE
577,0.00000,38.85417,21884,1,0.000000,SAMPLE
578,0.00000,38.85417,21884,1,0.000000,SAMPLE
579,0.00000,38.85417,21884,1,0.000000,SAMPLE
580,0.00000,38.82812,21884,1,0.000000,SAMPLE
581,0.00000,38.82812,21884,1,0.000000,SAMPLE
582,0.00000,38.82812,21884,1,0.000000,SAMPLE
583,0.00000,38.80209,21884,1,0.000000,SAMPLE
584,0.00000,38.80209,21884,1,0.000000,SAMPLE
585,0.00000,38.82812,21884,1,0.000000,SAMPLE
586,0.00000,38.80209,21884,1,0.000000,SAMPLE
587,0.00000,38.80209,21884,1,0.000000,SAMPLE
588,0.00000,38.77605,21884,1,0.000000,SAMPLE
589,0.00000,38.80209,21884,1,0.000000,SAMPLE
590,0.00000,38.77605,21884,1,0.000000,SAMPLE
591,0.00000,38.77605,21884,1,0.000000,SAMPLE
592,0.00000,38.77605,21884,1,0.000000,SAMPLE
593,0.00000,38.77605,21884,1,0.000000,SAMPLE
594,0.00000,38.77605,21884,1,0.000000,SAMPLE
595,0.00000,38.75000,21884,1,0.000000,SAMPLE
596,0.00000,38.77605,21884,1,0.000000,SAMPLE
597,0.00000,38.77605,21884,1,0.000000,SAMPLE
598,0.00000,38.75000,21884,1,0.000000,SAMPLE
599,0.00000,38.75000,21884,1,0.000000,SAMPLE
600,0.00000,38.75000,21884,1,0.000000,SAMPLE
601,0.00000,38.75000,21884,1,0.000000,SAMPLE
602,0.00000,38.75000,21884,1,0.000000,SAMPLE
603,0.00000,38.72396,21884,1,0.000000,SAMPLE
604,0.00000,38.72396,21884,1,0.000000,SAMPLE
605,0.00000,38.72396,21884,1,0.000000,SAMPLE
606,0.00000,38.72396,21884,1,0.000000,SAMPLE
607,0.00000,38.72396,21884,1,0.000000,SAMPLE
608,0.00000,38.69792,21884,1,0.000000,SAMPLE
609,0.00000,38.72396,21884,1,0.000000,SAMPLE
610,0.00000,38.69792,21884,1,0.000000,SAMPLE
611,0.00000,38.69792,21884,1,0.000000,SAMPLE
612,0.00000,38.69792,21884,1,0.000000,SAMPLE
613,0.00000,38.69792,21884,1,0.000000,SAMPLE
614,0.00000,38.69792,21884,1,0.000000,SAMPLE
615,0.00000,38.67188,21884,1,0.000000,SAMPLE
616,0.00000,38.69792,21884,1,0.000000,SAMPLE
617,0.00000,38.67188,21884,1,0.000000,SAMPLE
618,0.00000,38.67188,21884,1,0.000000,SAMPLE
619,0.00000,38.67188,21884,1,0.000000,SAMPLE
620,0.00000,38.67188,21884,1,0.000000,SAMPLE
621,0.00000,38.64584,21884,1,0.000000,SAMPLE
622,0.00000,38.64584,21884,1,0.000000,SAMPLE
623,0.00000,38.64584,21884,1,0.000000,SAMPLE
624,0.00000,38.64584,21884,1,0.000000,SAMPLE
625,0.00000,38.64584,21884,1,0.000000,SAMPLE
626,0.00000,38.61979,21884,1,0.000000,SAMPLE
627,0.00000,38.64584,21884,1,0.000000,SAMPLE
628,0.00000,38.61979,21884,1,0.000000,SAMPLE
629,0.00000,38.61979,21884,1,0.000000,SAMPLE
630,0.00000,38.61979,21884,1,0.000000,SAMPLE
631,0.00000,38.61979,21884,1,0.000000,SAMPLE
632,0.00000,38.59375,21884,1,0.000000,SAMPLE
633,0.00000,38.61979,21884,1,0.000000,SAMPLE
634,0.00000,38.61979,21884,1,0.000000,SAMPLE
635,0.00000,38.59375,21884,1,0.000000,SAMPLE
636,0.00000,38.59375,21884,1,0.000000,SAMPLE
637,0.00000,38.56771,21884,1,0.000000,SAMPLE
638,0.00000,38.59375,21884,1,0.000000,SAMPLE
639,0.00000,38.59375,21884,1,0.000000,SAMPLE
640,0.00000,38.56771,21884,1,0.000000,SAMPLE
641,0.00000,38.56771,21884,1,0.000000,SAMPLE
642,0.00000,38.56771,21884,1,0.000000,SAMPLE
643,0.00000,38.56771,21884,1,0.000000,SAMPLE
644,0.00000,38.54167,21884,1,0.000000,SAMPLE
645,0.00000,38.54167,21884,1,0.000000,SAMPLE
646,0.00000,38.54167,21884,1,0.000000,SAMPLE
647,0.00000,38.54167,21884,1,0.000000,SAMPLE
648,0.00000,38.54167,21884,1,0.000000,SAMPLE
649,0.00000,38.51563,21884,1,0.000000,SAMPLE
650,0.00000,38.51563,21884,1,0.000000,SAMPLE
651,0.00000,38.51563,21884,1,0.000000,SAMPLE
652,0.00000,38.54167,21884,1,0.000000,SAMPLE
653,0.00000,38.51563,21884,1,0.000000,SAMPLE
654,0.00000,38.54167,21884,1,0.000000,SAMPLE
655,0.00000,38.48958,21884,1,0.000000,SAMPLE
656,0.00000,38.51563,21884,1,0.000000,SAMPLE
657,0.00000,38.51563,21884,1,0.000000,SAMPLE
658,0.00000,38.51563,21884,1,0.000000,SAMPLE
659,0.00000,38.48958,21884,1,0.000000,SAMPLE
660,0.00000,38.48958,21884,1,0.000000,SAMPLE
661,0.00000,38.48958,21884,1,0.000000,SAMPLE
662,0.00000,38.48958,21884,1,0.000000,SAMPLE
663,0.00000,38.46355,21884,1,0.000000,SAMPLE
664,0.00000,38.48958,21884,1,0.000000,SAMPLE
665,0.00000,38.46355,21884,1,0.000000,SAMPLE
666,0.00000,38.48958,21884,1,0.000000,SAMPLE
667,0.00000,38.46355,21884,1,0.000000,SAMPLE
668,0.00000,38.46355,21884,1,0.000000,SAMPLE
669,0.00000,38.46355,21884,1,0.000000,SAMPLE
670,0.00000,38.46355,21884,1,0.000000,SAMPLE
671,0.00000,38.43750,21884,1,0.000000,SAMPLE
672,0.00000,38.43750,21884,1,0.000000,SAMPLE
673,0.00000,38.43750,21884,1,0.000000,SAMPLE
674,0.00000,38.43750,21884,1,0.000000,SAMPLE
675,0.00000,38.41146,21884,1,0.000000,SAMPLE
676,0.00000,38.43750,21884,1,0.000000,SAMPLE
677,0.00000,38.43750,21884,1,0.000000,SAMPLE
678,0.00000,38.43750,21884,1,0.000000,SAMPLE
679,0.00000,38.41146,21884,1,0.000000,SAMPLE
680,0.00000,38.41146,21884,1,0.000000,SAMPLE
681,0.00000,38.41146,21884,1,0.000000,SAMPLE
682,0.00000,38.41146,21884,1,0.000000,SAMPLE
683,0.00000,38.41146,21884,1,0.000000,SAMPLE
684,0.00000,38.38542,21884,1,0.000000,SAMPLE
685,0.00000,38.41146,21884,1,0.000000,SAMPLE
686,0.00000,38.38542,21884,1,0.000000,SAMPLE
687,0.00000,38.41146,21884,1,0.000000,SAMPLE
688,0.00000,38.38542,21884,1,0.000000,SAMPLE
689,0.00000,38.38542,21884,1,0.000000,SAMPLE
690,0.00000,38.38542,21884,1,0.000000,SAMPLE
691,0.00000,38.35938,21884,1,0.000000,SAMPLE
692,0.00000,38.35938,21884,1,0.000000,SAMPLE
693,0.00000,38.38542,21884,1,0.000000,SAMPLE
694,0.00000,38.38542,21884,1,0.000000,SAMPLE
695,0.00000,38.35938,21884,1,0.000000,SAMPLE
696,0.00000,38.35938,21884,1,0.000000,SAMPLE
697,0.00000,38.35938,21884,1,0.000000,SAMPLE
698,0.00000,38.35938,21884,1,0.000000,SAMPLE
699,0.00000,38.33334,21884,1,0.000000,SAMPLE
700,0.00000,38.33334,21884,1,0.000000,SAMPLE
701,0.00000,38.33334,21884,1,0.000000,SAMPLE
702,0.00000,38.33334,21884,1,0.000000,SAMPLE
703,0.00000,38.33334,21884,1,0.000000,SAMPLE
704,0.00000,38.33334,21884,1,0.000000,SAMPLE
705,0.00000,38.30730,21884,1,0.000000,SAMPLE
706,0.00000,38.33334,21884,1,0.000000,SAMPLE
707,0.00000,38.30730,21884,1,0.000000,SAMPLE
708,0.00000,38.30730,21884,1,0.000000,SAMPLE
709,0.00000,38.30730,21884,1,0.000000,SAMPLE
710,0.00000,38.30730,21884,1,0.000000,SAMPLE
711,0.00000,38.30730,21884,1,0.000000,SAMPLE
712,0.00000,38.28125,21884,1,0.000000,SAMPLE
713,0.00000,38.28125,21884,1,0.000000,SAMPLE
714,0.00000,38.28125,21884,1,0.000000,SAMPLE
715,0.00000,38.28125,21884,1,0.000000,SAMPLE
716,0.00000,38.28125,21884,1,0.000000,SAMPLE
717,0.00000,38.28125,21884,1,0.000000,SAMPLE
718,0.00000,38.25521,21883,1,0.000000,SAMPLE
719,0.00000,38.25521,21883,1,0.000000,SAMPLE
720,0.00000,38.28125,21883,1,0.000000,SAMPLE
721,0.00000,38.28125,21883,1,0.000000,SAMPLE
722,0.00000,38.25521,21883,1,0.000000,SAMPLE
723,0.00000,38.25521,21883,1,0.000000,SAMPLE
724,0.00000,38.25521,21883,1,0.000000,SAMPLE
725,0.00000,38.25521,21883,1,0.000000,SAMPLE
726,0.00000,38.25521,21883,1,0.000000,SAMPLE
727,0.00000,38.25521,21883,1,0.000000,SAMPLE
728,0.00000,38.25521,21883,1,0.000000,SAMPLE
729,0.00000,38.25521,21883,1,0.000000,SAMPLE
730,0.00000,38.25521,21883,1,0.000000,SAMPLE
731,0.00000,38.22917,21883,1,0.000000,SAMPLE
732,0.00000,38.22917,21883,1,0.000000,SAMPLE
733,0.00000,38.22917,21883,1,0.000000,SAMPLE
734,0.00000,38.22917,21883,1,0.000000,SAMPLE
735,0.00000,38.22917,21883,1,0.000000,SAMPLE
736,0.00000,38.22917,21883,1,0.000000,SAMPLE
737,0.00000,38.20313,21883,1,0.000000,SAMPLE
738,0.00000,38.20313,21883,1,0.000000,SAMPLE
739,0.00000,38.20313,21883,1,0.000000,SAMPLE
740,0.00000,38.20313,21883,1,0.000000,SAMPLE
741,0.00000,38.20313,21883,1,0.000000,SAMPLE
742,0.00000,38.20313,21883,1,0.000000,SAMPLE
743,0.00000,38.20313,21883,1,0.000000,SAMPLE
744,0.00000,38.17709,21883,1,0.000000,SAMPLE
745,0.00000,38.17709,21883,1,0.000000,SAMPLE
746,0.00000,38.17709,21883,1,0.000000,SAMPLE
747,0.00000,38.17709,21883,1,0.000000,SAMPLE
748,0.00000,38.17709,21883,1,0.000000,SAMPLE
749,0.00000,38.17709,21883,1,0.000000,SAMPLE
750,0.00000,38.17709,21883,1,0.000000,SAMPLE
751,0.00000,38.15104,21883,1,0.000000,SAMPLE
752,0.00000,38.15104,21883,1,0.000000,SAMPLE
753,0.00000,38.15104,21883,1,0.000000,SAMPLE
754,0.00000,38.15104,21883,1,0.000000,SAMPLE
755,0.00000,38.12500,21883,1,0.000000,SAMPLE
756,0.00000,38.15104,21883,1,0.000000,SAMPLE
757,0.00000,38.15104,21883,1,0.000000,SAMPLE
758,0.00000,38.12500,21883,1,0.000000,SAMPLE
759,0.00000,38.12500,21883,1,0.000000,SAMPLE
760,0.00000,38.12500,21883,1,0.000000,SAMPLE
761,0.00000,38.12500,21883,1,0.000000,SAMPLE
762,0.00000,38.12500,21883,1,0.000000,SAMPLE
763,0.00000,38.12500,21883,1,0.000000,SAMPLE
764,0.00000,38.12500,21883,1,0.000000,SAMPLE
765,0.00000,38.09896,21883,1,0.000000,SAMPLE
766,0.00000,38.12500,21883,1,0.000000,SAMPLE
767,0.00000,38.09896,21883,1,0.000000,SAMPLE
768,0.00000,38.09896,21883,1,0.000000,SAMPLE
769,0.00000,38.09896,21883,1,0.000000,SAMPLE
770,0.00000,38.09896,21883,1,0.000000,SAMPLE
771,0.00000,38.09896,21883,1,0.000000,SAMPLE
772,0.00000,38.09896,21883,1,0.000000,SAMPLE
773,0.00000,38.09896,21883,1,0.000000,SAMPLE
774,0.00000,38.07292,21883,1,0.000000,SAMPLE
775,0.00000,38.07292,21883,1,0.000000,SAMPLE
776,0.00000,38.07292,21883,1,0.000000,SAMPLE
777,0.00000,38.07292,21883,1,0.000000,SAMPLE
778,0.00000,38.07292,21883,1,0.000000,SAMPLE
779,0.00000,38.07292,21883,1,0.000000,SAMPLE
780,0.00000,38.04688,21883,1,0.000000,SAMPLE
781,0.00000,38.04688,21883,1,0.000000,SAMPLE
782,0.00000,38.04688,21883,1,0.000000,SAMPLE
783,0.00000,38.07292,21883,1,0.000000,SAMPLE
784,0.00000,38.04688,21883,1,0.000000,SAMPLE
785,0.00000,38.04688,21883,1,0.000000,SAMPLE
786,0.00000,38.04688,21883,1,0.000000,SAMPLE
787,0.00000,38.04688,21883,1,0.000000,SAMPLE
788,0.00000,38.04688,21883,1,0.000000,SAMPLE
789,0.00000,38.04688,21883,1,0.000000,SAMPLE
790,0.00000,38.02083,21883,1,0.000000,SAMPLE
791,0.00000,38.04688,21883,1,0.000000,SAMPLE
792,0.00000,38.02083,21883,1,0.000000,SAMPLE
793,0.00000,38.02083,21883,1,0.000000,SAMPLE
794,0.00000,38.02083,21883,1,0.000000,SAMPLE
795,0.00000,38.02083,21883,1,0.000000,SAMPLE
796,0.00000,38.02083,21883,1,0.000000,SAMPLE
797,0.00000,37.99480,21883,1,0.000000,SAMPLE
798,0.00000,42.50000,21912,1,0.000000,SAMPLE
799,0.00000,42.44792,21912,1,0.000000,SAMPLE
800,0.00000,42.42188,21912,1,0.000000,SAMPLE
801,0.00000,42.44792,21912,1,0.000000,SAMPLE
802,0.00000,42.42188,21912,1,0.000000,SAMPLE
803,0.00000,42.39583,21912,1,0.000000,SAMPLE
804,0.00000,42.39583,21912,1,0.000000,SAMPLE
805,0.00000,42.39583,21912,1,0.000000,SAMPLE
806,0.00000,42.39583,21912,1,0.000000,SAMPLE
807,0.00000,42.36980,21912,1,0.000000,SAMPLE
808,0.00000,42.39583,21912,1,0.000000,SAMPLE
809,0.00000,42.36980,21912,1,0.000000,SAMPLE
810,0.00000,42.36980,21912,1,0.000000,SAMPLE
811,0.00000,42.36980,21912,1,0.000000,SAMPLE
812,0.00000,42.36980,21912,1,0.000000,SAMPLE
813,0.00000,42.34375,21912,1,0.000000,SAMPLE
814,0.00000,42.34375,21912,1,0.000000,SAMPLE
815,0.00000,42.34375,21912,1,0.000000,SAMPLE
816,0.00000,42.31771,21912,1,0.000000,SAMPLE
817,0.00000,42.34375,21912,1,0.000000,SAMPLE
818,0.00000,42.31771,21912,1,0.000000,SAMPLE
819,0.00000,29.89583,21912,1,0.000000,NA
820,0.00000,29.97396,21912,1,0.000000,NA
821,0.00000,10.23438,21912,1,0.000000,NA
822,0.00000,1.11979,21912,1,0.000000,NA
823,0.00000,5.00000,22450,1,0.000000,NA
824,0.00000,29.14063,25556,1,0.000000,NA
825,0.00000,29.68750,28662,1,0.000000,NA
826,0.00000,3.98438,30103,0,0.000000,NA
827,0.00000,1.22396,30103,0,0.000000,NA
828,0.00000,1.14583,30103,0,0.000000,NA
829,0.00000,1.14583,30103,0,0.000000,NA
830,0.00000,-4.34896,27654,1,0.000000,PRESERVE
831,0.00000,-5.31250,24545,1,0.000000,PRESERVE
832,0.00000,-5.70313,21439,1,0.000000,PRESERVE
833,0.00000,-5.88542,18333,1,0.000000,PRESERVE
834,0.00000,0.00000,17944,1,0.000000,PRESERVE
835,0.00000,35.93750,19472,1,0.000000,PRESERVE
836,0.00000,41.09375,19472,1,0.000000,PRESERVE
837,0.00000,40.85938,19472,1,0.000000,PRESERVE
838,0.00000,40.72917,19472,1,0.000000,PRESERVE
839,0.00000,40.62500,19472,1,0.000000,PRESERVE
840,0.00000,40.54688,19472,1,0.000000,PRESERVE
841,0.00000,40.49480,19472,1,0.000000,PRESERVE
842,0.00000,40.41667,19472,1,0.000000,PRESERVE
843,0.00000,40.39063,19472,1,0.000000,PRESERVE
844,0.00000,40.36459,19472,1,0.000000,PRESERVE
845,0.00000,40.33854,19472,1,0.000000,PRESERVE
846,0.00000,40.28646,19472,1,0.000000,PRESERVE
847,0.00000,40.23438,19472,1,0.000000,PRESERVE
848,0.00000,40.20833,19472,1,0.000000,PRESERVE
849,0.00000,40.20833,19472,1,0.000000,PRESERVE
850,0.00000,40.13021,19472,1,0.000000,PRESERVE
851,0.00000,40.13021,19472,1,0.000000,PRESERVE
852,0.00000,40.10417,19472,1,0.000000,PRESERVE
853,0.00000,40.07812,19472,1,0.000000,PRESERVE
854,0.00000,40.07812,19472,1,0.000000,PRESERVE
855,0.00000,40.02604,19476,1,0.000000,PRESERVE
856,0.00000,40.52084,19476,1,0.000000,PRESERVE
857,0.00000,40.52084,19476,1,0.000000,PRESERVE
858,0.00000,40.46875,19476,1,0.000000,PRESERVE
859,0.00000,40.46875,19476,1,0.000000,PRESERVE
860,0.00000,40.44271,19476,1,0.000000,PRESERVE
861,0.00000,40.44271,19476,1,0.000000,PRESERVE
862,0.00000,40.44271,19476,1,0.000000,PRESERVE
863,0.00000,40.39063,19476,1,0.000000,PRESERVE
864,0.00000,40.39063,19476,1,0.000000,PRESERVE
865,0.00000,40.39063,19476,1,0.000000,PRESERVE
866,0.00000,40.33854,19476,1,0.000000,PRESERVE
867,0.00000,40.36459,19476,1,0.000000,PRESERVE
868,0.00000,40.33854,19476,1,0.000000,PRESERVE
869,0.00000,40.31250,19476,1,0.000000,PRESERVE
870,0.00000,40.31250,19476,1,0.000000,PRESERVE
871,0.00000,40.28646,19476,1,0.000000,PRESERVE
872,0.00000,40.26042,19476,1,0.000000,PRESERVE
873,0.00000,40.28646,19476,1,0.000000,PRESERVE
874,0.00000,40.23438,19476,1,0.000000,PRESERVE
875,0.00000,40.23438,19477,1,0.000000,PRESERVE
876,0.00000,40.44271,19477,1,0.000000,PRESERVE
877,0.00000,40.46875,19477,1,0.000000,PRESERVE
878,0.00000,40.41667,19477,1,0.000000,PRESERVE
879,0.00000,40.41667,19477,1,0.000000,PRESERVE
880,0.00000,40.41667,19477,1,0.000000,PRESERVE
881,0.00000,40.39063,19477,1,0.000000,PRESERVE
882,0.00000,40.39063,19477,1,0.000000,PRESERVE
883,0.00000,40.39063,19477,1,0.000000,PRESERVE
884,0.00000,40.36459,19477,1,0.000000,PRESERVE
885,0.00000,40.33854,19477,1,0.000000,PRESERVE
886,0.00000,40.33854,19477,1,0.000000,PRESERVE
887,0.00000,40.33854,19477,1,0.000000,PRESERVE
888,0.00000,40.31250,19477,1,0.000000,PRESERVE
889,0.00000,40.28646,19477,1,0.000000,PRESERVE
890,0.00000,40.28646,19477,1,0.000000,PRESERVE
891,0.00000,40.28646,19477,1,0.000000,PRESERVE
892,0.00000,40.26042,19477,1,0.000000,PRESERVE
893,0.00000,40.26042,19477,1,0.000000,PRESERVE
894,0.00000,40.23438,19477,1,0.000000,PRESERVE
895,0.00000,40.23438,19477,1,0.000000,PRESERVE
896,0.00000,40.23438,19477,1,0.000000,PRESERVE
897,0.00000,40.23438,19477,1,0.000000,PRESERVE
898,0.00000,40.20833,19477,1,0.000000,PRESERVE
899,0.00000,40.20833,19477,1,0.000000,PRESERVE
900,0.00000,40.20833,19477,1,0.000000,PRESERVE
901,0.00000,40.18230,19477,1,0.000000,PRESERVE
902,0.00000,40.18230,19477,1,0.000000,PRESERVE
903,0.00000,40.15625,19477,1,0.000000,PRESERVE
904,0.00000,40.15625,19477,1,0.000000,PRESERVE
905,0.00000,40.15625,19477,1,0.000000,PRESERVE
906,0.00000,40.15625,19477,1,0.000000,PRESERVE
907,0.00000,40.13021,19477,1,0.000000,PRESERVE
908,0.00000,40.13021,19477,1,0.000000,PRESERVE
909,0.00000,40.13021,19477,1,0.000000,PRESERVE
910,0.00000,40.10417,19477,1,0.000000,PRESERVE
911,0.00000,40.10417,19477,1,0.000000,PRESERVE
912,0.00000,40.07812,19477,1,0.000000,PRESERVE
913,0.00000,40.07812,19477,1,0.000000,PRESERVE
914,0.00000,40.07812,19477,1,0.000000,PRESERVE
915,0.00000,40.05209,19477,1,0.000000,PRESERVE
916,0.00000,40.05209,19477,1,0.000000,PRESERVE
917,0.00000,40.05209,19477,1,0.000000,PRESERVE
918,0.00000,40.02604,19477,1,0.000000,PRESERVE
919,0.00000,40.02604,19477,1,0.000000,PRESERVE
920,0.00000,40.02604,19477,1,0.000000,PRESERVE
921,0.00000,40.00000,19477,1,0.000000,PRESERVE
922,0.00000,40.00000,19477,1,0.000000,PRESERVE
923,0.00000,39.97396,19477,1,0.000000,PRESERVE
924,0.00000,39.97396,19477,1,0.000000,PRESERVE
925,0.00000,39.97396,19477,1,0.000000,PRESERVE
926,0.00000,39.97396,19477,1,0.000000,PRESERVE
927,0.00000,39.94792,19477,1,0.000000,PRESERVE
928,0.00000,39.97396,19477,1,0.000000,PRESERVE
929,0.00000,39.94792,19477,1,0.000000,PRESERVE
930,0.00000,39.94792,19477,1,0.000000,PRESERVE
931,0.00000,39.92188,19477,1,0.000000,PRESERVE
932,0.00000,39.92188,19477,1,0.000000,PRESERVE
933,0.00000,39.89584,19477,1,0.000000,PRESERVE
934,0.00000,39.89584,19477,1,0.000000,PRESERVE
935,0.00000,39.89584,19477,1,0.000000,PRESERVE
936,0.00000,39.89584,19477,1,0.000000,PRESERVE
937,0.00000,39.86979,19477,1,0.000000,PRESERVE
938,0.00000,39.86979,19477,1,0.000000,PRESERVE
939,0.00000,39.86979,19477,1,0.000000,PRESERVE
940,0.00000,39.84375,19477,1,0.000000,PRESERVE
941,0.00000,39.84375,19477,1,0.000000,PRESERVE
942,0.00000,39.84375,19477,1,0.000000,PRESERVE
943,0.00000,39.84375,19477,1,0.000000,PRESERVE
944,0.00000,39.81771,19477,1,0.000000,PRESERVE
945,0.00000,39.81771,19477,1,0.000000,PRESERVE
946,0.00000,39.81771,19477,1,0.000000,PRESERVE
947,0.00000,39.79167,19477,1,0.000000,PRESERVE
948,0.00000,39.79167,19477,1,0.000000,PRESERVE
949,0.00000,39.79167,19477,1,0.000000,PRESERVE
950,0.00000,39.76563,19477,1,0.000000,PRESERVE
951,0.00000,39.79167,19477,1,0.000000,PRESERVE
952,0.00000,39.76563,19477,1,0.000000,PRESERVE
953,0.00000,39.73958,19477,1,0.000000,PRESERVE
954,0.00000,39.73958,19477,1,0.000000,PRESERVE
955,0.00000,39.73958,19477,1,0.000000,PRESERVE
956,0.00000,39.73958,19477,1,0.000000,PRESERVE
957,0.00000,39.71355,19477,1,0.000000,PRESERVE
958,0.00000,39.71355,19477,1,0.000000,PRESERVE
959,0.00000,39.71355,19477,1,0.000000,PRESERVE
960,0.00000,39.68750,19477,1,0.000000,PRESERVE
961,0.00000,39.68750,19477,1,0.000000,PRESERVE
962,0.00000,39.68750,19477,1,0.000000,PRESERVE
963,0.00000,39.66146,19477,1,0.000000,PRESERVE
964,0.00000,39.66146,19477,1,0.000000,PRESERVE
965,0.00000,39.66146,19477,1,0.000000,PRESERVE
966,0.00000,39.66146,19477,1,0.000000,PRESERVE
967,0.00000,39.66146,19477,1,0.000000,PRESERVE
968,0.00000,39.63542,19477,1,0.000000,PRESERVE
969,0.00000,39.63542,19477,1,0.000000,PRESERVE
970,0.00000,39.63542,19477,1,0.000000,PRESERVE
971,0.00000,39.63542,19477,1,0.000000,PRESERVE
972,0.00000,39.60938,19477,1,0.000000,PRESERVE
973,0.00000,39.60938,19477,1,0.000000,PRESERVE
974,0.00000,39.60938,19477,1,0.000000,PRESERVE
975,0.00000,39.58334,19477,1,0.000000,PRESERVE
976,0.00000,41.04167,19486,1,0.000000,PRESERVE
977,0.00000,41.01562,19486,1,0.000000,PRESERVE
978,0.00000,41.01562,19486,1,0.000000,PRESERVE
979,0.00000,41.01562,19486,1,0.000000,PRESERVE
980,0.00000,40.98959,19486,1,0.000000,PRESERVE
981,0.00000,40.98959,19486,1,0.000000,PRESERVE
982,0.00000,40.98959,19486,1,0.000000,PRESERVE
983,0.00000,40.96355,19486,1,0.000000,PRESERVE
984,0.00000,40.96355,19486,1,0.000000,PRESERVE
985,0.00000,40.93750,19486,1,0.000000,PRESERVE
986,0.00000,40.96355,19486,1,0.000000,PRESERVE
987,0.00000,40.93750,19486,1,0.000000,PRESERVE
988,0.00000,40.93750,19486,1,0.000000,PRESERVE
989,0.00000,40.93750,19486,1,0.000000,PRESERVE
990,0.00000,40.91146,19486,1,0.000000,PRESERVE
991,0.00000,40.91146,19486,1,0.000000,PRESERVE
992,0.00000,40.91146,19486,1,0.000000,PRESERVE
993,0.00000,40.88542,19486,1,0.000000,PRESERVE
994,0.00000,40.88542,19486,1,0.000000,PRESERVE
995,0.00000,40.88542,19486,1,0.000000,PRESERVE
996,0.00000,41.32813,19489,1,0.000000,PRESERVE
997,0.00000,41.32813,19489,1,0.000000,PRESERVE
998,0.00000,41.30209,19489,1,0.000000,PRESERVE
999,0.00000,41.30209,19489,1,0.000000,PRESERVE
1000,0.00000,41.30209,19489,1,0.000000,PRESERVE
1001,0.00000,41.30209,19489,1,0.000000,PRESERVE
1002,0.00000,41.30209,19489,1,0.000000,PRESERVE
1003,0.00000,41.27604,19489,1,0.000000,PRESERVE
1004,0.00000,41.27604,19489,1,0.000000,PRESERVE
1005,0.00000,41.27604,19489,1,0.000000,PRESERVE
1006,0.00000,41.25000,19489,1,0.000000,PRESERVE
1007,0.00000,41.25000,19489,1,0.000000,PRESERVE
1008,0.00000,41.25000,19489,1,0.000000,PRESERVE
1009,0.00000,41.25000,19489,1,0.000000,PRESERVE
1010,0.00000,41.22396,19489,1,0.000000,PRESERVE
1011,0.00000,41.22396,19489,1,0.000000,PRESERVE
1012,0.00000,41.22396,19489,1,0.000000,PRESERVE
1013,0.00000,41.22396,19489,1,0.000000,PRESERVE
1014,0.00000,41.19792,19489,1,0.000000,PRESERVE
1015,0.00000,41.19792,19489,1,0.000000,PRESERVE
1016,0.00000,41.77084,19492,1,0.000000,PRESERVE
1017,0.00000,41.77084,19492,1,0.000000,PRESERVE
1018,0.00000,41.74479,19492,1,0.000000,PRESERVE
1019,0.00000,41.74479,19492,1,0.000000,PRESERVE
1020,0.00000,41.74479,19492,1,0.000000,PRESERVE
1021,0.00000,41.71875,19492,1,0.000000,PRESERVE
1022,0.00000,41.71875,19492,1,0.000000,PRESERVE
1023,0.00000,41.71875,19492,1,0.000000,PRESERVE
1024,0.00000,41.71875,19492,1,0.000000,PRESERVE
1025,0.00000,41.71875,19492,1,0.000000,PRESERVE
1026,0.00000,41.69271,19492,1,0.000000,PRESERVE
1027,0.00000,41.69271,19492,1,0.000000,PRESERVE
1028,0.00000,41.69271,19492,1,0.000000,PRESERVE
1029,0.00000,41.66667,19492,1,0.000000,PRESERVE
1030,0.00000,41.69271,19492,1,0.000000,PRESERVE
1031,0.00000,41.66667,19492,1,0.000000,PRESERVE
1032,0.00000,41.66667,19492,1,0.000000,PRESERVE
1033,0.00000,41.64063,19492,1,0.000000,PRESERVE
1034,0.00000,41.66667,19492,1,0.000000,PRESERVE
1035,0.00000,41.64063,19492,1,0.000000,PRESERVE
1036,0.00000,41.64063,19492,1,0.000000,PRESERVE
1037,0.00000,41.64063,19492,1,0.000000,PRESERVE
1038,0.00000,41.61458,19492,1,0.000000,PRESERVE
1039,0.00000,41.61458,19492,1,0.000000,PRESERVE
1040,0.00000,41.61458,19492,1,0.000000,PRESERVE
1041,0.00000,41.61458,19492,1,0.000000,PRESERVE
1042,0.00000,41.61458,19492,1,0.000000,PRESERVE
1043,0.00000,41.58855,19492,1,0.000000,PRESERVE
1044,0.00000,41.58855,19492,1,0.000000,PRESERVE
1045,0.00000,41.58855,19492,1,0.000000,PRESERVE
1046,0.00000,41.58855,19492,1,0.000000,PRESERVE
1047,0.00000,41.58855,19492,1,0.000000,PRESERVE
1048,0.00000,41.56250,19492,1,0.000000,PRESERVE
1049,0.00000,41.56250,19492,1,0.000000,PRESERVE
1050,0.00000,41.56250,19492,1,0.000000,PRESERVE
1051,0.00000,41.56250,19492,1,0.000000,PRESERVE
1052,0.00000,41.53646,19492,1,0.000000,PRESERVE
1053,0.00000,41.53646,19492,1,0.000000,PRESERVE
1054,0.00000,41.53646,19492,1,0.000000,PRESERVE
1055,0.00000,41.53646,19492,1,0.000000,PRESERVE
1056,0.00000,41.53646,19492,1,0.000000,PRESERVE
1057,0.00000,41.51042,19492,1,0.000000,PRESERVE
1058,0.00000,41.51042,19492,1,0.000000,PRESERVE
1059,0.00000,41.51042,19492,1,0.000000,PRESERVE
1060,0.00000,41.51042,19492,1,0.000000,PRESERVE
1061,0.00000,41.48438,19492,1,0.000000,PRESERVE
1062,0.00000,41.48438,19492,1,0.000000,PRESERVE
1063,0.00000,41.48438,19492,1,0.000000,PRESERVE
1064,0.00000,41.48438,19492,1,0.000000,PRESERVE
1065,0.00000,41.48438,19492,1,0.000000,PRESERVE
1066,0.00000,41.45834,19492,1,0.000000,PRESERVE
1067,0.00000,41.45834,19492,1,0.000000,PRESERVE
1068,0.00000,41.45834,19492,1,0.000000,PRESERVE
1069,0.00000,41.45834,19492,1,0.000000,PRESERVE
1070,0.00000,41.45834,19492,1,0.000000,PRESERVE
1071,0.00000,41.43230,19492,1,0.000000,PRESERVE
1072,0.00000,41.43230,19492,1,0.000000,PRESERVE
1073,0.00000,41.43230,19492,1,0.000000,PRESERVE
1074,0.00000,41.43230,19492,1,0.000000,PRESERVE
1075,0.00000,41.43230,19492,1,0.000000,PRESERVE
1076,0.00000,41.40625,19492,1,0.000000,PRESERVE
1077,0.00000,41.40625,19492,1,0.000000,PRESERVE
1078,0.00000,41.40625,19492,1,0.000000,PRESERVE
1079,0.00000,41.40625,19492,1,0.000000,PRESERVE
1080,0.00000,41.38021,19492,1,0.000000,PRESERVE
1081,0.00000,41.38021,19492,1,0.000000,PRESERVE
1082,0.00000,41.38021,19492,1,0.000000,PRESERVE
1083,0.00000,41.38021,19492,1,0.000000,PRESERVE
1084,0.00000,41.35417,19492,1,0.000000,PRESERVE
1085,0.00000,41.35417,19492,1,0.000000,PRESERVE
1086,0.00000,41.35417,19492,1,0.000000,PRESERVE
1087,0.00000,41.35417,19492,1,0.000000,PRESERVE
1088,0.00000,41.35417,19492,1,0.000000,PRESERVE
1089,0.00000,41.35417,19492,1,0.000000,PRESERVE
1090,0.00000,41.32813,19492,1,0.000000,PRESERVE
1091,0.00000,41.32813,19492,1,0.000000,PRESERVE
1092,0.00000,41.32813,19492,1,0.000000,PRESERVE
1093,0.00000,41.32813,19492,1,0.000000,PRESERVE
1094,0.00000,41.32813,19492,1,0.000000,PRESERVE
1095,0.00000,41.30209,19492,1,0.000000,PRESERVE
1096,0.00000,41.30209,19492,1,0.000000,PRESERVE
1097,0.00000,41.30209,19492,1,0.000000,PRESERVE
1098,0.00000,41.30209,19492,1,0.000000,PRESERVE
1099,0.00000,41.30209,19492,1,0.000000,PRESERVE
1100,0.00000,41.30209,19492,1,0.000000,PRESERVE
1101,0.00000,41.27604,19492,1,0.000000,PRESERVE
1102,0.00000,41.27604,19492,1,0.000000,PRESERVE
1103,0.00000,41.27604,19492,1,0.000000,PRESERVE
1104,0.00000,41.27604,19492,1,0.000000,PRESERVE
1105,0.00000,41.27604,19492,1,0.000000,PRESERVE
1106,0.00000,41.25000,19492,1,0.000000,PRESERVE
1107,0.00000,41.25000,19492,1,0.000000,PRESERVE
1108,0.00000,41.25000,19492,1,0.000000,PRESERVE
1109,0.00000,41.25000,19492,1,0.000000,PRESERVE
1110,0.00000,41.25000,19492,1,0.000000,PRESERVE
1111,0.00000,41.25000,19492,1,0.000000,PRESERVE
1112,0.00000,41.22396,19492,1,0.000000,PRESERVE
1113,0.00000,41.22396,19492,1,0.000000,PRESERVE
1114,0.00000,41.22396,19492,1,0.000000,PRESERVE
1115,0.00000,41.19792,19492,1,0.000000,PRESERVE
1116,0.00000,41.19792,19492,1,0.000000,PRESERVE
1117,0.00000,41.19792,19492,1,0.000000,PRESERVE
1118,0.00000,41.19792,19492,1,0.000000,PRESERVE
1119,0.00000,41.19792,19492,1,0.000000,PRESERVE
1120,0.00000,41.19792,19492,1,0.000000,PRESERVE
1121,0.00000,41.17188,19492,1,0.000000,PRESERVE
1122,0.00000,41.17188,19492,1,0.000000,PRESERVE
1123,0.00000,41.17188,19492,1,0.000000,PRESERVE
1124,0.00000,41.17188,19492,1,0.000000,PRESERVE
1125,0.00000,41.17188,19492,1,0.000000,PRESERVE
1126,0.00000,41.17188,19492,1,0.000000,PRESERVE
1127,0.00000,41.17188,19492,1,0.000000,PRESERVE
1128,0.00000,41.14583,19492,1,0.000000,PRESERVE
1129,0.00000,41.14583,19492,1,0.000000,PRESERVE
1130,0.00000,41.14583,19492,1,0.000000,PRESERVE
1131,0.00000,41.14583,19492,1,0.000000,PRESERVE
1132,0.00000,41.11980,19492,1,0.000000,PRESERVE
1133,0.00000,41.11980,19492,1,0.000000,PRESERVE
1134,0.00000,41.11980,19492,1,0.000000,PRESERVE
1135,0.00000,41.11980,19492,1,0.000000,PRESERVE
1136,0.00000,41.11980,19492,1,0.000000,PRESERVE
1137,0.00000,41.11980,19492,1,0.000000,PRESERVE
1138,0.00000,41.11980,19492,1,0.000000,PRESERVE
1139,0.00000,41.09375,19492,1,0.000000,PRESERVE
1140,0.00000,41.09375,19492,1,0.000000,PRESERVE
1141,0.00000,41.09375,19492,1,0.000000,PRESERVE
1142,0.00000,41.09375,19492,1,0.000000,PRESERVE
1143,0.00000,41.09375,19492,1,0.000000,PRESERVE
1144,0.00000,41.06771,19492,1,0.000000,PRESERVE
1145,0.00000,41.06771,19492,1,0.000000,PRESERVE
1146,0.00000,41.06771,19492,1,0.000000,PRESERVE
1147,0.00000,41.06771,19492,1,0.000000,PRESERVE
1148,0.00000,41.06771,19492,1,0.000000,PRESERVE
1149,0.00000,41.06771,19492,1,0.000000,PRESERVE
1150,0.00000,41.04167,19492,1,0.000000,PRESERVE
1151,0.00000,41.04167,19492,1,0.000000,PRESERVE
1152,0.00000,41.04167,19492,1,0.000000,PRESERVE
1153,0.00000,41.04167,19492,1,0.000000,PRESERVE
1154,0.00000,41.04167,19492,1,0.000000,PRESERVE
1155,0.00000,41.01562,19492,1,0.000000,PRESERVE
1156,0.00000,41.04167,19492,1,0.000000,PRESERVE
1157,0.00000,41.01562,19492,1,0.000000,PRESERVE
1158,0.00000,41.01562,19492,1,0.000000,PRESERVE
1159,0.00000,41.01562,19492,1,0.000000,PRESERVE
1160,0.00000,41.01562,19492,1,0.000000,PRESERVE
1161,0.00000,41.01562,19492,1,0.000000,PRESERVE
1162,0.00000,40.98959,19492,1,0.000000,PRESERVE
1163,0.00000,40.98959,19492,1,0.000000,PRESERVE
1164,0.00000,40.98959,19492,1,0.000000,PRESERVE
1165,0.00000,40.98959,19492,1,0.000000,PRESERVE
1166,0.00000,40.98959,19492,1,0.000000,PRESERVE
1167,0.00000,40.98959,19492,1,0.000000,PRESERVE
1168,0.00000,40.98959,19492,1,0.000000,PRESERVE
1169,0.00000,40.96355,19492,1,0.000000,PRESERVE
1170,0.00000,40.96355,19492,1,0.000000,PRESERVE
1171,0.00000,40.96355,19492,1,0.000000,PRESERVE
1172,0.00000,40.96355,19492,1,0.000000,PRESERVE
1173,0.00000,40.96355,19492,1,0.000000,PRESERVE
1174,0.00000,40.96355,19492,1,0.000000,PRESERVE
1175,0.00000,40.93750,19492,1,0.000000,PRESERVE
1176,0.00000,40.93750,19492,1,0.000000,PRESERVE
1177,0.00000,40.93750,19492,1,0.000000,PRESERVE
1178,0.00000,40.93750,19492,1,0.000000,PRESERVE
1179,0.00000,40.93750,19492,1,0.000000,PRESERVE
1180,0.00000,40.91146,19492,1,0.000000,PRESERVE
1181,0.00000,40.91146,19492,1,0.000000,PRESERVE
1182,0.00000,40.91146,19492,1,0.000000,PRESERVE
1183,0.00000,40.91146,19492,1,0.000000,PRESERVE
1184,0.00000,40.91146,19492,1,0.000000,PRESERVE
1185,0.00000,40.91146,19492,1,0.000000,PRESERVE
1186,0.00000,40.91146,19492,1,0.000000,PRESERVE
1187,0.00000,40.88542,19492,1,0.000000,PRESERVE
1188,0.00000,40.91146,19492,1,0.000000,PRESERVE
1189,0.00000,40.88542,19492,1,0.000000,PRESERVE
1190,0.00000,40.88542,19492,1,0.000000,PRESERVE
1191,0.00000,40.88542,19492,1,0.000000,PRESERVE
1192,0.00000,40.88542,19492,1,0.000000,PRESERVE
1193,0.00000,40.85938,19492,1,0.000000,PRESERVE
1194,0.00000,40.85938,19492,1,0.000000,PRESERVE
1195,0.00000,40.85938,19492,1,0.000000,PRESERVE
1196,0.00000,40.85938,19492,1,0.000000,PRESERVE
1197,0.00000,40.83334,19492,1,0.000000,PRESERVE
1198,0.00000,40.85938,19492,1,0.000000,PRESERVE
1199,0.00000,40.85938,19492,1,0.000000,PRESERVE
1200,0.00000,40.85938,19492,1,0.000000,PRESERVE
1201,0.00000,40.83334,19492,1,0.000000,PRESERVE
1202,0.00000,40.83334,19492,1,0.000000,PRESERVE
1203,0.00000,40.83334,19492,1,0.000000,PRESERVE
1204,0.00000,40.83334,19492,1,0.000000,PRESERVE
1205,0.00000,40.83334,19492,1,0.000000,PRESERVE
1206,0.00000,40.83334,19492,1,0.000000,PRESERVE
1207,0.00000,40.83334,19492,1,0.000000,PRESERVE
1208,0.00000,40.80729,19492,1,0.000000,PRESERVE
1209,0.00000,40.80729,19492,1,0.000000,PRESERVE
1210,0.00000,40.80729,19492,1,0.000000,PRESERVE
1211,0.00000,40.80729,19492,1,0.000000,PRESERVE
1212,0.00000,40.80729,19492,1,0.000000,PRESERVE
1213,0.00000,40.78125,19492,1,0.000000,PRESERVE
1214,0.00000,40.78125,19492,1,0.000000,PRESERVE
1215,0.00000,40.78125,19492,1,0.000000,PRESERVE
1216,0.00000,40.78125,19492,1,0.000000,PRESERVE
1217,0.00000,40.78125,19492,1,0.000000,PRESERVE
1218,0.00000,40.78125,19492,1,0.000000,PRESERVE
1219,0.00000,40.78125,19492,1,0.000000,PRESERVE
1220,0.00000,40.75521,19492,1,0.000000,PRESERVE
1221,0.00000,40.75521,19492,1,0.000000,PRESERVE
1222,0.00000,40.75521,19492,1,0.000000,PRESERVE
1223,0.00000,40.75521,19492,1,0.000000,PRESERVE
1224,0.00000,40.75521,19492,1,0.000000,PRESERVE
1225,0.00000,40.75521,19492,1,0.000000,PRESERVE
1226,0.00000,40.72917,19492,1,0.000000,PRESERVE
1227,0.00000,40.72917,19492,1,0.000000,PRESERVE
1228,0.00000,40.72917,19492,1,0.000000,PRESERVE
1229,0.00000,40.72917,19492,1,0.000000,PRESERVE
1230,0.00000,40.72917,19492,1,0.000000,PRESERVE
1231,0.00000,40.72917,19492,1,0.000000,PRESERVE
1232,0.00000,40.72917,19492,1,0.000000,PRESERVE
1233,0.00000,40.70313,19492,1,0.000000,PRESERVE
1234,0.00000,40.70313,19492,1,0.000000,PRESERVE
1235,0.00000,40.70313,19492,1,0.000000,PRESERVE
1236,0.00000,40.70313,19492,1,0.000000,PRESERVE
1237,0.00000,40.70313,19492,1,0.000000,PRESERVE
1238,0.00000,40.70313,19492,1,0.000000,PRESERVE
1239,0.00000,40.70313,19492,1,0.000000,PRESERVE
1240,0.00000,40.70313,19492,1,0.000000,PRESERVE
1241,0.00000,40.67708,19492,1,0.000000,PRESERVE
1242,0.00000,40.67708,19492,1,0.000000,PRESERVE
1243,0.00000,40.67708,19492,1,0.000000,PRESERVE
1244,0.00000,40.67708,19492,1,0.000000,PRESERVE
1245,0.00000,40.67708,19492,1,0.000000,PRESERVE
1246,0.00000,40.67708,19492,1,0.000000,PRESERVE
1247,0.00000,40.65105,19492,1,0.000000,PRESERVE
1248,0.00000,40.65105,19492,1,0.000000,PRESERVE
1249,0.00000,40.65105,19492,1,0.000000,PRESERVE
1250,0.00000,40.65105,19492,1,0.000000,PRESERVE
1251,0.00000,40.65105,19492,1,0.000000,PRESERVE
1252,0.00000,40.65105,19492,1,0.000000,PRESERVE
1253,0.00000,40.65105,19492,1,0.000000,PRESERVE
1254,0.00000,40.62500,19492,1,0.000000,PRESERVE
1255,0.00000,40.62500,19492,1,0.000000,PRESERVE
1256,0.00000,40.62500,19492,1,0.000000,PRESERVE
1257,0.00000,40.62500,19492,1,0.000000,PRESERVE
1258,0.00000,40.62500,19492,1,0.000000,PRESERVE
1259,0.00000,40.62500,19492,1,0.000000,PRESERVE
1260,0.00000,40.62500,19492,1,0.000000,PRESERVE
1261,0.00000,40.62500,19492,1,0.000000,PRESERVE
1262,0.00000,40.59896,19492,1,0.000000,PRESERVE
1263,0.00000,40.59896,19492,1,0.000000,PRESERVE
1264,0.00000,40.59896,19492,1,0.000000,PRESERVE
1265,0.00000,40.59896,19492,1,0.000000,PRESERVE
1266,0.00000,40.59896,19492,1,0.000000,PRESERVE
1267,0.00000,40.57292,19492,1,0.000000,PRESERVE
1268,0.00000,40.59896,19492,1,0.000000,PRESERVE
1269,0.00000,40.57292,19492,1,0.000000,PRESERVE
1270,0.00000,40.57292,19492,1,0.000000,PRESERVE
1271,0.00000,40.57292,19492,1,0.000000,PRESERVE
1272,0.00000,40.57292,19492,1,0.000000,PRESERVE
1273,0.00000,40.57292,19492,1,0.000000,PRESERVE
1274,0.00000,40.57292,19492,1,0.000000,PRESERVE
1275,0.00000,40.57292,19492,1,0.000000,PRESERVE
1276,0.00000,40.54688,19492,1,0.000000,PRESERVE
1277,0.00000,40.54688,19492,1,0.000000,PRESERVE
1278,0.00000,40.54688,19492,1,0.000000,PRESERVE
1279,0.00000,40.54688,19492,1,0.000000,PRESERVE
1280,0.00000,40.54688,19492,1,0.000000,PRESERVE
1281,0.00000,40.54688,19492,1,0.000000,PRESERVE
1282,0.00000,40.54688,19492,1,0.000000,PRESERVE
1283,0.00000,40.54688,19492,1,0.000000,PRESERVE
1284,0.00000,40.52084,19492,1,0.000000,PRESERVE
1285,0.00000,40.52084,19492,1,0.000000,PRESERVE
1286,0.00000,40.52084,19492,1,0.000000,PRESERVE
1287,0.00000,40.52084,19492,1,0.000000,PRESERVE
1288,0.00000,40.52084,19492,1,0.000000,PRESERVE
1289,0.00000,40.52084,19492,1,0.000000,PRESERVE
1290,0.00000,40.52084,19492,1,0.000000,PRESERVE
1291,0.00000,40.49480,19492,1,0.000000,PRESERVE
1292,0.00000,40.49480,19492,1,0.000000,PRESERVE
1293,0.00000,40.49480,19492,1,0.000000,PRESERVE
1294,0.00000,40.49480,19492,1,0.000000,PRESERVE
1295,0.00000,40.49480,19492,1,0.000000,PRESERVE
1296,0.00000,40.46875,19492,1,0.000000,PRESERVE
1297,0.00000,40.49480,19492,1,0.000000,PRESERVE
1298,0.00000,40.49480,19492,1,0.000000,PRESERVE
1299,0.00000,40.46875,19492,1,0.000000,PRESERVE
1300,0.00000,40.46875,19492,1,0.000000,PRESERVE
1301,0.00000,40.46875,19492,1,0.000000,PRESERVE
1302,0.00000,40.46875,19492,1,0.000000,PRESERVE
1303,0.00000,40.46875,19492,1,0.000000,PRESERVE
1304,0.00000,40.46875,19492,1,0.000000,PRESERVE
1305,0.00000,40.46875,19492,1,0.000000,PRESERVE
1306,0.00000,40.46875,19492,1,0.000000,PRESERVE
1307,0.00000,40.44271,19492,1,0.000000,PRESERVE
1308,0.00000,40.44271,19492,1,0.000000,PRESERVE
1309,0.00000,40.44271,19492,1,0.000000,PRESERVE
1310,0.00000,40.44271,19492,1,0.000000,PRESERVE
1311,0.00000,40.44271,19492,1,0.000000,PRESERVE
1312,0.00000,40.41667,19492,1,0.000000,PRESERVE
1313,0.00000,40.44271,19492,1,0.000000,PRESERVE
1314,0.00000,40.41667,19492,1,0.000000,PRESERVE
1315,0.00000,40.41667,19492,1,0.000000,PRESERVE
1316,0.00000,41.71875,19500,1,0.000000,PRESERVE
1317,0.00000,41.69271,19499,1,0.000000,PRESERVE
1318,0.00000,41.69271,19499,1,0.000000,PRESERVE
1319,0.00000,41.69271,19499,1,0.000000,PRESERVE
1320,0.00000,41.69271,19499,1,0.000000,PRESERVE
1321,0.00000,41.66667,19499,1,0.000000,PRESERVE
1322,0.00000,41.66667,19499,1,0.000000,PRESERVE
1323,0.00000,41.66667,19499,1,0.000000,PRESERVE
1324,0.00000,41.66667,19499,1,0.000000,PRESERVE
1325,0.00000,41.64063,19499,1,0.000000,PRESERVE
1326,0.00000,41.66667,19499,1,0.000000,PRESERVE
1327,0.00000,41.64063,19499,1,0.000000,PRESERVE
1328,0.00000,41.66667,19499,1,0.000000,PRESERVE
1329,0.00000,41.64063,19499,1,0.000000,PRESERVE
1330,0.00000,41.64063,19499,1,0.000000,PRESERVE
1331,0.00000,41.64063,19499,1,0.000000,PRESERVE
1332,0.00000,41.61458,19499,1,0.000000,PRESERVE
1333,0.00000,41.64063,19499,1,0.000000,PRESERVE
1334,0.00000,41.61458,19499,1,0.000000,PRESERVE
1335,0.00000,41.61458,19499,1,0.000000,PRESERVE
1336,0.00000,41.58855,19499,1,0.000000,PRESERVE
1337,0.00000,41.56250,19499,1,0.000000,PRESERVE
1338,0.00000,41.56250,19499,1,0.000000,PRESERVE
1339,0.00000,41.53646,19499,1,0.000000,PRESERVE
1340,0.00000,41.53646,19499,1,0.000000,PRESERVE
1341,0.00000,41.53646,19499,1,0.000000,PRESERVE
1342,0.00000,41.53646,19499,1,0.000000,PRESERVE
1343,0.00000,41.53646,19499,1,0.000000,PRESERVE
1344,0.00000,41.53646,19499,1,0.000000,PRESERVE
1345,0.00000,41.51042,19499,1,0.000000,PRESERVE
1346,0.00000,41.51042,19499,1,0.000000,PRESERVE
1347,0.00000,41.51042,19499,1,0.000000,PRESERVE
1348,0.00000,41.51042,19499,1,0.000000,PRESERVE
1349,0.00000,41.51042,19499,1,0.000000,PRESERVE
1350,0.00000,41.48438,19499,1,0.000000,PRESERVE
1351,0.00000,41.48438,19499,1,0.000000,PRESERVE
1352,0.00000,41.48438,19499,1,0.000000,PRESERVE
1353,0.00000,41.48438,19499,1,0.000000,PRESERVE
1354,0.00000,41.45834,19499,1,0.000000,PRESERVE
1355,0.00000,41.45834,19499,1,0.000000,PRESERVE
1356,0.00000,40.96355,19495,1,0.000000,PRESERVE
1357,0.00000,40.96355,19495,1,0.000000,PRESERVE
1358,0.00000,40.93750,19495,1,0.000000,PRESERVE
1359,0.00000,40.93750,19495,1,0.000000,PRESERVE
1360,0.00000,40.93750,19495,1,0.000000,PRESERVE
1361,0.00000,40.93750,19495,1,0.000000,PRESERVE
1362,0.00000,40.93750,19495,1,0.000000,PRESERVE
1363,0.00000,40.91146,19495,1,0.000000,PRESERVE
1364,0.00000,40.91146,19495,1,0.000000,PRESERVE
1365,0.00000,40.91146,19495,1,0.000000,PRESERVE
1366,0.00000,40.91146,19495,1,0.000000,PRESERVE
1367,0.00000,40.91146,19495,1,0.000000,PRESERVE
1368,0.00000,40.88542,19495,1,0.000000,PRESERVE
1369,0.00000,40.88542,19495,1,0.000000,PRESERVE
1370,0.00000,40.88542,19495,1,0.000000,PRESERVE
1371,0.00000,40.88542,19495,1,0.000000,PRESERVE
1372,0.00000,40.88542,19495,1,0.000000,PRESERVE
1373,0.00000,40.85938,19495,1,0.000000,PRESERVE
1374,0.00000,40.85938,19495,1,0.000000,PRESERVE
1375,0.00000,40.85938,19495,1,0.000000,PRESERVE
1376,0.00000,39.79167,19489,1,0.000000,PRESERVE
1377,0.00000,39.79167,19489,1,0.000000,PRESERVE
1378,0.00000,39.79167,19489,1,0.000000,PRESERVE
1379,0.00000,39.76563,19489,1,0.000000,PRESERVE
1380,0.00000,39.76563,19489,1,0.000000,PRESERVE
1381,0.00000,39.76563,19489,1,0.000000,PRESERVE
1382,0.00000,39.76563,19489,1,0.000000,PRESERVE
1383,0.00000,39.76563,19489,1,0.000000,PRESERVE
1384,0.00000,39.76563,19489,1,0.000000,PRESERVE
1385,0.00000,39.76563,19489,1,0.000000,PRESERVE
1386,0.00000,39.76563,19489,1,0.000000,PRESERVE
1387,0.00000,39.73958,19489,1,0.000000,PRESERVE
1388,0.00000,39.73958,19489,1,0.000000,PRESERVE
1389,0.00000,39.73958,19489,1,0.000000,PRESERVE
1390,0.00000,39.73958,19489,1,0.000000,PRESERVE
1391,0.00000,39.73958,19489,1,0.000000,PRESERVE
1392,0.00000,39.73958,19489,1,0.000000,PRESERVE
1393,0.00000,39.73958,19489,1,0.000000,PRESERVE
1394,0.00000,39.73958,19489,1,0.000000,PRESERVE
1395,0.00000,39.73958,19489,1,0.000000,PRESERVE
1396,0.00000,40.20833,19493,1,0.000000,PRESERVE
1397,0.00000,40.20833,19492,1,0.000000,PRESERVE
1398,0.00000,40.18230,19492,1,0.000000,PRESERVE
1399,0.00000,40.18230,19492,1,0.000000,PRESERVE
1400,0.00000,40.20833,19492,1,0.000000,PRESERVE
1401,0.00000,40.18230,19492,1,0.000000,PRESERVE
1402,0.00000,40.18230,19492,1,0.000000,PRESERVE
1403,0.00000,40.18230,19492,1,0.000000,PRESERVE
1404,0.00000,40.18230,19492,1,0.000000,PRESERVE
1405,0.00000,40.18230,19492,1,0.000000,PRESERVE
1406,0.00000,40.18230,19492,1,0.000000,PRESERVE
1407,0.00000,40.18230,19492,1,0.000000,PRESERVE
1408,0.00000,40.18230,19492,1,0.000000,PRESERVE
1409,0.00000,40.18230,19492,1,0.000000,PRESERVE
1410,0.00000,40.18230,19492,1,0.000000,PRESERVE
1411,0.00000,40.15625,19492,1,0.000000,PRESERVE
1412,0.00000,40.15625,19492,1,0.000000,PRESERVE
1413,0.00000,40.15625,19492,1,0.000000,PRESERVE
1414,0.00000,40.15625,19492,1,0.000000,PRESERVE
1415,0.00000,40.15625,19492,1,0.000000,PRESERVE
1416,0.00000,40.15625,19492,1,0.000000,PRESERVE
1417,0.00000,40.13021,19492,1,0.000000,PRESERVE
1418,0.00000,40.13021,19492,1,0.000000,PRESERVE
1419,0.00000,40.15625,19492,1,0.000000,PRESERVE
1420,0.00000,40.13021,19492,1,0.000000,PRESERVE
1421,0.00000,40.13021,19492,1,0.000000,PRESERVE
1422,0.00000,40.13021,19492,1,0.000000,PRESERVE
1423,0.00000,40.13021,19492,1,0.000000,PRESERVE
1424,0.00000,40.13021,19492,1,0.000000,PRESERVE
1425,0.00000,40.13021,19492,1,0.000000,PRESERVE
1426,0.00000,40.10417,19492,1,0.000000,PRESERVE
1427,0.00000,40.10417,19492,1,0.000000,PRESERVE
1428,0.00000,40.10417,19492,1,0.000000,PRESERVE
1429,0.00000,40.10417,19492,1,0.000000,PRESERVE
1430,0.00000,40.10417,19492,1,0.000000,PRESERVE
1431,0.00000,40.10417,19492,1,0.000000,PRESERVE
1432,0.00000,40.10417,19492,1,0.000000,PRESERVE
1433,0.00000,40.10417,19492,1,0.000000,PRESERVE
1434,0.00000,40.10417,19492,1,0.000000,PRESERVE
1435,0.00000,40.10417,19492,1,0.000000,PRESERVE
1436,0.00000,45.26042,19521,1,0.000000,PRESERVE
1437,0.00000,45.23438,19521,1,0.000000,PRESERVE
1438,0.00000,45.23438,19521,1,0.000000,PRESERVE
1439,0.00000,45.18230,19521,1,0.000000,PRESERVE
1440,0.00000,45.18230,19521,1,0.000000,PRESERVE
1441,0.00000,45.18230,19521,1,0.000000,PRESERVE
1442,0.00000,45.18230,19521,1,0.000000,PRESERVE
1443,0.00000,45.15625,19521,1,0.000000,PRESERVE
1444,0.00000,45.15625,19521,1,0.000000,PRESERVE
1445,0.00000,45.15625,19521,1,0.000000,PRESERVE
1446,0.00000,45.15625,19521,1,0.000000,PRESERVE
1447,0.00000,45.13021,19521,1,0.000000,PRESERVE
1448,0.00000,45.13021,19521,1,0.000000,PRESERVE
1449,0.00000,45.13021,19521,1,0.000000,PRESERVE
1450,0.00000,45.10417,19521,1,0.000000,PRESERVE
1451,0.00000,45.10417,19521,1,0.000000,PRESERVE
1452,0.00000,45.10417,19521,1,0.000000,PRESERVE
1453,0.00000,45.10417,19521,1,0.000000,PRESERVE
1454,0.00000,45.10417,19521,1,0.000000,PRESERVE
1455,0.00000,45.10417,19521,1,0.000000,PRESERVE
1456,0.00000,45.07813,19521,1,0.000000,PRESERVE
1457,0.00000,45.07813,19521,1,0.000000,NA
1458,0.00000,45.07813,19521,1,0.000000,NA
1459,0.00000,1.56250,19521,1,0.000000,NA
1460,0.00000,0.72917,19521,1,0.000000,NA
1461,0.00000,35.93750,21187,1,0.000000,NA
1462,0.00000,2.76042,21187,1,0.000000,NA
1463,0.00000,1.25000,21372,1,0.000000,NA
1464,0.00000,6.79688,22669,1,0.000000,NA
1465,0.00000,1.84896,22669,1,0.000000,NA
1466,0.00000,16.84896,23599,1,0.000000,NA
1467,0.00000,25.57292,25593,1,0.000000,NA
1468,0.00000,26.97917,27585,1,0.000000,NA
1469,0.00000,26.56250,29590,1,0.000000,NA
1470,0.00000,3.48958,29917,0,0.000000,NA
1471,0.00000,1.35417,29917,0,0.000000,NA
1472,0.00000,1.11979,29917,0,0.000000,NA
1473,0.00000,1.11979,29917,0,0.000000,NA
1474,0.00000,-1.58854,28691,1,0.000000,CLEANSE_CHAN
1475,0.00000,-1.95312,26698,1,0.000000,CLEANSE_CHAN
1476,0.00000,-1.58854,24705,1,0.000000,CLEANSE_CHAN
1477,0.00000,-2.03125,22712,1,0.000000,CLEANSE_CHAN
1478,0.00000,-2.00521,20718,1,0.000000,CLEANSE_CHAN
1479,0.00000,-2.05729,18715,1,0.000000,CLEANSE_CHAN
1480,0.00000,0.05208,17998,1,0.000000,CLEANSE_CHAN
1481,0.00000,4.89583,18946,1,0.000000,CLEANSE_CHAN
1482,0.00000,17.63021,20940,1,0.000000,CLEANSE_CHAN
1483,0.00000,21.92709,22933,1,0.000000,CLEANSE_CHAN
1484,0.00000,22.65625,24928,1,0.000000,CLEANSE_CHAN
1485,0.00000,22.78646,26921,1,0.000000,CLEANSE_CHAN
1486,0.00000,22.65625,28914,1,0.000000,CLEANSE_CHAN
1487,0.00000,10.41667,30028,0,0.000000,CLEANSE_CHAN
1488,0.00000,3.41146,30028,0,0.000000,CLEANSE_CHAN
1489,0.00000,1.77083,30028,0,0.000000,CLEANSE_CHAN
1490,0.00000,-1.11979,29054,1,0.000000,CLEANSE_CHAN
1491,0.00000,-1.87500,27061,1,0.000000,CLEANSE_CHAN
1492,0.00000,-2.03125,25068,1,0.000000,CLEANSE_CHAN
1493,0.00000,-2.05729,23075,1,0.000000,CLEANSE_CHAN
1494,0.00000,-2.08333,21080,1,0.000000,CLEANSE_CHAN
1495,0.00000,-2.10938,19087,1,0.000000,CLEANSE_CHAN
1496,0.00000,-0.33854,17997,1,0.000000,CLEANSE_CHAN
1497,0.00000,2.31771,18555,1,0.000000,CLEANSE_CHAN
1498,0.00000,14.29688,20548,1,0.000000,CLEANSE_CHAN
1499,0.00000,19.86979,22545,1,0.000000,CLEANSE_CHAN
1500,0.00000,21.27604,24537,1,0.000000,CLEANSE_CHAN
1501,0.00000,22.34375,26531,1,0.000000,CLEANSE_CHAN
1502,0.00000,23.09896,28524,1,0.000000,CLEANSE_CHAN
1503,0.00000,15.46875,29999,0,0.000000,CLEANSE_CHAN
1504,0.00000,4.37500,29999,0,0.000000,CLEANSE_CHAN
1505,0.00000,2.18750,29999,0,0.000000,CLEANSE_CHAN
1506,0.00000,1.40625,29847,1,0.000000,CLEANSE_CHAN
1507,0.00000,-1.77083,27854,1,0.000000,CLEANSE_CHAN
1508,0.00000,-2.03125,25861,1,0.000000,CLEANSE_CHAN
1509,0.00000,-2.08333,23864,1,0.000000,CLEANSE_CHAN
1510,0.00000,-2.13542,21871,1,0.000000,CLEANSE_CHAN
1511,0.00000,-2.16146,19878,1,0.000000,CLEANSE_CHAN
1512,0.00000,-2.16146,17998,1,0.000000,CLEANSE_CHAN
1513,0.00000,0.18229,17998,1,0.000000,CLEANSE_CHAN
1514,0.00000,9.94792,19743,1,0.000000,CLEANSE_CHAN
1515,0.00000,19.19271,21737,1,0.000000,CLEANSE_CHAN
1516,0.00000,20.93750,23729,1,0.000000,CLEANSE_CHAN
1517,0.00000,22.00521,25723,1,0.000000,CLEANSE_CHAN
1518,0.00000,22.73438,27716,1,0.000000,CLEANSE_CHAN
1519,0.00000,23.28125,29735,1,0.000000,CLEANSE_CHAN
1520,0.00000,6.43229,30000,0,0.000000,CLEANSE_CHAN
1521,0.00000,2.81250,30000,0,0.000000,CLEANSE_CHAN
1522,0.00000,1.66667,30000,0,0.000000,CLEANSE_CHAN
1523,0.00000,-1.53646,28673,1,0.000000,CLEANSE_CHAN
1524,0.00000,-2.29167,26680,1,0.000000,CLEANSE_CHAN
1525,0.00000,-2.50000,24687,1,0.000000,CLEANSE_CHAN
1526,0.00000,-2.57813,22694,1,0.000000,CLEANSE_CHAN
1527,0.00000,-2.63021,20701,1,0.000000,CLEANSE_CHAN
1528,0.00000,-2.68229,18708,1,0.000000,CLEANSE_CHAN
1529,0.00000,-0.28646,17998,1,0.000000,CLEANSE_CHAN
1530,0.00000,3.48958,18753,1,0.000000,CLEANSE_CHAN
1531,0.00000,15.54688,20747,1,0.000000,CLEANSE_CHAN
1532,0.00000,20.88542,22741,1,0.000000,CLEANSE_CHAN
1533,0.00000,23.02084,24735,1,0.000000,CLEANSE_CHAN
1534,0.00000,23.93229,26728,1,0.000000,CLEANSE_CHAN
1535,0.00000,24.55729,28721,1,0.000000,CLEANSE_CHAN
1536,0.00000,13.61979,30000,0,0.000000,CLEANSE_CHAN
1537,0.00000,4.42708,30000,0,0.000000,CLEANSE_CHAN
1538,0.00000,2.31771,30000,0,0.000000,CLEANSE_CHAN
1539,0.00000,1.51042,30000,0,0.000000,CLEANSE_CHAN
1540,0.00000,-1.95312,28066,1,0.000000,CLEANSE_CHAN
1541,0.00000,-2.44792,26072,1,0.000000,CLEANSE_CHAN
1542,0.00000,-2.60417,24078,1,0.000000,CLEANSE_CHAN
1543,0.00000,-2.68229,22084,1,0.000000,CLEANSE_CHAN
1544,0.00000,-2.70833,20092,1,0.000000,CLEANSE_CHAN
1545,0.00000,-2.76042,18098,1,0.000000,CLEANSE_CHAN
1546,0.00000,0.07812,17998,1,0.000000,CLEANSE_CHAN
1547,0.00000,7.57812,19348,1,0.000000,CLEANSE_CHAN
1548,0.00000,19.27083,21340,1,0.000000,CLEANSE_CHAN
1549,0.00000,22.78646,23338,1,0.000000,CLEANSE_CHAN
1550,0.00000,23.75000,25330,1,0.000000,CLEANSE_CHAN
1551,0.00000,24.45313,27324,1,0.000000,CLEANSE_CHAN
1552,0.00000,25.02604,29318,1,0.000000,CLEANSE_CHAN
1553,0.00000,8.93229,30000,0,0.000000,CLEANSE_CHAN
1554,0.00000,3.64583,30000,0,0.000000,CLEANSE_CHAN
1555,0.00000,2.08333,30000,0,0.000000,CLEANSE_CHAN
1556,0.00000,0.15625,29650,1,0.000000,CLEANSE_CHAN
1557,0.00000,-2.13542,27656,1,0.000000,CLEANSE_CHAN
1558,0.00000,-2.52604,25663,1,0.000000,CLEANSE_CHAN
1559,0.00000,-2.65625,23666,1,0.000000,CLEANSE_CHAN
1560,0.00000,-2.73438,21674,1,0.000000,CLEANSE_CHAN
1561,0.00000,-2.76042,19679,1,0.000000,CLEANSE_CHAN
1562,0.00000,-2.39583,17998,1,0.000000,CLEANSE_CHAN
1563,0.00000,0.13021,17998,1,0.000000,CLEANSE_CHAN
1564,0.00000,10.46875,19743,1,0.000000,CLEANSE_CHAN
1565,0.00000,22.73438,21737,1,0.000000,CLEANSE_CHAN
1566,0.00000,27.55209,23729,1,0.000000,CLEANSE_CHAN
1567,0.00000,29.37500,25723,1,0.000000,CLEANSE_CHAN
1568,0.00000,18.77604,27159,1,0.000000,CLEANSE_CHAN
1569,0.00000,5.88542,27159,1,0.000000,CLEANSE_CHAN
1570,0.00000,3.09896,27159,1,0.000000,CLEANSE_CHAN
1571,0.00000,4.19271,27598,1,0.000000,CLEANSE_CHAN
1572,0.00000,17.96875,29189,1,0.000000,CLEANSE_CHAN
1573,0.00000,12.00521,29955,0,0.000000,CLEANSE_CHAN
1574,0.00000,5.18229,29955,0,0.000000,CLEANSE_CHAN
1575,0.00000,3.02083,29955,0,0.000000,CLEANSE_CHAN
1576,0.00000,2.03125,29955,0,0.000000,CLEANSE_CHAN
1577,0.00000,-0.59896,29415,1,0.000000,CLEANSE_CHAN
1578,0.00000,-1.58854,27824,1,0.000000,CLEANSE_CHAN
1579,0.00000,-1.77083,26224,1,0.000000,CLEANSE_CHAN
1580,0.00000,0.13021,25998,1,0.000000,CLEANSE_CHAN
1581,0.00000,2.16146,27231,1,0.000000,CLEANSE_CHAN
1582,0.00000,2.34375,28822,1,0.000000,CLEANSE_CHAN
1583,0.00000,1.32813,30022,0,0.000000,CLEANSE_CHAN
1584,0.00000,0.62500,30022,0,0.000000,CLEANSE_CHAN
1585,0.00000,0.62500,30022,0,0.000000,CLEANSE_CHAN
1586,0.00000,0.59896,30022,0,0.000000,CLEANSE_CHAN
1587,0.00000,0.59896,30022,0,0.000000,CLEANSE_CHAN
1588,0.00000,0.59896,30022,0,0.000000,CLEANSE_CHAN
1589,0.00000,0.62500,30022,0,0.000000,CLEANSE_CHAN
1590,0.00000,0.62500,30022,0,0.000000,CLEANSE_CHAN
1591,0.00000,0.62500,30022,0,0.000000,CLEANSE_CHAN
1592,0.00000,0.62500,30022,0,0.000000,CLEANSE_CHAN
1593,0.00000,0.59896,30022,0,0.000000,CLEANSE_CHAN
1594,0.00000,0.62500,30022,0,0.000000,CLEANSE_CHAN
1595,0.00000,0.59896,30022,0,0.000000,CLEANSE_CHAN
1596,0.00000,0.62500,30022,0,0.000000,CLEANSE_CHAN
1597,0.00000,0.59896,30022,0,0.000000,CLEANSE_CHAN
1598,0.00000,0.62500,30022,0,0.000000,CLEANSE_CHAN
1599,0.00000,0.62500,30022,0,0.000000,CLEANSE_CHAN
1600,0.00000,0.62500,30022,0,0.000000,CLEANSE_CHAN
1601,0.00000,0.62500,30022,0,0.000000,CLEANSE_CHAN
1602,0.00000,0.62500,30022,0,0.000000,CLEANSE_CHAN
1603,0.00000,0.59896,30022,0,0.000000,CLEANSE_CHAN
1604,0.00000,0.62500,30022,0,0.000000,CLEANSE_CHAN
1605,0.00000,0.59896,30022,0,0.000000,CLEANSE_CHAN
1606,0.00000,0.59896,30022,0,0.000000,CLEANSE_CHAN
1607,0.00000,0.59896,30022,0,0.000000,CLEANSE_CHAN
1608,0.00000,0.62500,30022,0,0.000000,CLEANSE_CHAN
1609,0.00000,0.62500,30022,0,0.000000,CLEANSE_CHAN
1610,0.00000,0.62500,30022,0,0.000000,CLEANSE_CHAN
1611,0.00000,0.62500,30022,0,0.000000,CLEANSE_CHAN
1612,0.00000,0.59896,30022,0,0.000000,CLEANSE_CHAN
1613,0.00000,0.62500,30022,0,0.000000,CLEANSE_CHAN
1614,0.00000,0.62500,30022,0,0.000000,CLEANSE_CHAN
1615,0.00000,0.62500,30022,0,0.000000,CLEANSE_CHAN
1616,0.00000,0.59896,30022,0,0.000000,CLEANSE_CHAN
1617,0.00000,0.62500,30022,0,0.000000,CLEANSE_CHAN
1618,0.00000,0.59896,30022,0,0.000000,CLEANSE_CHAN
1619,0.00000,0.59896,30022,0,0.000000,CLEANSE_CHAN
1620,0.00000,0.59896,30022,0,0.000000,CLEANSE_CHAN
1621,0.00000,0.59896,30022,0,0.000000,CLEANSE_CHAN
1622,0.00000,0.62500,30022,0,0.000000,CLEANSE_CHAN
1623,0.00000,0.59896,30022,0,0.000000,CLEANSE_CHAN
1624,0.00000,0.59896,30022,0,0.000000,CLEANSE_CHAN
1625,0.00000,0.59896,30022,0,0.000000,CLEANSE_CHAN
1626,0.00000,0.62500,30022,0,0.000000,CLEANSE_CHAN
1627,0.00000,0.59896,30022,0,0.000000,CLEANSE_CHAN
1628,0.00000,0.62500,30022,0,0.000000,CLEANSE_CHAN
1629,0.00000,0.59896,30022,0,0.000000,CLEANSE_CHAN
1630,0.00000,0.59896,30022,0,0.000000,CLEANSE_CHAN
1631,0.00000,0.59896,30022,0,0.000000,CLEANSE_CHAN
1632,0.00000,0.59896,30022,0,0.000000,CLEANSE_CHAN
1633,0.00000,0.59896,30022,0,0.000000,CLEANSE_CHAN
1634,0.00000,0.59896,30022,0,0.000000,CLEANSE_CHAN
1635,0.00000,0.59896,30022,0,0.000000,CLEANSE_CHAN
1636,0.00000,0.59896,30022,0,0.000000,CLEANSE_CHAN
1637,0.00000,0.62500,30022,0,0.000000,CLEANSE_CHAN
1638,0.00000,0.62500,30022,0,0.000000,CLEANSE_CHAN
1639,0.00000,0.59896,30022,0,0.000000,CLEANSE_CHAN
1640,0.00000,0.59896,30022,0,0.000000,CLEANSE_CHAN
1641,0.00000,0.59896,30022,0,0.000000,CLEANSE_CHAN
1642,0.00000,0.59896,30022,0,0.000000,CLEANSE_CHAN
1643,0.00000,0.59896,30022,0,0.000000,CLEANSE_CHAN
1644,0.00000,0.59896,30022,0,0.000000,CLEANSE_CHAN
1645,0.00000,0.62500,30022,0,0.000000,CLEANSE_CHAN
1646,0.00000,0.59896,30022,0,0.000000,CLEANSE_CHAN
1647,0.00000,0.59896,30022,0,0.000000,CLEANSE_CHAN
1648,0.00000,0.59896,30022,0,0.000000,CLEANSE_CHAN
1649,0.00000,0.59896,30022,0,0.000000,CLEANSE_CHAN
1650,0.00000,0.59896,30022,0,0.000000,CLEANSE_CHAN
1651,0.00000,0.59896,30022,0,0.000000,CLEANSE_CHAN
1652,0.00000,0.59896,30022,0,0.000000,CLEANSE_CHAN
1653,0.00000,0.59896,30022,0,0.000000,CLEANSE_CHAN
1654,0.00000,0.59896,30022,0,0.000000,CLEANSE_CHAN
1655,0.00000,0.59896,30022,0,0.000000,CLEANSE_CHAN
1656,0.00000,0.59896,30022,0,0.000000,CLEANSE_CHAN
1657,0.00000,0.59896,30022,0,0.000000,CLEANSE_CHAN
1658,0.00000,0.59896,30022,0,0.000000,CLEANSE_CHAN
1659,0.00000,0.59896,30022,0,0.000000,CLEANSE_CHAN
1660,0.00000,0.59896,30022,0,0.000000,CLEANSE_CHAN
1661,0.00000,0.59896,30022,0,0.000000,CLEANSE_CHAN
1662,0.00000,0.59896,30022,0,0.000000,CLEANSE_CHAN
1663,0.00000,0.59896,30022,0,0.000000,CLEANSE_CHAN
1664,0.00000,0.59896,30022,0,0.000000,CLEANSE_CHAN
1665,0.00000,0.59896,30022,0,0.000000,CLEANSE_CHAN
1666,0.00000,0.59896,30022,0,0.000000,CLEANSE_CHAN
1667,0.00000,0.59896,30022,0,0.000000,CLEANSE_CHAN
1668,0.00000,0.59896,30022,0,0.000000,CLEANSE_CHAN
1669,0.00000,0.59896,30022,0,0.000000,CLEANSE_CHAN
1670,0.00000,0.59896,30022,0,0.000000,CLEANSE_CHAN
1671,0.00000,0.59896,30022,0,0.000000,CLEANSE_CHAN
1672,0.00000,0.59896,30022,0,0.000000,CLEANSE_CHAN
1673,0.00000,0.59896,30022,0,0.000000,CLEANSE_CHAN
1674,0.00000,0.59896,30022,0,0.000000,CLEANSE_CHAN
1675,0.00000,0.59896,30022,0,0.000000,CLEANSE_CHAN
1676,0.00000,0.59896,30022,0,0.000000,CLEANSE_CHAN
1677,0.00000,0.59896,30022,0,0.000000,CLEANSE_CHAN
1678,0.00000,0.59896,30022,0,0.000000,CLEANSE_CHAN
1679,0.00000,0.59896,30022,0,0.000000,CLEANSE_CHAN
1680,0.00000,0.59896,30022,0,0.000000,CLEANSE_CHAN
1681,0.00000,0.62500,30022,0,0.000000,CLEANSE_CHAN
1682,0.00000,0.59896,30022,0,0.000000,CLEANSE_CHAN
1683,0.00000,0.59896,30022,0,0.000000,CLEANSE_CHAN
1684,0.00000,0.59896,30022,0,0.000000,CLEANSE_CHAN
1685,0.00000,0.59896,30022,0,0.000000,CLEANSE_CHAN
1686,0.00000,0.59896,30022,0,0.000000,CLEANSE_CHAN
1687,0.00000,0.59896,30022,0,0.000000,CLEANSE_CHAN
1688,0.00000,0.59896,30022,0,0.000000,CLEANSE_CHAN
1689,0.00000,0.59896,30022,0,0.000000,CLEANSE_CHAN
1690,0.00000,0.59896,30022,0,0.000000,CLEANSE_CHAN
1691,0.00000,0.59896,30022,0,0.000000,CLEANSE_CHAN
1692,0.00000,0.59896,30022,0,0.000000,CLEANSE_CHAN
1693,0.00000,0.59896,30022,0,0.000000,CLEANSE_CHAN
1694,0.00000,0.59896,30022,0,0.000000,CLEANSE_CHAN
1695,0.00000,0.59896,30022,0,0.000000,CLEANSE_CHAN
1696,0.00000,0.59896,30022,0,0.000000,CLEANSE_CHAN
1697,0.00000,0.59896,30022,0,0.000000,CLEANSE_CHAN
1698,0.00000,0.59896,30022,0,0.000000,CLEANSE_CHAN
1699,0.00000,0.59896,30022,0,0.000000,CLEANSE_CHAN
1700,0.00000,0.59896,30022,0,0.000000,CLEANSE_CHAN
1701,0.00000,0.59896,30022,0,0.000000,CLEANSE_CHAN
1702,0.00000,0.59896,30022,0,0.000000,CLEANSE_CHAN
1703,0.00000,0.59896,30022,0,0.000000,CLEANSE_CHAN
1704,0.00000,0.59896,30022,0,0.000000,CLEANSE_CHAN
1705,0.00000,0.59896,30022,0,0.000000,CLEANSE_CHAN
1706,0.00000,0.07812,29731,1,0.000000,CLEANSE_CHAN
1707,0.00000,-1.27604,28140,1,0.000000,CLEANSE_CHAN
1708,0.00000,-1.38021,26549,1,0.000000,CLEANSE_CHAN
1709,0.00000,-1.40625,24948,1,0.000000,CLEANSE_CHAN
1710,0.00000,-1.43229,23357,1,0.000000,CLEANSE_CHAN
1711,0.00000,-1.45833,21766,1,0.000000,CLEANSE_CHAN
1712,0.00000,-1.45833,20174,1,0.000000,CLEANSE_CHAN
1713,0.00000,-1.48438,18583,1,0.000000,CLEANSE_CHAN
1714,0.00000,0.10417,17999,1,0.000000,CLEANSE_CHAN
1715,0.00000,5.02604,18996,1,0.000000,CLEANSE_CHAN
1716,0.00000,13.15104,20587,1,0.000000,CLEANSE_CHAN
1717,0.00000,17.31771,22178,1,0.000000,CLEANSE_CHAN
1718,0.00000,18.22917,23770,1,0.000000,CLEANSE_CHAN
1719,0.00000,18.77604,25365,1,0.000000,CLEANSE_CHAN
1720,0.00000,19.34896,26956,1,0.000000,CLEANSE_CHAN
1721,0.00000,19.86979,28547,1,0.000000,CLEANSE_CHAN
1722,0.00000,20.07812,29979,0,0.000000,CLEANSE_CHAN
1723,0.00000,5.28646,29979,0,0.000000,CLEANSE_CHAN
1724,0.00000,2.57813,29979,0,0.000000,CLEANSE_CHAN
1725,0.00000,1.61458,29979,0,0.000000,CLEANSE_CHAN
1726,0.00000,-1.11979,28770,1,0.000000,CLEANSE_CHAN
1727,0.00000,-1.35417,27179,1,0.000000,CLEANSE_CHAN
1728,0.00000,-1.40625,25586,1,0.000000,CLEANSE_CHAN
1729,0.00000,-1.45833,23992,1,0.000000,CLEANSE_CHAN
1730,0.00000,-1.45833,22401,1,0.000000,CLEANSE_CHAN
1731,0.00000,-1.48438,20810,1,0.000000,CLEANSE_CHAN
1732,0.00000,-1.48438,19219,1,0.000000,CLEANSE_CHAN
1733,0.00000,-0.75521,17998,1,0.000000,CLEANSE_CHAN
1734,0.00000,1.43229,18365,1,0.000000,CLEANSE_CHAN
1735,0.00000,11.01562,19956,1,0.000000,CLEANSE_CHAN
1736,0.00000,17.16146,21547,1,0.000000,CLEANSE_CHAN
1737,0.00000,19.24479,23138,1,0.000000,CLEANSE_CHAN
1738,0.00000,20.23438,24731,1,0.000000,CLEANSE_CHAN
1739,0.00000,20.93750,26325,1,0.000000,CLEANSE_CHAN
1740,0.00000,21.51042,27917,1,0.000000,CLEANSE_CHAN
1741,0.00000,21.97917,29508,1,0.000000,CLEANSE_CHAN
1742,0.00000,8.85417,30022,0,0.000000,CLEANSE_CHAN
1743,0.00000,3.80208,30022,0,0.000000,CLEANSE_CHAN
1744,0.00000,2.18750,30022,0,0.000000,CLEANSE_CHAN
1745,0.00000,1.48438,29870,1,0.000000,CLEANSE_CHAN
1746,0.00000,-1.30208,28279,1,0.000000,CLEANSE_CHAN
1747,0.00000,-1.45833,26687,1,0.000000,CLEANSE_CHAN
1748,0.00000,-1.48438,25095,1,0.000000,CLEANSE_CHAN
1749,0.00000,-1.51042,23501,1,0.000000,CLEANSE_CHAN
1750,0.00000,-1.53646,21910,1,0.000000,CLEANSE_CHAN
1751,0.00000,-1.53646,20318,1,0.000000,CLEANSE_CHAN
1752,0.00000,-1.53646,18727,1,0.000000,CLEANSE_CHAN
1753,0.00000,0.00000,17998,1,0.000000,CLEANSE_CHAN
1754,0.00000,4.34896,18849,1,0.000000,CLEANSE_CHAN
1755,0.00000,13.98438,20440,1,0.000000,CLEANSE_CHAN
1756,0.00000,19.92188,22031,1,0.000000,CLEANSE_CHAN
1757,0.00000,22.34375,23624,1,0.000000,CLEANSE_CHAN
1758,0.00000,23.15104,25215,1,0.000000,CLEANSE_CHAN
1759,0.00000,23.75000,26809,1,0.000000,CLEANSE_CHAN
1760,0.00000,24.19271,28401,1,0.000000,CLEANSE_CHAN
1761,0.00000,24.60938,29992,0,0.000000,CLEANSE_CHAN
1762,0.00000,7.18750,29991,0,0.000000,CLEANSE_CHAN
1763,0.00000,3.54167,29991,0,0.000000,CLEANSE_CHAN
1764,0.00000,2.16146,29991,0,0.000000,CLEANSE_CHAN
1765,0.00000,0.36458,29734,1,0.000000,CLEANSE_CHAN
1766,0.00000,-1.32813,28143,1,0.000000,CLEANSE_CHAN
1767,0.00000,-1.45833,26550,1,0.000000,CLEANSE_CHAN
1768,0.00000,-1.48438,24959,1,0.000000,CLEANSE_CHAN
1769,0.00000,-1.51042,23359,1,0.000000,CLEANSE_CHAN
1770,0.00000,-1.53646,21768,1,0.000000,CLEANSE_CHAN
1771,0.00000,-1.53646,20176,1,0.000000,CLEANSE_CHAN
1772,0.00000,-1.56250,18585,1,0.000000,CLEANSE_CHAN
1773,0.00000,0.07812,18000,1,0.000000,CLEANSE_CHAN
1774,0.00000,2.03125,19001,1,0.000000,CLEANSE_CHAN
1775,0.00000,2.31771,20593,1,0.000000,CLEANSE_CHAN
1776,0.00000,2.36979,22184,1,0.000000,CLEANSE_CHAN
1777,0.00000,2.36979,23777,1,0.000000,CLEANSE_CHAN
1778,0.00000,2.39583,25368,1,0.000000,CLEANSE_CHAN
1779,0.00000,2.42188,26962,1,0.000000,CLEANSE_CHAN
1780,0.00000,2.42188,28553,1,0.000000,CLEANSE_CHAN
1781,0.00000,2.42188,29986,0,0.000000,CLEANSE_CHAN
1782,0.00000,0.59896,29986,0,0.000000,CLEANSE_CHAN
1783,0.00000,0.59896,29986,0,0.000000,NA
1784,0.00000,0.59896,29986,0,0.000000,NA
1785,0.00000,0.59896,29986,0,0.000000,NA	
