#2023-08-11T11:48:52
0,0.00000,-0.15625,30000,0,0.000000,NA
1,0.00000,-0.15625,30000,0,0.000000,NA
2,0.00000,-0.15625,30000,0,0.000000,NA
3,0.00000,-0.13021,30000,0,0.000000,FLUSH
4,0.00000,-0.13021,30000,0,0.000000,FLUSH
5,0.00000,-0.13021,30000,0,0.000000,FLUSH
6,0.00000,-0.13021,30000,0,0.000000,FLUSH
7,0.00000,-1.25000,28544,1,0.000000,FLUSH
8,0.00000,-1.53646,26991,1,0.000000,FLUSH
9,0.00000,-1.64062,25438,1,0.000000,FLUSH
10,0.00000,-1.69271,23884,1,0.000000,FLUSH
11,0.00000,-1.71875,22331,1,0.000000,FLUSH
12,0.00000,-1.74479,20770,1,0.000000,FLUSH
13,0.00000,-1.74479,19218,1,0.000000,FLUSH
14,0.00000,-1.43229,18000,1,0.000000,FLUSH
15,0.00000,0.18229,18325,1,0.000000,FLUSH
16,0.00000,0.54688,19877,1,0.000000,FLUSH
17,0.00000,1.32813,21430,1,0.000000,FLUSH
18,0.00000,1.35417,22984,1,0.000000,FLUSH
19,0.00000,1.32813,24537,1,0.000000,FLUSH
20,0.00000,1.32813,26090,1,0.000000,FLUSH
21,0.00000,1.35417,27644,1,0.000000,FLUSH
22,0.00000,1.38021,29199,1,0.000000,FLUSH
23,0.00000,0.41667,30065,0,0.000000,FLUSH
24,0.00000,-0.96354,29317,1,0.000000,FLUSH
25,0.00000,-1.58854,27763,1,0.000000,FLUSH
26,0.00000,-1.71875,26210,1,0.000000,FLUSH
27,0.00000,-1.74479,24657,1,0.000000,FLUSH
28,0.00000,-1.77083,23105,1,0.000000,FLUSH
29,0.00000,-1.79688,21552,1,0.000000,FLUSH
30,0.00000,-1.82292,19998,1,0.000000,FLUSH
31,0.00000,-1.82292,18445,1,0.000000,FLUSH
32,0.00000,-0.31250,17999,1,0.000000,FLUSH
33,0.00938,2.00521,19098,1,0.000000,FLUSH
34,0.00000,2.00521,20651,1,0.000000,FLUSH
35,0.00000,2.00521,22204,1,0.000000,FLUSH
36,0.00000,2.03125,23758,1,0.000000,FLUSH
37,0.00000,2.03125,25311,1,0.000000,FLUSH
38,0.00000,2.03125,26864,1,0.000000,FLUSH
39,0.00000,2.05729,28418,1,0.000000,FLUSH
40,0.00000,2.03125,29971,0,0.000000,FLUSH
41,0.00000,0.93750,29979,0,0.000000,FLUSH
42,0.00000,0.96354,29979,0,0.000000,NA
43,0.00000,0.93750,29979,0,0.000000,NA
44,0.00000,0.93750,29979,0,0.000000,FLUSH
45,0.00000,0.93750,29979,0,0.000000,FLUSH
46,0.00000,0.93750,29979,0,0.000000,FLUSH
47,0.00000,0.93750,29979,0,0.000000,FLUSH
48,0.00000,-0.10417,28722,1,0.000000,FLUSH
49,0.00000,-0.20833,27169,1,0.000000,FLUSH
50,0.00000,-0.15625,25616,1,0.000000,FLUSH
51,0.00000,-0.33854,24063,1,0.000000,FLUSH
52,0.00000,-0.31250,22502,1,0.000000,FLUSH
53,0.00000,-0.31250,20949,1,0.000000,FLUSH
54,0.00000,-0.31250,19395,1,0.000000,FLUSH
55,0.00000,-0.31250,17999,1,0.000000,FLUSH
56,0.00000,0.75521,18120,1,0.000000,FLUSH
57,0.00000,1.64062,19673,1,0.000000,FLUSH
58,0.00000,1.77083,21226,1,0.000000,FLUSH
59,0.00000,1.79688,22780,1,0.000000,FLUSH
60,0.00000,1.84896,24334,1,0.000000,FLUSH
61,0.00000,1.87500,25887,1,0.000000,FLUSH
62,0.00000,1.87500,27443,1,0.000000,FLUSH
63,0.00000,1.90104,28996,1,0.000000,FLUSH
64,0.00000,0.83333,30021,0,0.000000,FLUSH
65,0.00000,-0.02604,29578,1,0.000000,FLUSH
66,0.00000,-0.23438,28025,1,0.000000,FLUSH
67,0.00000,-0.28646,26472,1,0.000000,FLUSH
68,0.00000,-0.28646,24919,1,0.000000,FLUSH
69,0.00000,-0.28646,23366,1,0.000000,FLUSH
70,0.00000,-0.31250,21812,1,0.000000,FLUSH
71,0.00000,-0.33854,20258,1,0.000000,FLUSH
72,0.00000,-0.33854,18696,1,0.000000,FLUSH
73,0.00000,0.83333,17999,1,0.000000,FLUSH
74,0.00000,1.90104,18845,1,0.000000,FLUSH
75,0.00000,2.03125,20398,1,0.000000,FLUSH
76,0.00000,2.05729,21951,1,0.000000,FLUSH
77,0.00000,2.03125,23504,1,0.000000,FLUSH
78,0.00000,2.03125,25058,1,0.000000,FLUSH
79,0.00000,2.03125,26611,1,0.000000,FLUSH
80,0.00000,2.05729,28164,1,0.000000,FLUSH
81,0.00000,2.03125,29718,1,0.000000,FLUSH
82,0.00000,0.83333,29979,0,0.000000,FLUSH
83,0.00000,-0.26042,28803,1,0.000000,FLUSH
84,0.00000,-0.39063,27250,1,0.000000,FLUSH
85,0.00000,-0.39063,25696,1,0.000000,FLUSH
86,0.00000,-0.41667,24143,1,0.000000,FLUSH
87,0.00000,-0.41667,22590,1,0.000000,FLUSH
88,0.00000,-0.44271,21037,1,0.000000,FLUSH
89,0.00000,-0.44271,19484,1,0.000000,FLUSH
90,0.00000,-0.44271,17999,1,0.000000,FLUSH
91,0.00000,0.80729,18062,1,0.000000,FLUSH
92,0.00000,2.00521,19618,1,0.000000,FLUSH
93,0.00000,2.05729,21171,1,0.000000,FLUSH
94,0.00000,2.05729,22724,1,0.000000,FLUSH
95,0.00000,2.03125,24279,1,0.000000,FLUSH
96,0.00000,2.03125,25833,1,0.000000,FLUSH
97,0.00000,2.03125,27386,1,0.000000,FLUSH
98,0.00000,2.03125,28939,1,0.000000,FLUSH
99,0.00000,0.98958,30000,0,0.000000,FLUSH
100,0.00000,0.83333,30000,0,0.000000,NA
101,0.00000,0.80729,30000,0,0.000000,NA
102,0.00000,0.80729,30000,0,0.000000,NA
103,0.00000,0.78125,30000,0,0.000000,NA
104,0.00000,0.80729,30000,0,0.000000,NA
105,0.00000,0.80729,30000,0,0.000000,NA
106,0.00000,0.23438,29653,1,0.000000,SAMPLE
107,0.00000,-0.39063,28099,1,0.000000,SAMPLE
108,0.00000,-0.41667,26545,1,0.000000,SAMPLE
109,0.00000,-0.46875,24992,1,0.000000,SAMPLE
110,0.00000,-0.49479,23439,1,0.000000,SAMPLE
111,0.00000,-0.49479,21886,1,0.000000,SAMPLE
112,0.00000,-0.49479,20325,1,0.000000,SAMPLE
113,0.00000,-0.49479,18771,1,0.000000,SAMPLE
114,0.00000,0.70312,17999,1,0.000000,SAMPLE
115,0.00000,2.00521,18775,1,0.000000,SAMPLE
116,0.00000,5.02604,20329,1,0.000000,SAMPLE
117,0.00000,9.29688,21882,1,0.000000,SAMPLE
118,0.00000,15.05208,23436,1,0.000000,SAMPLE
119,0.00000,20.18229,24989,1,0.000000,SAMPLE
120,0.00000,22.68229,26543,1,0.000000,SAMPLE
121,0.00000,11.14583,28096,1,0.000000,SAMPLE
122,0.00000,8.75000,29652,1,0.000000,SAMPLE
123,0.00000,4.24479,30023,0,0.000000,SAMPLE
124,0.00000,2.13542,30023,0,0.000000,SAMPLE
125,0.00000,1.40625,30023,0,0.000000,SAMPLE
126,0.00000,-0.28646,28796,1,0.000000,SAMPLE
127,0.00000,-0.41667,27243,1,0.000000,SAMPLE
128,0.00000,-0.44271,25690,1,0.000000,SAMPLE
129,0.00000,-0.46875,24135,1,0.000000,SAMPLE
130,0.00000,-0.49479,22582,1,0.000000,SAMPLE
131,0.00000,-0.49479,21029,1,0.000000,SAMPLE
132,0.00000,-0.49479,19473,1,0.000000,SAMPLE
133,0.00000,-0.52083,17989,1,0.000000,SAMPLE
134,0.00000,0.72917,18055,1,0.000000,SAMPLE
135,0.00000,5.33854,19608,1,0.000000,SAMPLE
136,0.00000,8.43750,21161,1,0.000000,SAMPLE
137,0.00000,9.55729,22715,1,0.000000,SAMPLE
138,0.00000,9.97396,24268,1,0.000000,SAMPLE
139,0.00000,10.13021,25821,1,0.000000,SAMPLE
140,0.00000,10.28646,27374,1,0.000000,SAMPLE
141,0.00000,10.41667,28929,1,0.000000,SAMPLE
142,0.00000,7.86458,29977,0,0.000000,SAMPLE
143,0.00000,3.33333,29977,0,0.000000,SAMPLE
144,0.00000,1.84896,29977,0,0.000000,SAMPLE
145,0.00000,1.14583,29977,0,0.000000,SAMPLE
146,0.00000,-0.36458,28494,1,0.000000,SAMPLE
147,0.00000,-0.46875,26941,1,0.000000,SAMPLE
148,0.00000,-0.49479,25388,1,0.000000,SAMPLE
149,0.00000,-0.52083,23835,1,0.000000,SAMPLE
150,0.00000,-0.52083,22281,1,0.000000,SAMPLE
151,0.00000,-0.52083,20728,1,0.000000,SAMPLE
152,0.00000,-0.54688,19172,1,0.000000,SAMPLE
153,0.00000,0.18229,17999,1,0.000000,SAMPLE
154,0.00000,1.35417,18376,1,0.000000,SAMPLE
155,0.00000,6.22396,19928,1,0.000000,SAMPLE
156,0.00000,9.24479,21481,1,0.000000,SAMPLE
157,0.00000,10.54688,23034,1,0.000000,SAMPLE
158,0.00000,11.14583,24587,1,0.000000,SAMPLE
159,0.00000,11.45833,26141,1,0.000000,SAMPLE
160,0.00000,11.64063,27694,1,0.000000,SAMPLE
161,0.00000,11.82292,29247,1,0.000000,SAMPLE
162,0.00000,7.50000,30001,0,0.000000,SAMPLE
163,0.00000,3.56771,30001,0,0.000000,SAMPLE
164,0.00000,2.05729,30001,0,0.000000,SAMPLE
165,0.00000,1.32813,30001,0,0.000000,SAMPLE
166,0.00000,-0.36458,28802,1,0.000000,SAMPLE
167,0.00000,-0.49479,27249,1,0.000000,SAMPLE
168,0.00000,-0.52083,25695,1,0.000000,SAMPLE
169,0.00000,-0.54688,24142,1,0.000000,SAMPLE
170,0.00000,-0.57292,22589,1,0.000000,SAMPLE
171,0.00000,-0.59896,21036,1,0.000000,SAMPLE
172,0.00000,-0.59896,19480,1,0.000000,SAMPLE
173,0.00000,-0.59896,17996,1,0.000000,SAMPLE
174,0.00000,0.65104,18061,1,0.000000,SAMPLE
175,0.00000,5.49479,19614,1,0.000000,SAMPLE
176,0.00000,9.40104,21167,1,0.000000,SAMPLE
177,0.00000,11.35417,22721,1,0.000000,SAMPLE
178,0.00000,12.18750,24274,1,0.000000,SAMPLE
179,0.00000,12.60417,25827,1,0.000000,SAMPLE
180,0.00000,12.91667,27380,1,0.000000,SAMPLE
181,0.00000,13.15104,28934,1,0.000000,SAMPLE
182,0.00000,10.28646,29999,0,0.000000,SAMPLE
183,0.00000,4.68750,29999,0,0.000000,SAMPLE
184,0.00000,2.73438,29999,0,0.000000,SAMPLE
185,0.00000,1.77083,29999,0,0.000000,SAMPLE
186,0.00000,1.22396,29883,1,0.000000,SAMPLE
187,0.00000,-0.46875,28329,1,0.000000,SAMPLE
188,0.00000,-0.52083,26776,1,0.000000,SAMPLE
189,0.00000,-0.54688,25222,1,0.000000,SAMPLE
190,0.00000,-0.57292,23669,1,0.000000,SAMPLE
191,0.00000,-0.59896,22116,1,0.000000,SAMPLE
192,0.00000,-0.62500,20560,1,0.000000,SAMPLE
193,0.00000,-0.62500,19007,1,0.000000,SAMPLE
194,0.00000,0.36458,17999,1,0.000000,SAMPLE
195,0.00000,1.82292,18540,1,0.000000,SAMPLE
196,0.00000,7.23958,20093,1,0.000000,SAMPLE
197,0.00000,11.11979,21648,1,0.000000,SAMPLE
198,0.00000,13.07292,23201,1,0.000000,SAMPLE
199,0.00000,13.93229,24754,1,0.000000,SAMPLE
200,0.00000,14.34896,26307,1,0.000000,SAMPLE
201,0.00000,14.58333,27860,1,0.000000,SAMPLE
202,0.00000,14.71354,29416,1,0.000000,SAMPLE
203,0.00000,8.54167,30001,0,0.000000,SAMPLE
204,0.00000,4.42708,30001,0,0.000000,SAMPLE
205,0.00000,2.70833,30001,0,0.000000,SAMPLE
206,0.00000,1.77083,30001,0,0.000000,SAMPLE
207,0.00000,1.27604,29794,1,0.000000,SAMPLE
208,0.00000,-2.36979,26684,1,0.000000,SAMPLE
209,0.00000,-2.94271,23578,1,0.000000,SAMPLE
210,0.00000,-3.15104,20471,1,0.000000,SAMPLE
211,0.00000,-2.42188,17992,1,0.000000,SAMPLE
212,0.00000,0.57292,17992,1,0.000000,SAMPLE
213,0.00000,13.98438,21006,1,0.000000,SAMPLE
214,0.00000,26.56250,24112,1,0.000000,SAMPLE
215,0.00000,29.53125,27219,1,0.000000,SAMPLE
216,0.00000,10.49479,27920,1,0.000000,SAMPLE
217,0.00000,4.79167,27920,1,0.000000,SAMPLE
218,0.00000,2.70833,27920,1,0.000000,SAMPLE
219,0.00000,1.69271,27920,1,0.000000,SAMPLE
220,0.00000,9.01042,29823,1,0.000000,SAMPLE
221,0.00000,5.62500,30042,0,0.000000,SAMPLE
222,0.00000,3.09896,30042,0,0.000000,SAMPLE
223,0.00000,1.90104,30042,0,0.000000,SAMPLE
224,0.00938,1.27604,30042,0,0.000000,SAMPLE
225,0.00000,-1.53646,27590,1,0.000000,SAMPLE
226,0.00000,-1.84896,25106,1,0.000000,SAMPLE
227,0.00000,-1.95312,22621,1,0.000000,SAMPLE
228,0.00000,-1.97917,20136,1,0.000000,SAMPLE
229,0.00000,-1.66667,17995,1,0.000000,SAMPLE
230,0.00000,0.93750,18331,1,0.000000,SAMPLE
231,0.00000,12.10938,20816,1,0.000000,SAMPLE
232,0.00000,21.82292,23305,1,0.000000,SAMPLE
233,0.00000,25.59896,25790,1,0.000000,SAMPLE
234,0.00000,27.16146,28275,1,0.000000,SAMPLE
235,0.00000,19.19271,30001,0,0.000000,SAMPLE
236,0.00000,7.55208,30001,0,0.000000,SAMPLE
237,0.00000,4.24479,30001,0,0.000000,SAMPLE
238,0.00000,2.70833,30001,0,0.000000,SAMPLE
239,0.00000,1.84896,30001,0,0.000000,SAMPLE
240,0.00000,1.32813,30001,0,0.000000,SAMPLE
241,0.00000,-1.58854,27590,1,0.000000,SAMPLE
242,0.00000,-1.90104,25098,1,0.000000,SAMPLE
243,0.00000,-2.00521,22614,1,0.000000,SAMPLE
244,0.00000,-2.05729,20129,1,0.000000,SAMPLE
245,0.00000,-1.64062,17995,1,0.000000,SAMPLE
246,0.00000,0.98958,18338,1,0.000000,SAMPLE
247,0.00000,13.07292,20824,1,0.000000,SAMPLE
248,0.00000,25.18229,23309,1,0.000000,SAMPLE
249,0.00000,30.07813,25596,1,0.000000,SAMPLE
250,0.00000,9.68750,25596,1,0.000000,SAMPLE
251,0.00000,5.33854,25596,1,0.000000,SAMPLE
252,0.00000,3.41146,25596,1,0.000000,SAMPLE
253,0.00000,2.31771,25596,1,0.000000,SAMPLE
254,0.00000,1.64062,25743,1,0.000000,SAMPLE
255,0.00000,11.01562,27735,1,0.000000,SAMPLE
256,0.00000,20.49479,29729,1,0.000000,SAMPLE
257,0.00000,10.33854,30005,0,0.000000,SAMPLE
258,0.00000,5.78125,30005,0,0.000000,SAMPLE
259,0.00000,3.72396,30005,0,0.000000,SAMPLE
260,0.00000,2.57813,30005,0,0.000000,SAMPLE
261,0.00000,1.84896,30005,0,0.000000,SAMPLE
262,0.00000,1.38021,30005,0,0.000000,SAMPLE
263,0.00000,-1.01562,28065,1,0.000000,SAMPLE
264,0.00938,-1.19792,26069,1,0.000000,SAMPLE
265,0.00000,-1.22396,24077,1,0.000000,SAMPLE
266,0.00000,-1.25000,22083,1,0.000000,SAMPLE
267,0.00000,-1.30208,20090,1,0.000000,SAMPLE
268,0.00000,-1.30208,18096,1,0.000000,SAMPLE
269,0.00000,0.52083,17998,1,0.000000,SAMPLE
270,0.00000,7.89062,19888,1,0.000000,SAMPLE
271,0.00000,18.59375,21881,1,0.000000,SAMPLE
272,0.00000,25.67709,23878,1,0.000000,SAMPLE
273,0.00000,28.64583,25871,1,0.000000,SAMPLE
274,0.00000,25.93750,27507,1,0.000000,SAMPLE
275,0.00000,10.44271,27507,1,0.000000,SAMPLE
276,0.00000,6.22396,27507,1,0.000000,SAMPLE
277,0.00000,4.19271,27507,1,0.000000,SAMPLE
278,0.00000,2.96875,27507,1,0.000000,SAMPLE
279,0.00000,2.21354,27507,1,0.000000,SAMPLE
280,0.00000,2.21354,27771,1,0.000000,SAMPLE
281,0.00000,9.71354,29363,1,0.000000,SAMPLE
282,0.00000,9.45312,29954,0,0.000000,SAMPLE
283,0.00000,5.80729,29954,0,0.000000,SAMPLE
284,0.00000,3.95833,29954,0,0.000000,SAMPLE
285,0.00000,2.86458,29954,0,0.000000,SAMPLE
286,0.00000,2.13542,29954,0,0.000000,SAMPLE
287,0.00000,1.64062,29954,0,0.000000,SAMPLE
288,0.00000,-0.36458,29244,1,0.000000,SAMPLE
289,0.00000,-0.67708,27652,1,0.000000,SAMPLE
290,0.00000,-0.70312,26061,1,0.000000,SAMPLE
291,0.00000,-0.72917,24470,1,0.000000,SAMPLE
292,0.00000,-0.75521,22876,1,0.000000,SAMPLE
293,0.00000,-0.78125,21284,1,0.000000,SAMPLE
294,0.00000,-0.78125,19693,1,0.000000,SAMPLE
295,0.00000,-0.78125,18102,1,0.000000,SAMPLE
296,0.00000,0.49479,17999,1,0.000000,SAMPLE
297,0.00000,5.83333,19480,1,0.000000,SAMPLE
298,0.00000,14.06250,21072,1,0.000000,SAMPLE
299,0.00000,21.01563,22664,1,0.000000,SAMPLE
300,0.00000,24.97396,24255,1,0.000000,SAMPLE
301,0.00000,26.97917,25846,1,0.000000,SAMPLE
302,0.00000,28.22917,27440,1,0.000000,SAMPLE
303,0.00000,29.16667,29031,1,0.000000,SAMPLE
304,0.00000,21.27604,30022,0,0.000000,SAMPLE
305,0.00000,10.78125,30022,0,0.000000,SAMPLE
306,0.00000,6.97917,30022,0,0.000000,SAMPLE
307,0.00000,4.94792,30022,0,0.000000,SAMPLE
308,0.00000,3.67188,30022,0,0.000000,SAMPLE
309,0.00000,2.81250,30022,0,0.000000,SAMPLE
310,0.00000,2.21354,30022,0,0.000000,SAMPLE
311,0.00000,1.74479,30022,0,0.000000,SAMPLE
312,0.00000,-0.02604,29568,1,0.000000,SAMPLE
313,0.00000,-0.67708,27977,1,0.000000,SAMPLE
314,0.00000,-0.72917,26385,1,0.000000,SAMPLE
315,0.00000,-0.75521,24794,1,0.000000,SAMPLE
316,0.00000,-0.78125,23203,1,0.000000,SAMPLE
317,0.00000,-0.80729,21612,1,0.000000,SAMPLE
318,0.00000,-0.80729,20021,1,0.000000,SAMPLE
319,0.00000,-0.83333,18429,1,0.000000,SAMPLE
320,0.00000,0.46875,17998,1,0.000000,SAMPLE
321,0.00000,4.40104,19148,1,0.000000,SAMPLE
322,0.00000,13.15104,20742,1,0.000000,SAMPLE
323,0.00000,22.44792,22333,1,0.000000,SAMPLE
324,0.00000,28.56771,23924,1,0.000000,SAMPLE
325,0.00000,17.08333,24440,1,0.000000,SAMPLE
326,0.00000,9.79167,24440,1,0.000000,SAMPLE
327,0.00000,6.64063,24440,1,0.000000,SAMPLE
328,0.00000,4.84375,24440,1,0.000000,SAMPLE
329,0.00000,3.67188,24440,1,0.000000,SAMPLE
330,0.00000,2.83854,24440,1,0.000000,SAMPLE
331,0.00000,2.23958,24440,1,0.000000,SAMPLE
332,0.00000,1.79688,24440,1,0.000000,SAMPLE
333,0.00000,4.79167,25286,1,0.000000,SAMPLE
334,0.00000,11.38021,26561,1,0.000000,SAMPLE
335,0.00000,18.09896,27836,1,0.000000,SAMPLE
336,0.00000,23.07292,29111,1,0.000000,SAMPLE
337,0.00000,20.41667,29965,0,0.000000,SAMPLE
338,0.00000,11.25000,29965,0,0.000000,SAMPLE
339,0.00938,7.57812,29965,0,0.000000,SAMPLE
340,0.00000,5.52083,29965,0,0.000000,SAMPLE
341,0.00000,4.19271,29965,0,0.000000,SAMPLE
342,0.00000,3.28125,29965,0,0.000000,SAMPLE
343,0.00000,2.60417,29965,0,0.000000,SAMPLE
344,0.00000,2.10938,29965,0,0.000000,SAMPLE
345,0.00000,1.71875,29965,0,0.000000,SAMPLE
346,0.00000,0.31250,29519,1,0.000000,SAMPLE
347,0.00000,0.07812,28244,1,0.000000,SAMPLE
348,0.00000,0.07812,26969,1,0.000000,SAMPLE
349,0.00000,0.05208,25694,1,0.000000,SAMPLE
350,0.00000,0.05208,24418,1,0.000000,SAMPLE
351,0.00000,0.02604,23144,1,0.000000,SAMPLE
352,0.00000,0.00000,21866,1,0.000000,SAMPLE
353,0.00000,0.00000,20591,1,0.000000,SAMPLE
354,0.00000,0.00000,19315,1,0.000000,SAMPLE
355,0.00000,0.00000,18040,1,0.000000,SAMPLE
356,0.00000,0.91146,18000,1,0.000000,SAMPLE
357,0.00000,5.26042,19223,1,0.000000,SAMPLE
358,0.00000,12.05729,20497,1,0.000000,SAMPLE
359,0.00000,19.08854,21773,1,0.000000,SAMPLE
360,0.00000,24.40104,23048,1,0.000000,SAMPLE
361,0.00000,27.60417,24323,1,0.000000,SAMPLE
362,0.00000,29.47917,25600,1,0.000000,SAMPLE
363,0.00000,19.60938,26139,1,0.000000,SAMPLE
364,0.00000,11.53646,26139,1,0.000000,SAMPLE
365,0.00000,7.99479,26139,1,0.000000,SAMPLE
366,0.00000,5.91146,26139,1,0.000000,SAMPLE
367,0.00000,4.55729,26139,1,0.000000,SAMPLE
368,0.00000,3.61979,26139,1,0.000000,SAMPLE
369,0.00000,2.91667,26139,1,0.000000,SAMPLE
370,0.00000,2.36979,26139,1,0.000000,SAMPLE
371,0.00000,1.95312,26139,1,0.000000,SAMPLE
372,0.00000,3.80208,26718,1,0.000000,SAMPLE
373,0.00000,8.72396,27737,1,0.000000,SAMPLE
374,0.00000,13.95833,28756,1,0.000000,SAMPLE
375,0.00000,18.59375,29776,1,0.000000,SAMPLE
376,0.00000,13.30729,30002,0,0.000000,SAMPLE
377,0.00000,8.90625,30002,0,0.000000,SAMPLE
378,0.00000,6.53646,30002,0,0.000000,SAMPLE
379,0.00000,5.02604,30002,0,0.000000,SAMPLE
380,0.00000,3.95833,30002,0,0.000000,SAMPLE
381,0.00000,3.20312,30002,0,0.000000,SAMPLE
382,0.00000,2.60417,30002,0,0.000000,SAMPLE
383,0.00000,2.16146,30002,0,0.000000,SAMPLE
384,0.00000,1.82292,30002,0,0.000000,SAMPLE
385,0.00938,0.85938,29817,1,0.000000,SAMPLE
386,0.00000,0.23438,28798,1,0.000000,SAMPLE
387,0.00000,0.20833,27778,1,0.000000,SAMPLE
388,0.00000,0.20833,26758,1,0.000000,SAMPLE
389,0.00000,0.18229,25740,1,0.000000,SAMPLE
390,0.00938,0.18229,24720,1,0.000000,SAMPLE
391,0.00000,0.15625,23700,1,0.000000,SAMPLE
392,0.00000,0.15625,22680,1,0.000000,SAMPLE
393,0.00000,0.15625,21661,1,0.000000,SAMPLE
394,0.00000,0.15625,20641,1,0.000000,SAMPLE
395,0.00000,0.13021,19622,1,0.000000,SAMPLE
396,0.00000,0.13021,18603,1,0.000000,SAMPLE
397,0.00000,0.78125,18000,1,0.000000,SAMPLE
398,0.00938,1.79688,18418,1,0.000000,SAMPLE
399,0.00000,6.19792,19437,1,0.000000,SAMPLE
400,0.00000,11.40625,20456,1,0.000000,SAMPLE
401,0.00000,16.53646,21476,1,0.000000,SAMPLE
402,0.00000,20.65104,22497,1,0.000000,SAMPLE
403,0.00000,23.51563,23516,1,0.000000,SAMPLE
404,0.00000,25.33854,24535,1,0.000000,SAMPLE
405,0.00000,26.56250,25555,1,0.000000,SAMPLE
406,0.00000,27.44792,26574,1,0.000000,SAMPLE
407,0.00938,28.15104,27592,1,0.000000,SAMPLE
408,0.00000,28.80209,28612,1,0.000000,SAMPLE
409,0.00000,29.40104,29632,1,0.000000,SAMPLE
410,0.00000,19.97396,30002,0,0.000000,SAMPLE
411,0.00000,12.60417,30002,0,0.000000,SAMPLE
412,0.00000,9.06250,30002,0,0.000000,SAMPLE
413,0.00000,6.92708,30002,0,0.000000,SAMPLE
414,0.00000,5.46875,30002,0,0.000000,SAMPLE
415,0.00000,4.42708,30002,0,0.000000,SAMPLE
416,0.00000,3.64583,30002,0,0.000000,SAMPLE
417,0.00000,3.04688,30002,0,0.000000,SAMPLE
418,0.00000,2.55208,30002,0,0.000000,SAMPLE
419,0.00000,2.16146,30002,0,0.000000,SAMPLE
420,0.00000,1.84896,30002,0,0.000000,SAMPLE
421,0.00000,1.58854,30002,0,0.000000,SAMPLE
422,0.00000,0.15625,29004,1,0.000000,SAMPLE
423,0.00938,0.13021,27985,1,0.000000,SAMPLE
424,0.00000,0.13021,26965,1,0.000000,SAMPLE
425,0.00000,0.10417,25946,1,0.000000,SAMPLE
426,0.00000,0.10417,24927,1,0.000000,SAMPLE
427,0.00000,0.10417,23908,1,0.000000,SAMPLE
428,0.00000,0.07812,22888,1,0.000000,SAMPLE
429,0.00000,0.07812,21869,1,0.000000,SAMPLE
430,0.00938,0.07812,20850,1,0.000000,SAMPLE
431,0.00000,0.05208,19830,1,0.000000,SAMPLE
432,0.00000,0.05208,18810,1,0.000000,SAMPLE
433,0.00000,0.46875,18000,1,0.000000,SAMPLE
434,0.00938,1.06771,18210,1,0.000000,SAMPLE
435,0.00000,5.26042,19229,1,0.000000,SAMPLE
436,0.00000,10.67708,20248,1,0.000000,SAMPLE
437,0.00000,16.61458,21267,1,0.000000,SAMPLE
438,0.00000,21.97917,22286,1,0.000000,SAMPLE
439,0.00000,25.93750,23306,1,0.000000,SAMPLE
440,0.00000,28.54167,24325,1,0.000000,SAMPLE
441,0.00000,27.89063,25161,1,0.000000,SAMPLE
442,0.00000,15.62500,25161,1,0.000000,SAMPLE
443,0.00000,10.78125,25161,1,0.000000,SAMPLE
444,0.00000,8.12500,25161,1,0.000000,SAMPLE
445,0.00000,6.35417,25161,1,0.000000,SAMPLE
446,0.00000,5.10417,25161,1,0.000000,SAMPLE
447,0.00000,4.19271,25161,1,0.000000,SAMPLE
448,0.00000,3.48958,25161,1,0.000000,SAMPLE
449,0.00000,2.94271,25161,1,0.000000,SAMPLE
450,0.00000,2.50000,25161,1,0.000000,SAMPLE
451,0.00000,2.13542,25161,1,0.000000,SAMPLE
452,0.00000,1.82292,25161,1,0.000000,SAMPLE
453,0.00000,1.82292,25292,1,0.000000,SAMPLE
454,0.00000,5.33854,26108,1,0.000000,SAMPLE
455,0.00000,9.42708,26924,1,0.000000,SAMPLE
456,0.00938,13.69792,27740,1,0.000000,SAMPLE
457,0.00000,17.63021,28556,1,0.000000,SAMPLE
458,0.00000,20.78125,29371,1,0.000000,SAMPLE
459,0.00000,20.75521,29987,0,0.000000,SAMPLE
460,0.00000,13.25521,29987,0,0.000000,SAMPLE
461,0.00000,9.63542,29987,0,0.000000,SAMPLE
462,0.00000,7.44792,29987,0,0.000000,SAMPLE
463,0.00000,5.93750,29987,0,0.000000,SAMPLE
464,0.00000,4.84375,29987,0,0.000000,SAMPLE
465,0.00938,4.03646,29987,0,0.000000,SAMPLE
466,0.00000,3.38542,29987,0,0.000000,SAMPLE
467,0.00000,2.89063,29987,0,0.000000,SAMPLE
468,0.00000,2.47396,29987,0,0.000000,SAMPLE
469,0.00938,2.10938,29987,0,0.000000,SAMPLE
470,0.00000,1.82292,29987,0,0.000000,SAMPLE
471,0.00000,1.58854,29946,0,0.000000,SAMPLE
472,0.00000,0.23438,29129,1,0.000000,SAMPLE
473,0.00000,0.20833,28313,1,0.000000,SAMPLE
474,0.00000,0.20833,27498,1,0.000000,SAMPLE
475,0.00000,0.18229,26682,1,0.000000,SAMPLE
476,0.00000,0.18229,25866,1,0.000000,SAMPLE
477,0.00000,0.15625,25051,1,0.000000,SAMPLE
478,0.00938,0.18229,24235,1,0.000000,SAMPLE
479,0.00000,0.15625,23419,1,0.000000,SAMPLE
480,0.00000,0.15625,22603,1,0.000000,SAMPLE
481,0.00000,0.15625,21788,1,0.000000,SAMPLE
482,0.00000,0.13021,20971,1,0.000000,SAMPLE
483,0.00000,0.13021,20155,1,0.000000,SAMPLE
484,0.00000,0.13021,19339,1,0.000000,SAMPLE
485,0.00000,0.13021,18524,1,0.000000,SAMPLE
486,0.00000,0.59896,18000,1,0.000000,SAMPLE
487,0.00000,1.27604,18289,1,0.000000,SAMPLE
488,0.00000,4.60938,19105,1,0.000000,SAMPLE
489,0.00000,8.56771,19920,1,0.000000,SAMPLE
490,0.00000,12.91667,20744,1,0.000000,SAMPLE
491,0.00000,17.05729,21559,1,0.000000,SAMPLE
492,0.00000,20.52084,22376,1,0.000000,SAMPLE
493,0.00000,23.15104,23192,1,0.000000,SAMPLE
494,0.00000,25.05209,24008,1,0.000000,SAMPLE
495,0.00000,26.40625,24823,1,0.000000,SAMPLE
496,0.00938,27.36979,25639,1,0.000000,SAMPLE
497,0.00000,28.15104,26455,1,0.000000,SAMPLE
498,0.00000,28.77604,27270,1,0.000000,SAMPLE
499,0.00000,29.34896,28086,1,0.000000,SAMPLE
500,0.00000,29.84375,28901,1,0.000000,SAMPLE
501,0.00000,20.15625,29085,1,0.000000,SAMPLE
502,0.00000,13.75000,29085,1,0.000000,SAMPLE
503,0.00000,10.33854,29085,1,0.000000,SAMPLE
504,0.00000,8.17708,29085,1,0.000000,SAMPLE
505,0.00000,6.64063,29085,1,0.000000,SAMPLE
506,0.00000,5.49479,29085,1,0.000000,SAMPLE
507,0.00000,4.63542,29085,1,0.000000,SAMPLE
508,0.00000,3.93229,29085,1,0.000000,SAMPLE
509,0.00000,3.38542,29085,1,0.000000,SAMPLE
510,0.00000,2.91667,29085,1,0.000000,SAMPLE
511,0.00000,2.52604,29085,1,0.000000,SAMPLE
512,0.00000,2.21354,29085,1,0.000000,SAMPLE
513,0.00000,1.92708,29085,1,0.000000,SAMPLE
514,0.00000,1.69271,29085,1,0.000000,SAMPLE
515,0.00000,3.46354,29586,1,0.000000,SAMPLE
516,0.00000,5.20833,29990,0,0.000000,SAMPLE
517,0.00000,4.34896,29990,0,0.000000,SAMPLE
518,0.00000,3.67188,29990,0,0.000000,SAMPLE
519,0.00000,3.12500,29990,0,0.000000,SAMPLE
520,0.00000,2.70833,29990,0,0.000000,SAMPLE
521,0.00000,2.34375,29990,0,0.000000,SAMPLE
522,0.00938,2.03125,29990,0,0.000000,SAMPLE
523,0.00938,1.77083,29990,0,0.000000,SAMPLE
524,0.00000,0.46875,29824,1,0.000000,SAMPLE
525,0.00000,0.26042,29171,1,0.000000,SAMPLE
526,0.00000,0.23438,28518,1,0.000000,SAMPLE
527,0.00000,0.23438,27866,1,0.000000,SAMPLE
528,0.00000,0.20833,27214,1,0.000000,SAMPLE
529,0.00000,0.20833,26561,1,0.000000,SAMPLE
530,0.00000,0.20833,25909,1,0.000000,SAMPLE
531,0.00000,0.20833,25256,1,0.000000,SAMPLE
532,0.00000,0.18229,24602,1,0.000000,SAMPLE
533,0.00000,0.18229,23950,1,0.000000,SAMPLE
534,0.00938,0.18229,23298,1,0.000000,SAMPLE
535,0.00000,0.18229,22645,1,0.000000,SAMPLE
536,0.00000,0.18229,21992,1,0.000000,SAMPLE
537,0.00000,0.15625,21339,1,0.000000,SAMPLE
538,0.00938,0.15625,20687,1,0.000000,SAMPLE
539,0.00000,0.15625,20035,1,0.000000,SAMPLE
540,0.00938,0.15625,19382,1,0.000000,SAMPLE
541,0.00000,0.15625,18729,1,0.000000,SAMPLE
542,0.00000,0.15625,18075,1,0.000000,SAMPLE
543,0.00000,0.57292,17996,1,0.000000,SAMPLE
544,0.00000,2.26563,18563,1,0.000000,SAMPLE
545,0.00000,5.00000,19215,1,0.000000,SAMPLE
546,0.00000,8.04688,19867,1,0.000000,SAMPLE
547,0.00000,11.14583,20520,1,0.000000,SAMPLE
548,0.00000,14.11458,21173,1,0.000000,SAMPLE
549,0.00000,16.74479,21826,1,0.000000,SAMPLE
550,0.00000,18.88021,22478,1,0.000000,SAMPLE
551,0.00000,20.57292,23130,1,0.000000,SAMPLE
552,0.00000,21.84896,23784,1,0.000000,SAMPLE
553,0.00000,22.81250,24436,1,0.000000,SAMPLE
554,0.00000,23.56771,25089,1,0.000000,SAMPLE
555,0.00000,24.16667,25742,1,0.000000,SAMPLE
556,0.00000,24.68750,26394,1,0.000000,SAMPLE
557,0.00000,25.13021,27046,1,0.000000,SAMPLE
558,0.00938,25.52083,27699,1,0.000000,SAMPLE
559,0.00000,25.85938,28352,1,0.000000,SAMPLE
560,0.00000,26.22396,29005,1,0.000000,SAMPLE
561,0.00000,26.58854,29657,1,0.000000,SAMPLE
562,0.00000,21.92709,30001,0,0.000000,SAMPLE
563,0.00000,15.02604,30001,0,0.000000,SAMPLE
564,0.00000,11.38021,30001,0,0.000000,SAMPLE
565,0.00000,9.06250,30001,0,0.000000,SAMPLE
566,0.00000,7.42188,30001,0,0.000000,SAMPLE
567,0.00000,6.22396,30001,0,0.000000,SAMPLE
568,0.00000,5.26042,30001,0,0.000000,SAMPLE
569,0.00000,4.53125,30001,0,0.000000,SAMPLE
570,0.00000,3.90625,30001,0,0.000000,SAMPLE
571,0.00000,3.41146,30001,0,0.000000,SAMPLE
572,0.00000,2.99479,30001,0,0.000000,SAMPLE
573,0.00000,2.63021,30001,0,0.000000,SAMPLE
574,0.00000,2.31771,30001,0,0.000000,SAMPLE
575,0.00000,2.05729,30001,0,0.000000,SAMPLE
576,0.00000,1.82292,30001,0,0.000000,SAMPLE
577,0.00000,1.61458,29952,1,0.000000,SAMPLE
578,0.00000,0.20833,29299,1,0.000000,SAMPLE
579,0.00000,0.20833,28647,1,0.000000,SAMPLE
580,0.00000,0.18229,27994,1,0.000000,SAMPLE
581,0.00000,0.18229,27342,1,0.000000,SAMPLE
582,0.00938,0.26042,26688,1,0.000000,SAMPLE
583,0.00000,0.36458,26035,1,0.000000,SAMPLE
584,0.00000,0.52083,25383,1,0.000000,SAMPLE
585,0.00000,0.62500,24730,1,0.000000,SAMPLE
586,0.00000,0.62500,24078,1,0.000000,SAMPLE
587,0.00000,0.62500,23426,1,0.000000,SAMPLE
588,0.00000,0.62500,22773,1,0.000000,SAMPLE
589,0.00000,0.62500,22120,1,0.000000,SAMPLE
590,0.00000,0.62500,21468,1,0.000000,SAMPLE
591,0.00000,0.62500,20816,1,0.000000,SAMPLE
592,0.00000,0.59896,20162,1,0.000000,SAMPLE
593,0.00000,0.59896,19509,1,0.000000,SAMPLE
594,0.00000,0.59896,18856,1,0.000000,SAMPLE
595,0.00000,0.59896,18203,1,0.000000,SAMPLE
596,0.00000,0.96354,17994,1,0.000000,SAMPLE
597,0.00000,2.13542,18432,1,0.000000,SAMPLE
598,0.00000,4.92188,19084,1,0.000000,SAMPLE
599,0.00000,8.07292,19736,1,0.000000,SAMPLE
600,0.00000,11.43229,20389,1,0.000000,SAMPLE
601,0.00000,14.79167,21042,1,0.000000,SAMPLE
602,0.00000,17.86459,21696,1,0.000000,SAMPLE
603,0.00000,20.46875,22348,1,0.000000,SAMPLE
604,0.00000,22.52604,23001,1,0.000000,SAMPLE
605,0.00000,24.06250,23653,1,0.000000,SAMPLE
606,0.00000,25.23438,24306,1,0.000000,SAMPLE
607,0.00000,26.09375,24958,1,0.000000,SAMPLE
608,0.00000,26.82292,25611,1,0.000000,SAMPLE
609,0.00000,27.34375,26263,1,0.000000,SAMPLE
610,0.00000,27.78646,26915,1,0.000000,SAMPLE
611,0.00000,28.20313,27568,1,0.000000,SAMPLE
612,0.00000,28.56771,28222,1,0.000000,SAMPLE
613,0.00000,28.93229,28875,1,0.000000,SAMPLE
614,0.00000,29.27084,29527,1,0.000000,SAMPLE
615,0.00000,26.58854,30000,0,0.000000,SAMPLE
616,0.00000,17.65625,30000,0,0.000000,SAMPLE
617,0.00000,13.20313,30000,0,0.000000,SAMPLE
618,0.00000,10.49479,30000,0,0.000000,SAMPLE
619,0.00000,8.59375,30000,0,0.000000,SAMPLE
620,0.00000,7.21354,30000,0,0.000000,SAMPLE
621,0.00000,6.14583,30000,0,0.000000,SAMPLE
622,0.00000,5.28646,30000,0,0.000000,SAMPLE
623,0.00000,4.58333,30000,0,0.000000,SAMPLE
624,0.00938,4.01042,30000,0,0.000000,SAMPLE
625,0.00000,3.54167,30000,0,0.000000,SAMPLE
626,0.00000,3.12500,30000,0,0.000000,SAMPLE
627,0.00000,2.76042,30000,0,0.000000,SAMPLE
628,0.00000,2.47396,30000,0,0.000000,SAMPLE
629,0.00938,2.18750,30000,0,0.000000,SAMPLE
630,0.00000,1.97917,30000,0,0.000000,SAMPLE
631,0.00000,1.77083,30000,0,0.000000,SAMPLE
632,0.00000,0.65104,29757,1,0.000000,SAMPLE
633,0.00000,0.57292,29104,1,0.000000,SAMPLE
634,0.00938,0.57292,28451,1,0.000000,SAMPLE
635,0.00000,0.54688,27799,1,0.000000,SAMPLE
636,0.00000,0.57292,27147,1,0.000000,SAMPLE
637,0.00938,0.54688,26494,1,0.000000,SAMPLE
638,0.00000,0.54688,25841,1,0.000000,SAMPLE
639,0.00000,0.52083,25188,1,0.000000,SAMPLE
640,0.00000,0.52083,24536,1,0.000000,SAMPLE
641,0.00000,0.52083,23883,1,0.000000,SAMPLE
642,0.00000,0.52083,23230,1,0.000000,SAMPLE
643,0.00000,0.52083,22578,1,0.000000,SAMPLE
644,0.00000,0.52083,21925,1,0.000000,SAMPLE
645,0.00000,0.52083,21272,1,0.000000,SAMPLE
646,0.00000,0.49479,20619,1,0.000000,SAMPLE
647,0.00000,0.49479,19967,1,0.000000,SAMPLE
648,0.00000,0.49479,19315,1,0.000000,SAMPLE
649,0.00000,0.49479,18662,1,0.000000,SAMPLE
650,0.00000,0.46875,18009,1,0.000000,SAMPLE
651,0.00000,0.85938,17994,1,0.000000,SAMPLE
652,0.00000,2.86458,18627,1,0.000000,SAMPLE
653,0.00000,5.83333,19280,1,0.000000,SAMPLE
654,0.00000,9.21875,19932,1,0.000000,SAMPLE
655,0.00000,12.91667,20584,1,0.000000,SAMPLE
656,0.00000,16.58854,21237,1,0.000000,SAMPLE
657,0.00000,19.97396,21890,1,0.000000,SAMPLE
658,0.00000,22.76042,22542,1,0.000000,SAMPLE
659,0.00000,25.00000,23195,1,0.000000,SAMPLE
660,0.00000,26.69271,23847,1,0.000000,SAMPLE
661,0.00000,27.89063,24500,1,0.000000,SAMPLE
662,0.00000,28.77604,25154,1,0.000000,SAMPLE
663,0.00000,29.45312,25806,1,0.000000,SAMPLE
664,0.00000,30.02604,26407,1,0.000000,SAMPLE
665,0.00000,19.24479,26407,1,0.000000,SAMPLE
666,0.00000,14.21875,26407,1,0.000000,SAMPLE
667,0.00000,11.19792,26407,1,0.000000,SAMPLE
668,0.00000,9.14062,26407,1,0.000000,SAMPLE
669,0.00000,7.65625,26407,1,0.000000,SAMPLE
670,0.00000,6.51042,26407,1,0.000000,SAMPLE
671,0.00000,5.62500,26407,1,0.000000,SAMPLE
672,0.00000,4.86979,26407,1,0.000000,SAMPLE
673,0.00000,4.27083,26407,1,0.000000,SAMPLE
674,0.00000,3.77604,26407,1,0.000000,SAMPLE
675,0.00000,3.33333,26407,1,0.000000,SAMPLE
676,0.00000,2.96875,26407,1,0.000000,SAMPLE
677,0.00000,2.65625,26407,1,0.000000,SAMPLE
678,0.00000,2.36979,26407,1,0.000000,SAMPLE
679,0.00000,2.13542,26407,1,0.000000,SAMPLE
680,0.00000,1.90104,26407,1,0.000000,SAMPLE
681,0.00000,1.71875,26444,1,0.000000,SAMPLE
682,0.00000,3.90625,26974,1,0.000000,SAMPLE
683,0.00000,6.32813,27496,1,0.000000,SAMPLE
684,0.00000,8.90625,28018,1,0.000000,SAMPLE
685,0.00000,11.56250,28540,1,0.000000,SAMPLE
686,0.00000,14.14063,29062,1,0.000000,SAMPLE
687,0.00938,16.51042,29584,1,0.000000,SAMPLE
688,0.00000,17.39584,29985,0,0.000000,SAMPLE
689,0.00000,12.99479,29985,0,0.000000,SAMPLE
690,0.00000,10.31250,29985,0,0.000000,SAMPLE
691,0.00000,8.46354,29985,0,0.000000,SAMPLE
692,0.00000,7.10938,29985,0,0.000000,SAMPLE
693,0.00000,6.09375,29985,0,0.000000,SAMPLE
694,0.00000,5.26042,29985,0,0.000000,SAMPLE
695,0.00000,4.58333,29985,0,0.000000,SAMPLE
696,0.00000,4.03646,29985,0,0.000000,SAMPLE
697,0.00000,3.56771,29985,0,0.000000,SAMPLE
698,0.00000,3.17708,29985,0,0.000000,SAMPLE
699,0.00000,2.83854,29985,0,0.000000,SAMPLE
700,0.00000,2.52604,29985,0,0.000000,SAMPLE
701,0.00000,2.29167,29985,0,0.000000,SAMPLE
702,0.00000,2.05729,29985,0,0.000000,SAMPLE
703,0.00000,1.84896,29985,0,0.000000,SAMPLE
704,0.00000,1.66667,29985,0,0.000000,SAMPLE
705,0.00000,1.51042,29985,0,0.000000,NA
706,0.00938,1.38021,29985,0,0.000000,NA
707,0.00000,0.78125,29985,0,0.000000,NA
708,0.00000,0.75521,29985,0,0.000000,NA
709,0.00000,0.78125,29985,0,0.000000,NA
710,0.00000,0.78125,29985,0,0.000000,NA
711,0.00000,-0.23438,29522,1,0.000000,NA
712,0.00000,-0.41667,28998,1,0.000000,NA
713,0.00000,-0.52083,28475,1,0.000000,NA
714,0.00000,-0.65104,27954,1,0.000000,NA
715,0.00000,-0.54688,27432,1,0.000000,NA
716,0.00000,-0.91146,26910,1,0.000000,NA
717,0.00000,-1.04167,26388,1,0.000000,NA
718,0.00000,-1.09375,25866,1,0.000000,NA
719,0.00000,-1.06771,25344,1,0.000000,NA
720,0.00938,-1.01562,24822,1,0.000000,NA
721,0.00000,-1.01562,24300,1,0.000000,NA
722,0.00000,-1.06771,23777,1,0.000000,NA
723,0.00000,-1.06771,23256,1,0.000000,NA
724,0.00000,-1.09375,22734,1,0.000000,NA
725,0.00000,-1.09375,22211,1,0.000000,NA
726,0.00000,-1.09375,21690,1,0.000000,NA
727,0.00000,-1.09375,21168,1,0.000000,NA
728,0.00000,-1.06771,20646,1,0.000000,NA
729,0.00000,-1.09375,20123,1,0.000000,NA
730,0.00000,-1.06771,19601,1,0.000000,NA
731,0.00000,-1.04167,19079,1,0.000000,NA
732,0.00000,-1.01562,18555,1,0.000000,NA
733,0.00000,-1.06771,18032,1,0.000000,NA
734,0.00000,-0.57292,18001,1,0.000000,NA
735,0.00000,0.46875,18494,1,0.000000,NA
736,0.00000,0.54688,19016,1,0.000000,NA
737,0.00000,0.59896,19538,1,0.000000,NA
738,0.00000,0.52083,20060,1,0.000000,NA
739,0.00000,0.41667,20581,1,0.000000,NA
740,0.00000,0.31250,21104,1,0.000000,NA
741,0.00000,0.23438,21626,1,0.000000,NA
742,0.00000,0.10417,22148,1,0.000000,NA
743,0.00000,0.00000,22671,1,0.000000,NA
744,0.00000,0.00000,23193,1,0.000000,NA
745,0.00000,-0.07812,23714,1,0.000000,NA
746,0.00000,-0.13021,24237,1,0.000000,NA
747,0.00000,-0.07812,24758,1,0.000000,NA
748,0.00000,0.00000,25280,1,0.000000,NA
749,0.00000,0.15625,25802,1,0.000000,NA
750,0.00000,0.26042,26324,1,0.000000,NA
751,0.00000,0.18229,26846,1,0.000000,NA
752,0.00000,0.31250,27369,1,0.000000,NA
753,0.00000,0.41667,27890,1,0.000000,NA
754,0.00000,0.44271,28413,1,0.000000,NA
755,0.00000,0.49479,28935,1,0.000000,NA
756,0.00000,0.49479,29457,1,0.000000,NA
757,0.00000,0.49479,29978,0,0.000000,NA
758,0.00000,0.26042,30006,0,0.000000,NA
759,0.00938,-0.59896,29511,1,0.000000,PRESERVE
760,0.00000,-1.01562,28989,1,0.000000,PRESERVE
761,0.00000,-1.17188,28467,1,0.000000,PRESERVE
762,0.00000,-1.27604,27942,1,0.000000,PRESERVE
763,0.00000,-1.22396,27421,1,0.000000,PRESERVE
764,0.00000,-1.25000,26898,1,0.000000,PRESERVE
765,0.00000,-1.17188,26376,1,0.000000,PRESERVE
766,0.00000,-1.17188,25855,1,0.000000,PRESERVE
767,0.00000,-1.19792,25332,1,0.000000,PRESERVE
768,0.00000,-1.19792,24811,1,0.000000,PRESERVE
769,0.00000,-1.19792,24289,1,0.000000,PRESERVE
770,0.00000,-1.19792,23766,1,0.000000,PRESERVE
771,0.00000,-1.22396,23245,1,0.000000,PRESERVE
772,0.00000,-1.22396,22722,1,0.000000,PRESERVE
773,0.00000,-1.22396,22200,1,0.000000,PRESERVE
774,0.00000,-1.22396,21679,1,0.000000,PRESERVE
775,0.00000,-1.22396,21157,1,0.000000,PRESERVE
776,0.00000,-1.22396,20634,1,0.000000,PRESERVE
777,0.00000,-1.22396,20113,1,0.000000,PRESERVE
778,0.00938,-1.25000,19590,1,0.000000,PRESERVE
779,0.00000,-1.25000,19068,1,0.000000,PRESERVE
780,0.00000,-1.25000,18547,1,0.000000,PRESERVE
781,0.00000,-1.27604,18025,1,0.000000,PRESERVE
782,0.00000,-0.41667,18001,1,0.000000,PRESERVE
783,0.00000,1.69271,18496,1,0.000000,PRESERVE
784,0.00000,4.68750,19017,1,0.000000,PRESERVE
785,0.00000,8.07292,19539,1,0.000000,PRESERVE
786,0.00000,11.53646,20062,1,0.000000,PRESERVE
787,0.00000,14.79167,20583,1,0.000000,PRESERVE
788,0.00000,17.47396,21105,1,0.000000,PRESERVE
789,0.00000,19.55729,21628,1,0.000000,PRESERVE
790,0.00000,21.01563,22149,1,0.000000,PRESERVE
791,0.00000,22.03125,22671,1,0.000000,PRESERVE
792,0.00000,22.76042,23194,1,0.000000,PRESERVE
793,0.00000,23.28125,23716,1,0.000000,PRESERVE
794,0.00000,23.67188,24238,1,0.000000,PRESERVE
795,0.00000,23.98438,24760,1,0.000000,PRESERVE
796,0.00000,24.21875,25281,1,0.000000,PRESERVE
797,0.00000,24.47917,25804,1,0.000000,PRESERVE
798,0.00000,24.76563,26326,1,0.000000,PRESERVE
799,0.00000,25.05209,26847,1,0.000000,PRESERVE
800,0.00000,25.41667,27370,1,0.000000,PRESERVE
801,0.00000,25.93750,27891,1,0.000000,PRESERVE
802,0.00000,26.64062,28414,1,0.000000,PRESERVE
803,0.00000,27.68229,28936,1,0.000000,PRESERVE
804,0.00000,29.29688,29458,1,0.000000,PRESERVE
805,0.00000,22.68229,29627,1,0.000000,PRESERVE
806,0.00000,16.22396,29627,1,0.000000,PRESERVE
807,0.00000,12.57812,29627,1,0.000000,PRESERVE
808,0.00000,10.18229,29627,1,0.000000,PRESERVE
809,0.00000,8.46354,29627,1,0.000000,PRESERVE
810,0.00000,7.13542,29627,1,0.000000,PRESERVE
811,0.00000,6.09375,29627,1,0.000000,PRESERVE
812,0.00000,5.26042,29627,1,0.000000,PRESERVE
813,0.00000,4.58333,29627,1,0.000000,PRESERVE
814,0.00000,4.01042,29627,1,0.000000,PRESERVE
815,0.00000,3.51562,29627,1,0.000000,PRESERVE
816,0.00000,3.09896,29627,1,0.000000,PRESERVE
817,0.00000,2.76042,29627,1,0.000000,PRESERVE
818,0.00000,2.44792,29627,1,0.000000,PRESERVE
819,0.00000,2.16146,29627,1,0.000000,PRESERVE
820,0.00000,1.92708,29627,1,0.000000,PRESERVE
821,0.00000,1.71875,29627,1,0.000000,PRESERVE
822,0.00000,3.48958,29983,0,0.000000,PRESERVE
823,0.00000,3.46354,30000,0,0.000000,PRESERVE
824,0.00000,3.02083,30000,0,0.000000,PRESERVE
825,0.00000,2.65625,30000,0,0.000000,PRESERVE
826,0.00000,2.31771,30000,0,0.000000,PRESERVE
827,0.00000,2.05729,30000,0,0.000000,PRESERVE
828,0.00000,1.82292,30000,0,0.000000,PRESERVE
829,0.00000,1.61458,29956,1,0.000000,PRESERVE
830,0.00000,-1.06771,29433,1,0.000000,PRESERVE
831,0.00000,-1.11979,28912,1,0.000000,PRESERVE
832,0.00000,-1.11979,28389,1,0.000000,PRESERVE
833,0.00000,-1.11979,27867,1,0.000000,PRESERVE
834,0.00000,-1.14583,27346,1,0.000000,PRESERVE
835,0.00000,-1.14583,26823,1,0.000000,PRESERVE
836,0.00000,-1.14583,26301,1,0.000000,PRESERVE
837,0.00000,-1.17188,25780,1,0.000000,PRESERVE
838,0.00000,-1.17188,25257,1,0.000000,PRESERVE
839,0.00000,-1.17188,24736,1,0.000000,PRESERVE
840,0.00000,-1.17188,24214,1,0.000000,PRESERVE
841,0.00000,-1.19792,23691,1,0.000000,PRESERVE
842,0.00000,-1.17188,23169,1,0.000000,PRESERVE
843,0.00000,-1.19792,22647,1,0.000000,PRESERVE
844,0.00000,-1.19792,22124,1,0.000000,PRESERVE
845,0.00000,-1.19792,21603,1,0.000000,PRESERVE
846,0.00000,-1.19792,21081,1,0.000000,PRESERVE
847,0.00000,-1.19792,20559,1,0.000000,PRESERVE
848,0.00000,-1.22396,20037,1,0.000000,PRESERVE
849,0.00000,-1.22396,19516,1,0.000000,PRESERVE
850,0.00000,-1.22396,18993,1,0.000000,PRESERVE
851,0.00000,-1.22396,18471,1,0.000000,PRESERVE
852,0.00000,-1.22396,17993,1,0.000000,PRESERVE
853,0.00000,-0.39063,18025,1,0.000000,PRESERVE
854,0.00000,2.29167,18547,1,0.000000,PRESERVE
855,0.00000,5.67708,19069,1,0.000000,PRESERVE
856,0.00000,9.60938,19590,1,0.000000,PRESERVE
857,0.00000,13.93229,20113,1,0.000000,PRESERVE
858,0.00000,18.25521,20634,1,0.000000,PRESERVE
859,0.00000,22.08334,21156,1,0.000000,PRESERVE
860,0.00000,25.10417,21678,1,0.000000,PRESERVE
861,0.00000,27.21354,22200,1,0.000000,PRESERVE
862,0.00000,28.46354,22723,1,0.000000,PRESERVE
863,0.00000,29.24479,23245,1,0.000000,PRESERVE
864,0.00000,29.60938,23767,1,0.000000,PRESERVE
865,0.00000,29.60938,24289,1,0.000000,PRESERVE
866,0.00000,29.37500,24811,1,0.000000,PRESERVE
867,0.00000,29.14063,25332,1,0.000000,PRESERVE
868,0.00000,29.08854,25855,1,0.000000,PRESERVE
869,0.00000,29.14063,26377,1,0.000000,PRESERVE
870,0.00000,29.21875,26898,1,0.000000,PRESERVE
871,0.00000,29.24479,27421,1,0.000000,PRESERVE
872,0.00000,29.29688,27943,1,0.000000,PRESERVE
873,0.00000,29.34896,28465,1,0.000000,PRESERVE
874,0.00000,29.37500,28988,1,0.000000,PRESERVE
875,0.00000,29.42708,29509,1,0.000000,PRESERVE
876,0.00000,29.45312,30003,0,0.000000,PRESERVE
877,0.00000,18.12500,30003,0,0.000000,PRESERVE
878,0.00000,12.94271,30003,0,0.000000,PRESERVE
879,0.00000,9.92188,30003,0,0.000000,PRESERVE
880,0.00000,7.94271,30003,0,0.000000,PRESERVE
881,0.00000,6.51042,30003,0,0.000000,PRESERVE
882,0.00000,5.41667,30003,0,0.000000,PRESERVE
883,0.00000,4.58333,30003,0,0.000000,PRESERVE
884,0.00000,3.90625,30003,0,0.000000,PRESERVE
885,0.00000,3.35938,30003,0,0.000000,PRESERVE
886,0.00000,2.89063,30003,0,0.000000,PRESERVE
887,0.00000,2.50000,30003,0,0.000000,PRESERVE
888,0.00000,2.18750,30003,0,0.000000,PRESERVE
889,0.00000,1.92708,30003,0,0.000000,PRESERVE
890,0.00000,1.66667,30003,0,0.000000,PRESERVE
891,0.00000,1.45833,30003,0,0.000000,NA
892,0.00000,1.27604,30003,0,0.000000,NA
893,0.00000,0.57292,30003,0,0.000000,NA
894,0.00000,0.57292,30003,0,0.000000,NA
895,0.00000,0.57292,30003,0,0.000000,NA
896,0.00000,0.57292,30003,0,0.000000,NA
897,0.00000,-3.30729,27755,1,0.000000,CLEANSE_CHAN
898,0.00000,-4.66146,24649,1,0.000000,CLEANSE_CHAN
899,0.00000,-4.97396,21543,1,0.000000,CLEANSE_CHAN
900,0.00000,-5.15625,18436,1,0.000000,CLEANSE_CHAN
901,0.00000,-0.62500,17993,1,0.000000,CLEANSE_CHAN
902,0.00000,3.04688,19174,1,0.000000,CLEANSE_CHAN
903,0.00000,5.78125,22280,1,0.000000,CLEANSE_CHAN
904,0.00000,6.19792,25386,1,0.000000,CLEANSE_CHAN
905,0.00000,6.19792,28495,1,0.000000,CLEANSE_CHAN
906,0.00000,0.96354,30150,0,0.000000,CLEANSE_CHAN
907,0.00000,-0.83333,29461,1,0.000000,CLEANSE_CHAN
908,0.00000,-4.01042,26354,1,0.000000,CLEANSE_CHAN
909,0.00000,-4.73958,23248,1,0.000000,CLEANSE_CHAN
910,0.00000,-5.00000,20142,1,0.000000,CLEANSE_CHAN
911,0.00000,-3.64583,17991,1,0.000000,CLEANSE_CHAN
912,0.00000,-0.26042,17991,1,0.000000,CLEANSE_CHAN
913,0.00000,4.66146,20386,1,0.000000,CLEANSE_CHAN
914,0.00000,4.45312,23492,1,0.000000,CLEANSE_CHAN
915,0.00000,4.34896,26601,1,0.000000,CLEANSE_CHAN
916,0.00000,4.21875,29708,1,0.000000,CLEANSE_CHAN
917,0.00000,0.57292,29959,0,0.000000,CLEANSE_CHAN
918,0.00938,-3.38542,27602,1,0.000000,CLEANSE_CHAN
919,0.00000,-4.53125,24496,1,0.000000,CLEANSE_CHAN
920,0.00000,-4.94792,21389,1,0.000000,CLEANSE_CHAN
921,0.00000,-5.18229,18283,1,0.000000,CLEANSE_CHAN
922,0.00000,-0.59896,17990,1,0.000000,CLEANSE_CHAN
923,0.00000,2.96875,19161,1,0.000000,CLEANSE_CHAN
924,0.00000,3.90625,22267,1,0.000000,CLEANSE_CHAN
925,0.00938,3.95833,25376,1,0.000000,CLEANSE_CHAN
926,0.00938,3.98438,28482,1,0.000000,CLEANSE_CHAN
927,0.00000,0.54688,30000,0,0.000000,CLEANSE_CHAN
928,0.00000,-2.21354,28858,1,0.000000,CLEANSE_CHAN
929,0.00000,-4.53125,25752,1,0.000000,CLEANSE_CHAN
930,0.00000,-5.39063,22645,1,0.000000,CLEANSE_CHAN
931,0.00000,-5.83333,19539,1,0.000000,CLEANSE_CHAN
932,0.00000,-3.07292,17991,1,0.000000,CLEANSE_CHAN
933,0.00000,0.02604,17991,1,0.000000,CLEANSE_CHAN
934,0.00000,3.80208,21012,1,0.000000,CLEANSE_CHAN
935,0.00000,3.90625,24121,1,0.000000,CLEANSE_CHAN
936,0.00000,3.95833,27228,1,0.000000,CLEANSE_CHAN
937,0.00000,3.75000,30000,0,0.000000,CLEANSE_CHAN
938,0.00000,0.54688,30000,0,0.000000,CLEANSE_CHAN
939,0.00000,-2.60417,26985,1,0.000000,CLEANSE_CHAN
940,0.00000,-3.38542,23879,1,0.000000,CLEANSE_CHAN
941,0.00000,-3.69792,20773,1,0.000000,CLEANSE_CHAN
942,0.00000,-4.63542,17990,1,0.000000,CLEANSE_CHAN
943,0.00000,-1.95312,17990,1,0.000000,CLEANSE_CHAN
944,0.00000,-0.49479,18235,1,0.000000,CLEANSE_CHAN
945,0.00000,3.33333,21344,1,0.000000,CLEANSE_CHAN
946,0.00000,3.88021,24450,1,0.000000,CLEANSE_CHAN
947,0.00000,3.98438,27557,1,0.000000,CLEANSE_CHAN
948,0.00000,2.86458,30000,0,0.000000,CLEANSE_CHAN
949,0.00000,0.57292,30000,0,0.000000,CLEANSE_CHAN
950,0.00000,-2.55208,27294,1,0.000000,CLEANSE_CHAN
951,0.00000,-3.95833,24188,1,0.000000,CLEANSE_CHAN
952,0.00000,-4.76563,21075,1,0.000000,CLEANSE_CHAN
953,0.00000,-5.26042,17990,1,0.000000,CLEANSE_CHAN
954,0.00000,-3.02083,17991,1,0.000000,CLEANSE_CHAN
955,0.00000,-0.98958,17991,1,0.000000,CLEANSE_CHAN
956,0.00000,2.57813,20087,1,0.000000,CLEANSE_CHAN
957,0.00000,3.75000,23193,1,0.000000,CLEANSE_CHAN
958,0.00000,3.95833,26299,1,0.000000,CLEANSE_CHAN
959,0.00000,4.03646,29406,1,0.000000,CLEANSE_CHAN
960,0.00000,0.70312,30000,0,0.000000,CLEANSE_CHAN
961,0.00000,-1.51042,28554,1,0.000000,CLEANSE_CHAN
962,0.00000,-3.20312,25990,1,0.000000,CLEANSE_CHAN
963,0.00000,-1.04167,25990,1,0.000000,CLEANSE_CHAN
964,0.00000,2.08333,27762,1,0.000000,CLEANSE_CHAN
965,0.00000,2.83854,30042,0,0.000000,CLEANSE_CHAN
966,0.00000,0.26042,30042,0,0.000000,CLEANSE_CHAN
967,0.00000,0.10417,30042,0,0.000000,CLEANSE_CHAN
968,0.00000,0.13021,30042,0,0.000000,CLEANSE_CHAN
969,0.00000,0.10417,30042,0,0.000000,CLEANSE_CHAN
970,0.00000,0.10417,30042,0,0.000000,CLEANSE_CHAN
971,0.00000,0.13021,30042,0,0.000000,CLEANSE_CHAN
972,0.00000,0.13021,30042,0,0.000000,CLEANSE_CHAN
973,0.00000,0.10417,30042,0,0.000000,CLEANSE_CHAN
974,0.00000,0.13021,30042,0,0.000000,CLEANSE_CHAN
975,0.00000,0.10417,30042,0,0.000000,CLEANSE_CHAN
976,0.00000,0.10417,30042,0,0.000000,CLEANSE_CHAN
977,0.00000,0.10417,30042,0,0.000000,CLEANSE_CHAN
978,0.00000,0.13021,30042,0,0.000000,CLEANSE_CHAN
979,0.00000,0.10417,30042,0,0.000000,CLEANSE_CHAN
980,0.00000,0.10417,30042,0,0.000000,CLEANSE_CHAN
981,0.00000,0.13021,30042,0,0.000000,CLEANSE_CHAN
982,0.00000,0.13021,30042,0,0.000000,CLEANSE_CHAN
983,0.00000,0.13021,30042,0,0.000000,CLEANSE_CHAN
984,0.00000,0.10417,30042,0,0.000000,CLEANSE_CHAN
985,0.00000,0.10417,30042,0,0.000000,CLEANSE_CHAN
986,0.00000,0.10417,30042,0,0.000000,CLEANSE_CHAN
987,0.00000,0.10417,30042,0,0.000000,CLEANSE_CHAN
988,0.00000,0.13021,30042,0,0.000000,CLEANSE_CHAN
989,0.00000,0.10417,30042,0,0.000000,CLEANSE_CHAN
990,0.00000,0.10417,30042,0,0.000000,CLEANSE_CHAN
991,0.00000,0.10417,30042,0,0.000000,CLEANSE_CHAN
992,0.00000,0.13021,30042,0,0.000000,CLEANSE_CHAN
993,0.00000,0.10417,30042,0,0.000000,CLEANSE_CHAN
994,0.00000,0.10417,30042,0,0.000000,CLEANSE_CHAN
995,0.00000,0.10417,30042,0,0.000000,CLEANSE_CHAN
996,0.00000,0.10417,30042,0,0.000000,CLEANSE_CHAN
997,0.00000,0.10417,30042,0,0.000000,CLEANSE_CHAN
998,0.00000,0.10417,30042,0,0.000000,CLEANSE_CHAN
999,0.00000,0.10417,30042,0,0.000000,CLEANSE_CHAN
1000,0.00000,0.13021,30042,0,0.000000,CLEANSE_CHAN
1001,0.00000,0.13021,30042,0,0.000000,CLEANSE_CHAN
1002,0.00000,0.10417,30042,0,0.000000,CLEANSE_CHAN
1003,0.00000,0.13021,30042,0,0.000000,CLEANSE_CHAN
1004,0.00000,0.13021,30042,0,0.000000,CLEANSE_CHAN
1005,0.00000,0.10417,30042,0,0.000000,CLEANSE_CHAN
1006,0.00000,0.10417,30042,0,0.000000,CLEANSE_CHAN
1007,0.00000,0.10417,30042,0,0.000000,CLEANSE_CHAN
1008,0.00000,0.10417,30042,0,0.000000,CLEANSE_CHAN
1009,0.00000,0.13021,30042,0,0.000000,CLEANSE_CHAN
1010,0.00000,0.10417,30042,0,0.000000,CLEANSE_CHAN
1011,0.00000,0.10417,30042,0,0.000000,CLEANSE_CHAN
1012,0.00000,0.10417,30042,0,0.000000,CLEANSE_CHAN
1013,0.00000,0.13021,30042,0,0.000000,CLEANSE_CHAN
1014,0.00000,0.10417,30042,0,0.000000,CLEANSE_CHAN
1015,0.00000,0.13021,30042,0,0.000000,CLEANSE_CHAN
1016,0.00000,0.10417,30042,0,0.000000,CLEANSE_CHAN
1017,0.00000,0.10417,30042,0,0.000000,CLEANSE_CHAN
1018,0.00000,0.10417,30042,0,0.000000,CLEANSE_CHAN
1019,0.00000,0.13021,30042,0,0.000000,CLEANSE_CHAN
1020,0.00000,0.10417,30042,0,0.000000,CLEANSE_CHAN
1021,0.00000,0.10417,30042,0,0.000000,CLEANSE_CHAN
1022,0.00000,0.10417,30042,0,0.000000,CLEANSE_CHAN
1023,0.00000,0.10417,30042,0,0.000000,CLEANSE_CHAN
1024,0.00000,0.13021,30042,0,0.000000,CLEANSE_CHAN
1025,0.00000,0.10417,30042,0,0.000000,CLEANSE_CHAN
1026,0.00000,0.10417,30042,0,0.000000,CLEANSE_CHAN
1027,0.00000,0.13021,30042,0,0.000000,CLEANSE_CHAN
1028,0.00000,0.10417,30042,0,0.000000,CLEANSE_CHAN
1029,0.00000,0.10417,30042,0,0.000000,CLEANSE_CHAN
1030,0.00000,0.10417,30042,0,0.000000,CLEANSE_CHAN
1031,0.00000,0.10417,30042,0,0.000000,CLEANSE_CHAN
1032,0.00000,0.10417,30042,0,0.000000,CLEANSE_CHAN
1033,0.00000,0.10417,30042,0,0.000000,CLEANSE_CHAN
1034,0.00000,0.10417,30042,0,0.000000,CLEANSE_CHAN
1035,0.00000,0.13021,30042,0,0.000000,CLEANSE_CHAN
1036,0.00000,0.10417,30042,0,0.000000,CLEANSE_CHAN
1037,0.00000,0.10417,30042,0,0.000000,CLEANSE_CHAN
1038,0.00000,0.10417,30042,0,0.000000,CLEANSE_CHAN
1039,0.00000,0.10417,30042,0,0.000000,CLEANSE_CHAN
1040,0.00000,0.10417,30042,0,0.000000,CLEANSE_CHAN
1041,0.00000,0.10417,30042,0,0.000000,CLEANSE_CHAN
1042,0.00000,0.10417,30042,0,0.000000,CLEANSE_CHAN
1043,0.00000,0.10417,30042,0,0.000000,CLEANSE_CHAN
1044,0.00000,0.10417,30042,0,0.000000,CLEANSE_CHAN
1045,0.00000,0.13021,30042,0,0.000000,CLEANSE_CHAN
1046,0.00000,0.10417,30042,0,0.000000,CLEANSE_CHAN
1047,0.00000,0.10417,30042,0,0.000000,CLEANSE_CHAN
1048,0.00000,0.10417,30042,0,0.000000,CLEANSE_CHAN
1049,0.00000,0.10417,30042,0,0.000000,CLEANSE_CHAN
1050,0.00000,0.13021,30042,0,0.000000,CLEANSE_CHAN
1051,0.00000,0.10417,30042,0,0.000000,CLEANSE_CHAN
1052,0.00000,0.10417,30042,0,0.000000,CLEANSE_CHAN
1053,0.00000,0.10417,30042,0,0.000000,CLEANSE_CHAN
1054,0.00000,0.10417,30042,0,0.000000,CLEANSE_CHAN
1055,0.00000,0.13021,30042,0,0.000000,CLEANSE_CHAN
1056,0.00000,0.10417,30042,0,0.000000,CLEANSE_CHAN
1057,0.00000,0.10417,30042,0,0.000000,CLEANSE_CHAN
1058,0.00000,0.10417,30042,0,0.000000,CLEANSE_CHAN
1059,0.00000,0.10417,30042,0,0.000000,CLEANSE_CHAN
1060,0.00000,0.10417,30042,0,0.000000,CLEANSE_CHAN
1061,0.00000,0.13021,30042,0,0.000000,CLEANSE_CHAN
1062,0.00000,0.10417,30042,0,0.000000,CLEANSE_CHAN
1063,0.00000,0.13021,30042,0,0.000000,CLEANSE_CHAN
1064,0.00000,0.10417,30042,0,0.000000,CLEANSE_CHAN
1065,0.00000,0.10417,30042,0,0.000000,CLEANSE_CHAN
1066,0.00000,0.10417,30042,0,0.000000,CLEANSE_CHAN
1067,0.00000,0.10417,30042,0,0.000000,CLEANSE_CHAN
1068,0.00000,0.10417,30042,0,0.000000,CLEANSE_CHAN
1069,0.00000,0.10417,30042,0,0.000000,CLEANSE_CHAN
1070,0.00000,0.10417,30042,0,0.000000,CLEANSE_CHAN
1071,0.00000,0.10417,30042,0,0.000000,CLEANSE_CHAN
1072,0.00000,0.10417,30042,0,0.000000,CLEANSE_CHAN
1073,0.00000,0.13021,30042,0,0.000000,CLEANSE_CHAN
1074,0.00000,0.10417,30042,0,0.000000,CLEANSE_CHAN
1075,0.00000,0.10417,30042,0,0.000000,CLEANSE_CHAN
1076,0.00000,0.13021,30042,0,0.000000,CLEANSE_CHAN
1077,0.00000,0.13021,30042,0,0.000000,CLEANSE_CHAN
1078,0.00000,0.10417,30042,0,0.000000,CLEANSE_CHAN
1079,0.00000,0.13021,30042,0,0.000000,CLEANSE_CHAN
1080,0.00000,0.13021,30042,0,0.000000,CLEANSE_CHAN
1081,0.00000,0.10417,30042,0,0.000000,CLEANSE_CHAN
1082,0.00000,0.13021,30042,0,0.000000,CLEANSE_CHAN
1083,0.00000,0.13021,30042,0,0.000000,CLEANSE_CHAN
1084,0.00000,0.10417,30042,0,0.000000,CLEANSE_CHAN
1085,0.00000,0.10417,30042,0,0.000000,CLEANSE_CHAN
1086,0.00000,0.13021,30042,0,0.000000,CLEANSE_CHAN
1087,0.00000,0.13021,30042,0,0.000000,CLEANSE_CHAN
1088,0.00000,0.13021,30042,0,0.000000,CLEANSE_CHAN
1089,0.00000,-2.55208,27332,1,0.000000,CLEANSE_CHAN
1090,0.00000,-3.54167,24226,1,0.000000,CLEANSE_CHAN
1091,0.00000,-4.14063,21119,1,0.000000,CLEANSE_CHAN
1092,0.00000,-4.50521,17997,1,0.000000,CLEANSE_CHAN
1093,0.00000,-1.84896,17991,1,0.000000,CLEANSE_CHAN
1094,0.00000,0.36458,18534,1,0.000000,CLEANSE_CHAN
1095,0.00000,3.33333,21641,1,0.000000,CLEANSE_CHAN
1096,0.00000,3.69792,24747,1,0.000000,CLEANSE_CHAN
1097,0.00000,3.80208,27853,1,0.000000,CLEANSE_CHAN
1098,0.00000,1.97917,29958,0,0.000000,CLEANSE_CHAN
1099,0.00000,0.49479,29958,0,0.000000,CLEANSE_CHAN
1100,0.00000,-2.57813,26985,1,0.000000,CLEANSE_CHAN
1101,0.00000,-3.64583,23879,1,0.000000,CLEANSE_CHAN
1102,0.00000,-4.24479,20767,1,0.000000,CLEANSE_CHAN
1103,0.00000,-4.60938,17990,1,0.000000,CLEANSE_CHAN
1104,0.00000,-1.66667,17990,1,0.000000,CLEANSE_CHAN
1105,0.00000,0.36458,18528,1,0.000000,CLEANSE_CHAN
1106,0.00000,3.30729,21635,1,0.000000,CLEANSE_CHAN
1107,0.00000,3.72396,24741,1,0.000000,CLEANSE_CHAN
1108,0.00000,3.82812,27847,1,0.000000,CLEANSE_CHAN
1109,0.00000,2.05729,30000,0,0.000000,CLEANSE_CHAN
1110,0.00000,0.49479,30000,0,0.000000,CLEANSE_CHAN
1111,0.00000,-2.60417,26985,1,0.000000,CLEANSE_CHAN
1112,0.00000,-3.67188,23874,1,0.000000,CLEANSE_CHAN
1113,0.00000,-4.29688,20765,1,0.000000,CLEANSE_CHAN
1114,0.00000,-4.63542,17990,1,0.000000,CLEANSE_CHAN
1115,0.00000,-1.71875,17990,1,0.000000,CLEANSE_CHAN
1116,0.00000,0.36458,18528,1,0.000000,CLEANSE_CHAN
1117,0.00000,3.30729,21635,1,0.000000,CLEANSE_CHAN
1118,0.00000,3.75000,24741,1,0.000000,CLEANSE_CHAN
1119,0.00000,3.82812,27847,1,0.000000,CLEANSE_CHAN
1120,0.00000,2.08333,30000,0,0.000000,CLEANSE_CHAN
1121,0.00000,0.49479,30000,0,0.000000,CLEANSE_CHAN
1122,0.00000,-2.57813,26996,1,0.000000,CLEANSE_CHAN
1123,0.00000,-3.69792,23887,1,0.000000,CLEANSE_CHAN
1124,0.00000,-4.29688,20781,1,0.000000,CLEANSE_CHAN
1125,0.00000,-4.66146,17990,1,0.000000,CLEANSE_CHAN
1126,0.00000,-1.79688,17990,1,0.000000,CLEANSE_CHAN
1127,0.00000,0.13021,18528,1,0.000000,CLEANSE_CHAN
1128,0.00000,3.85417,21635,1,0.000000,CLEANSE_CHAN
1129,0.00000,3.72396,24741,1,0.000000,CLEANSE_CHAN
1130,0.00000,4.01042,27847,1,0.000000,CLEANSE_CHAN
1131,0.00000,0.88542,30000,0,0.000000,CLEANSE_CHAN
1132,0.00000,0.83333,30000,0,0.000000,NA
1133,0.00000,0.83333,30000,0,0.000000,NA
1134,0.00000,0.83333,30000,0,0.000000,NA	
