CCLK,2023-08-10T20:34:44

>CTRIG,1,7,0,2023-05-31T11:52:32,2023-06-01T11:52:32,2023-06-02T11:52:32,2023-06-03T11:52:32,2023-06-04T11:52:32,2023-06-05T11:52:32,2023-06-06T11:52:32,2023-06-07T11:52:32,2023-06-08T11:52:32

>ISTAT,EDNA-SA,3.01,3.09,0,IDLE,NA/0/NA

>CSET,0,20,2,0,20000,0

>CSTAT,3,1/0/0,1/0/0,1/0/0,1/0/0,1/0/0,1/0/0,1/0/0,1/0/0,1/0/0,3964000,370000,200000,1083000,200000

>RUN,SCRIPT,prime_allf.txt,ACK
Started Run Task
Opened Eng and data files
Created Pressure Monitor Task
Created Script Task

>0,0.00000,-0.44271,30000,0,0.000000,NA
1,0.00000,-0.41667,30000,0,0.000000,NA
2,0.00000,-0.41667,30000,0,0.000000,NA
Parsing script: prime_allf.txt
#eDNA Sampler MILLI-Q PRIME OF FILTER PATHS, V3, FP-0003-02
SPEED,10000
VALVE_SET,2
PAUSE,2
3,0.00000,0.00000,30000,0,0.000000,NA
4,0.00000,0.00000,30000,0,0.000000,NA
HOME
VALVE_SET,0
PAUSE,2
5,0.00000,0.00000,30000,0,0.000000,NA
6,0.00000,0.00000,30000,0,0.000000,NA
PROTOCOL,PRIME,START,0
######################### MILLI-Q (PULL) ######################################
#MQ FLUSH OF FILTER 1, 3 ML, [21,14,16], [2]
PUMPC,MQ,3000,1,21/14/16,2
Setting PWM frequency to 5333.333496
ARRVal = 375
7,0.00000,-1.71875,28542,1,0.000000,PRIME
8,0.00000,-2.55208,26988,1,0.000000,PRIME
9,0.00000,-3.02083,25435,1,0.000000,PRIME
10,0.00000,-3.90625,23882,1,0.000000,PRIME
11,0.00000,-4.55729,22328,1,0.000000,PRIME
12,0.00000,-5.10417,20775,1,0.000000,PRIME
13,0.00000,-5.52083,19222,1,0.000000,PRIME
14,0.00000,-5.72917,18000,1,0.000000,PRIME
15,0.00000,-5.07813,18000,1,0.000000,PRIME
16,0.00000,-4.45312,18000,1,0.000000,PRIME
17,0.00000,-3.82812,18000,1,0.000000,PRIME
18,0.00000,-3.28125,18000,1,0.000000,PRIME
19,0.00000,-2.76042,18000,1,0.000000,PRIME
20,0.00000,-2.29167,18000,1,0.000000,PRIME
Setting PWM frequency to 5333.333496
ARRVal = 375
21,0.00000,-1.09375,18426,1,0.000000,PRIME
22,0.00000,0.65104,19979,1,0.000000,PRIME
23,0.00000,0.72917,21533,1,0.000000,PRIME
24,0.00000,0.78125,23086,1,0.000000,PRIME
25,0.00000,0.78125,24640,1,0.000000,PRIME
26,0.00000,0.78125,26193,1,0.000000,PRIME
27,0.00000,0.78125,27748,1,0.000000,PRIME
28,0.00000,0.78125,29302,1,0.000000,PRIME
29,0.00000,0.05208,29987,0,0.000000,PRIME
#MQ FLUSH OF FILTER 2, 3 ML, [21,25,5], [2]
PUMPC,MQ,3000,1,21/25/5,2
Setting PWM frequency to 5333.333496
ARRVal = 375
30,0.00000,-0.80729,29160,1,0.000000,PRIME
31,0.00000,-1.87500,27606,1,0.000000,PRIME
32,0.00000,-2.50000,26053,1,0.000000,PRIME
33,0.00000,-2.94271,24500,1,0.000000,PRIME
34,0.00000,-3.43750,22947,1,0.000000,PRIME
35,0.00000,-4.03646,21394,1,0.000000,PRIME
36,0.00000,-4.55729,19841,1,0.000000,PRIME
37,0.00000,-4.86979,18280,1,0.000000,PRIME
38,0.00000,-4.63542,17998,1,0.000000,PRIME
39,0.00000,-4.21875,17998,1,0.000000,PRIME
40,0.00000,-3.77604,17998,1,0.000000,PRIME
41,0.00000,-3.38542,17998,1,0.000000,PRIME
42,0.00000,-2.99479,17998,1,0.000000,PRIME
43,0.00000,-2.60417,17998,1,0.000000,PRIME
44,0.00000,-2.21354,17998,1,0.000000,PRIME
Setting PWM frequency to 5333.333496
ARRVal = 375
45,0.00000,-0.70312,18732,1,0.000000,PRIME
46,0.00000,0.54688,20285,1,0.000000,PRIME
47,0.00000,0.72917,21841,1,0.000000,PRIME
48,0.00000,0.80729,23394,1,0.000000,PRIME
49,0.00000,0.80729,24947,1,0.000000,PRIME
50,0.00000,0.83333,26500,1,0.000000,PRIME
51,0.00000,0.83333,28054,1,0.000000,PRIME
52,0.00000,0.83333,29607,1,0.000000,PRIME
53,0.00000,0.15625,30000,0,0.000000,PRIME
#MQ FLUSH OF FILTER 3, 3 ML, [21,12,18], [2]
PUMPC,MQ,3000,1,21/12/18,2
Setting PWM frequency to 5333.333496
ARRVal = 375
54,0.00000,-0.72917,28867,1,0.000000,PRIME
55,0.00000,-1.58854,27314,1,0.000000,PRIME
56,0.00000,-2.18750,25761,1,0.000000,PRIME
57,0.00000,-2.47396,24199,1,0.000000,PRIME
58,0.00000,-2.99479,22646,1,0.000000,PRIME
59,0.00000,-3.48958,21093,1,0.000000,PRIME
60,0.00000,-4.03646,19540,1,0.000000,PRIME
61,0.00000,-4.40104,17998,1,0.000000,PRIME
62,0.00000,-4.06250,17998,1,0.000000,PRIME
63,0.00000,-3.77604,17998,1,0.000000,PRIME
64,0.00000,-3.48958,17998,1,0.000000,PRIME
65,0.00000,-3.20312,17998,1,0.000000,PRIME
66,0.00000,-2.91667,17998,1,0.000000,PRIME
67,0.00000,-2.63021,17998,1,0.000000,PRIME
68,0.00000,-2.36979,17998,1,0.000000,PRIME
Setting PWM frequency to 5333.333496
ARRVal = 375
69,0.00000,-1.92708,18270,1,0.000000,PRIME
70,-0.00938,0.10417,19823,1,0.000000,PRIME
71,0.00000,0.59896,21376,1,0.000000,PRIME
72,0.00000,0.70312,22929,1,0.000000,PRIME
73,0.00000,0.78125,24482,1,0.000000,PRIME
74,0.00000,0.80729,26035,1,0.000000,PRIME
75,0.00000,0.80729,27589,1,0.000000,PRIME
76,-0.00938,0.83333,29142,1,0.000000,PRIME
77,0.00000,0.46875,30000,0,0.000000,PRIME
#MQ FLUSH OF FILTER 4, 3 ML, [21,24,6], [2]
PUMPC,MQ,3000,1,21/24/6,2
Setting PWM frequency to 5333.333496
ARRVal = 375
78,0.00000,-0.23438,29332,1,0.000000,PRIME
79,0.00000,-1.09375,27779,1,0.000000,PRIME
80,0.00000,-1.71875,26226,1,0.000000,PRIME
81,0.00000,-2.16146,24673,1,0.000000,PRIME
82,0.00000,-2.50000,23119,1,0.000000,PRIME
83,0.00000,-2.96875,21566,1,0.000000,PRIME
84,0.00000,-3.43750,20013,1,0.000000,PRIME
85,0.00000,-3.80208,18459,1,0.000000,PRIME
86,0.00000,-3.80208,17998,1,0.000000,PRIME
87,0.00000,-3.56771,17998,1,0.000000,PRIME
88,0.00000,-3.35938,17998,1,0.000000,PRIME
89,0.00000,-3.09896,17998,1,0.000000,PRIME
90,0.00000,-2.83854,17998,1,0.000000,PRIME
91,0.00000,-2.68229,17998,1,0.000000,PRIME
92,0.00000,-2.50000,17998,1,0.000000,PRIME
93,0.00000,-2.29167,17998,1,0.000000,PRIME
Setting PWM frequency to 5333.333496
ARRVal = 375
94,-0.00938,-0.93750,19040,1,0.000000,PRIME
95,0.00000,0.31250,20593,1,0.000000,PRIME
96,0.00000,0.65104,22147,1,0.000000,PRIME
97,0.00000,0.57292,23703,1,0.000000,PRIME
98,0.00000,0.78125,25256,1,0.000000,PRIME
99,0.00000,0.93750,26809,1,0.000000,PRIME
100,-0.00938,0.96354,28365,1,0.000000,PRIME
101,0.00000,1.01562,29918,0,0.000000,PRIME
102,0.00000,-0.02604,30000,0,0.000000,PRIME
#MQ FLUSH OF FILTER 5, 3 ML, [21,11,19], [2]
PUMPC,MQ,3000,1,21/11/19,2
Setting PWM frequency to 5333.333496
ARRVal = 375
103,0.00000,-0.83333,28540,1,0.000000,PRIME
104,0.00000,-1.45833,26987,1,0.000000,PRIME
105,0.00000,-1.84896,25434,1,0.000000,PRIME
106,0.00000,-2.13542,23881,1,0.000000,PRIME
107,0.00000,-2.50000,22320,1,0.000000,PRIME
108,0.00000,-2.86458,20766,1,0.000000,PRIME
109,0.00000,-3.22917,19213,1,0.000000,PRIME
110,0.00000,-3.41146,17998,1,0.000000,PRIME
111,0.00000,-3.12500,17998,1,0.000000,PRIME
112,0.00000,-2.76042,17998,1,0.000000,PRIME
113,0.00000,-2.42188,17998,1,0.000000,PRIME
114,0.00000,-2.23958,17998,1,0.000000,PRIME
Setting PWM frequency to 5333.333496
ARRVal = 375
115,0.00000,-0.26042,19503,1,0.000000,PRIME
116,0.00000,0.59896,21056,1,0.000000,PRIME
117,0.00000,0.70312,22612,1,0.000000,PRIME
118,0.00000,0.85938,24165,1,0.000000,PRIME
119,0.00000,1.04167,25718,1,0.000000,PRIME
120,-0.00938,1.14583,27271,1,0.000000,PRIME
121,-0.00938,0.31250,28824,1,0.000000,PRIME
122,0.00000,0.31250,30000,0,0.000000,PRIME
#MQ FLUSH OF FILTER 6, 3 ML, [21,23,7], [2]
PUMPC,MQ,3000,1,21/23/7,2
Setting PWM frequency to 5333.333496
ARRVal = 375
123,-0.00938,0.05208,29634,1,0.000000,PRIME
124,-0.00938,-0.93750,28081,1,0.000000,PRIME
125,0.00000,-1.51042,26528,1,0.000000,PRIME
126,-0.00938,-1.84896,24975,1,0.000000,PRIME
127,-0.00938,-2.21354,23413,1,0.000000,PRIME
128,0.00000,-2.78646,21860,1,0.000000,PRIME
129,-0.00938,-3.20312,20307,1,0.000000,PRIME
130,0.00000,-3.59375,18754,1,0.000000,PRIME
131,-0.00938,-3.69792,17998,1,0.000000,PRIME
132,0.00000,-3.46354,17998,1,0.000000,PRIME
133,-0.00938,-3.22917,17998,1,0.000000,PRIME
134,-0.00938,-3.09896,17998,1,0.000000,PRIME
135,0.00000,-2.91667,17998,1,0.000000,PRIME
136,-0.00938,-2.76042,17998,1,0.000000,PRIME
137,-0.00938,-2.57813,17998,1,0.000000,PRIME
138,0.00000,-2.39583,17998,1,0.000000,PRIME
Setting PWM frequency to 5333.333496
ARRVal = 375
139,0.00000,-2.23958,18115,1,0.000000,PRIME
140,0.00000,0.02604,19669,1,0.000000,PRIME
141,0.00000,0.52083,21222,1,0.000000,PRIME
142,-0.00938,0.52083,22775,1,0.000000,PRIME
143,0.00000,0.78125,24328,1,0.000000,PRIME
144,-0.00938,0.96354,25881,1,0.000000,PRIME
145,-0.00938,0.93750,27435,1,0.000000,PRIME
146,-0.00938,0.31250,28988,1,0.000000,PRIME
147,0.00000,0.44271,30000,0,0.000000,PRIME
#MQ FLUSH OF FILTER 7, 3 ML, [21,10,1], [2]
PUMPC,MQ,3000,1,21/10/1,2
Setting PWM frequency to 5333.333496
ARRVal = 375
148,0.00000,0.07812,29485,1,0.000000,PRIME
149,-0.00938,-0.85938,27932,1,0.000000,PRIME
150,0.00000,-1.40625,26379,1,0.000000,PRIME
151,-0.00938,-1.77083,24826,1,0.000000,PRIME
152,-0.00938,-2.13542,23273,1,0.000000,PRIME
153,-0.00938,-2.44792,21720,1,0.000000,PRIME
154,-0.00938,-2.94271,20166,1,0.000000,PRIME
155,0.00000,-3.41146,18613,1,0.000000,PRIME
156,0.00000,-3.41146,17998,1,0.000000,PRIME
157,0.00000,-3.17708,17998,1,0.000000,PRIME
158,-0.00938,-2.99479,17998,1,0.000000,PRIME
159,-0.00938,-2.83854,17998,1,0.000000,PRIME
160,0.00000,-2.68229,17998,1,0.000000,PRIME
161,0.00000,-2.47396,17998,1,0.000000,PRIME
162,-0.00938,-2.29167,17998,1,0.000000,PRIME
Setting PWM frequency to 5333.333496
ARRVal = 375
163,-0.00938,-0.39063,19040,1,0.000000,PRIME
164,0.00000,0.46875,20593,1,0.000000,PRIME
165,0.00000,0.46875,22147,1,0.000000,PRIME
166,0.00000,0.75521,23700,1,0.000000,PRIME
167,0.00000,1.01562,25256,1,0.000000,PRIME
168,-0.00938,1.06771,26810,1,0.000000,PRIME
169,0.00000,0.23438,28363,1,0.000000,PRIME
170,-0.00938,0.39063,29917,0,0.000000,PRIME
171,0.00000,0.02604,30000,0,0.000000,PRIME
#MQ FLUSH OF FILTER 8, 3 ML, [21,26,3], [2]
PUMPC,MQ,3000,1,21/26/3,2
Setting PWM frequency to 5333.333496
ARRVal = 375
172,0.00000,-0.83333,28541,1,0.000000,PRIME
173,-0.00938,-1.43229,26988,1,0.000000,PRIME
174,-0.00938,-1.79688,25435,1,0.000000,PRIME
175,-0.00938,-2.16146,23882,1,0.000000,PRIME
176,-0.00938,-2.57813,22329,1,0.000000,PRIME
177,-0.00938,-3.12500,20768,1,0.000000,PRIME
178,-0.00938,-3.51562,19214,1,0.000000,PRIME
179,0.00000,-3.80208,17998,1,0.000000,PRIME
180,0.00000,-3.61979,17998,1,0.000000,PRIME
181,0.00000,-3.43750,17998,1,0.000000,PRIME
182,-0.00938,-3.28125,17998,1,0.000000,PRIME
183,0.00000,-3.07292,17998,1,0.000000,PRIME
184,0.00000,-2.89063,17998,1,0.000000,PRIME
185,-0.00938,-2.70833,17998,1,0.000000,PRIME
186,0.00000,-2.50000,17998,1,0.000000,PRIME
187,0.00000,-2.34375,17998,1,0.000000,PRIME
Setting PWM frequency to 5333.333496
ARRVal = 375
188,0.00000,-0.57292,18577,1,0.000000,PRIME
189,-0.00938,0.26042,20130,1,0.000000,PRIME
190,0.00000,0.54688,21684,1,0.000000,PRIME
191,0.00000,0.59896,23239,1,0.000000,PRIME
192,-0.00938,0.85938,24792,1,0.000000,PRIME
193,0.00000,0.96354,26345,1,0.000000,PRIME
194,-0.00938,0.31250,27898,1,0.000000,PRIME
195,-0.00938,0.70312,29452,1,0.000000,PRIME
196,0.00000,-0.02604,30000,0,0.000000,PRIME
#MQ FLUSH OF FILTER 9, 3 ML, [21,13,17], [2]
PUMPC,MQ,3000,1,21/13/17,2
Setting PWM frequency to 5333.333496
ARRVal = 375
197,0.00000,-0.57292,29015,1,0.000000,PRIME
198,0.00000,-1.35417,27462,1,0.000000,PRIME
199,0.00000,-2.05729,25908,1,0.000000,PRIME
200,0.00000,-2.60417,24356,1,0.000000,PRIME
201,0.00000,-2.99479,22803,1,0.000000,PRIME
202,0.00000,-3.41146,21248,1,0.000000,PRIME
203,0.00000,-3.61979,19694,1,0.000000,PRIME
204,0.00000,-3.95833,18141,1,0.000000,PRIME
205,0.00000,-3.88021,17998,1,0.000000,PRIME
206,0.00000,-3.67188,17998,1,0.000000,PRIME
207,0.00000,-3.43750,17998,1,0.000000,PRIME
208,0.00000,-3.22917,17998,1,0.000000,PRIME
209,0.00000,-2.96875,17998,1,0.000000,PRIME
210,0.00000,-2.76042,17998,1,0.000000,PRIME
211,0.00000,-2.57813,17998,1,0.000000,PRIME
212,0.00000,-2.42188,17998,1,0.000000,PRIME
Setting PWM frequency to 5333.333496
ARRVal = 375
213,0.00000,-1.14583,18269,1,0.000000,PRIME
214,-0.00938,0.15625,19824,1,0.000000,PRIME
215,0.00000,0.28646,21377,1,0.000000,PRIME
216,0.00000,0.44271,22930,1,0.000000,PRIME
217,-0.00938,0.72917,24486,1,0.000000,PRIME
218,-0.00938,0.93750,26039,1,0.000000,PRIME
219,0.00000,0.31250,27592,1,0.000000,PRIME
220,0.00000,0.33854,29145,1,0.000000,PRIME
221,0.00000,0.15625,30000,0,0.000000,PRIME
######################### MILLI-Q (PUSH) ######################################
#MQ FLUSH OF FILTER 1, 3 ML, [21,20], [22,14,16]
PUMPC,MQ,3000,1,21/20,22/14/16
Setting PWM frequency to 5333.333496
ARRVal = 375
222,0.00000,-0.41667,29327,1,0.000000,PRIME
223,0.00000,-1.22396,27774,1,0.000000,PRIME
224,0.00000,-1.64062,26221,1,0.000000,PRIME
225,0.00000,-1.82292,24667,1,0.000000,PRIME
226,0.00000,-1.97917,23113,1,0.000000,PRIME
227,0.00000,-2.10938,21552,1,0.000000,PRIME
228,0.00000,-2.23958,19998,1,0.000000,PRIME
229,0.00000,-2.29167,18445,1,0.000000,PRIME
230,0.00000,-1.82292,17998,1,0.000000,PRIME
Setting PWM frequency to 5333.333496
ARRVal = 375
231,0.00000,-0.75521,19092,1,0.000000,PRIME
232,0.00000,0.36458,20646,1,0.000000,PRIME
233,0.00000,1.35417,22199,1,0.000000,PRIME
234,0.00000,2.47396,23752,1,0.000000,PRIME
235,0.00000,3.48958,25305,1,0.000000,PRIME
236,0.00000,4.34896,26858,1,0.000000,PRIME
237,0.00000,4.97396,28414,1,0.000000,PRIME
238,0.00000,5.49479,29967,0,0.000000,PRIME
239,0.00000,4.19271,30001,0,0.000000,PRIME
240,0.00000,3.12500,30001,0,0.000000,PRIME
241,0.00000,2.34375,30001,0,0.000000,PRIME
242,0.00000,1.79688,30001,0,0.000000,PRIME
243,0.00000,1.45833,30001,0,0.000000,PRIME
#MQ FLUSH OF FILTER 2, 3 ML, [21,20], [22,25,5]
PUMPC,MQ,3000,1,21/20,22/25/5
Setting PWM frequency to 5333.333496
ARRVal = 375
244,0.00000,0.23438,29434,1,0.000000,PRIME
245,0.00000,-1.25000,27880,1,0.000000,PRIME
246,0.00000,-1.69271,26327,1,0.000000,PRIME
247,0.00000,-1.97917,24766,1,0.000000,PRIME
248,0.00000,-2.13542,23211,1,0.000000,PRIME
249,0.00000,-2.23958,21658,1,0.000000,PRIME
250,0.00000,-2.29167,20105,1,0.000000,PRIME
251,0.00000,-2.34375,18552,1,0.000000,PRIME
252,0.00000,-1.66667,17998,1,0.000000,PRIME
Setting PWM frequency to 5333.333496
ARRVal = 375
253,0.00000,0.00000,18984,1,0.000000,PRIME
254,0.00000,1.43229,20538,1,0.000000,PRIME
255,0.00000,3.12500,22091,1,0.000000,PRIME
256,0.00000,4.53125,23644,1,0.000000,PRIME
257,0.00000,5.54688,25200,1,0.000000,PRIME
258,0.00000,6.25000,26753,1,0.000000,PRIME
259,0.00000,6.66667,28306,1,0.000000,PRIME
260,0.00000,7.26562,29861,1,0.000000,PRIME
261,0.00000,5.36458,29979,0,0.000000,PRIME
262,0.00000,4.97396,29979,0,0.000000,PRIME
263,0.00000,4.92188,29979,0,0.000000,PRIME
264,0.00000,4.92188,29979,0,0.000000,PRIME
265,0.00000,4.92188,29979,0,0.000000,PRIME
266,0.00000,4.92188,29979,0,0.000000,PRIME
267,0.00000,4.92188,29979,0,0.000000,PRIME
268,0.00000,4.92188,29979,0,0.000000,PRIME
269,0.00000,4.92188,29979,0,0.000000,PRIME
270,0.00000,4.92188,29979,0,0.000000,PRIME
271,0.00000,4.92188,29979,0,0.000000,PRIME
272,0.00000,4.92188,29979,0,0.000000,PRIME
273,0.00000,4.92188,29979,0,0.000000,PRIME
274,0.00000,4.92188,29979,0,0.000000,PRIME
275,0.00000,4.92188,29979,0,0.000000,PRIME
276,0.00000,4.89583,29979,0,0.000000,PRIME
277,0.00000,4.89583,29979,0,0.000000,PRIME
278,0.00000,4.92188,29979,0,0.000000,PRIME
279,0.00000,4.89583,29979,0,0.000000,PRIME
280,0.00000,4.89583,29979,0,0.000000,PRIME
WARN: Stable pressure timeout occurred
281,0.00000,4.92188,29979,0,0.000000,PRIME
#MQ FLUSH OF FILTER 3, 3 ML, [21,20], [22,12,18]
PUMPC,MQ,3000,1,21/20,22/12/18
Setting PWM frequency to 5333.333496
ARRVal = 375
282,0.00000,-1.04167,28587,1,0.000000,PRIME
283,0.00000,-1.90104,27032,1,0.000000,PRIME
284,0.00000,-2.16146,25479,1,0.000000,PRIME
285,0.00000,-2.29167,23926,1,0.000000,PRIME
286,0.00000,-2.36979,22373,1,0.000000,PRIME
287,0.00000,-2.39583,20812,1,0.000000,PRIME
288,0.00000,-2.42188,19258,1,0.000000,PRIME
289,0.00000,-2.16146,17990,1,0.000000,PRIME
Setting PWM frequency to 5333.333496
ARRVal = 375
290,0.00000,-0.70312,18119,1,0.000000,PRIME
291,0.00000,2.34375,19672,1,0.000000,PRIME
292,0.00000,4.86979,21226,1,0.000000,PRIME
293,0.00000,6.45833,22779,1,0.000000,PRIME
294,0.00000,7.36979,24333,1,0.000000,PRIME
295,0.00000,7.83854,25886,1,0.000000,PRIME
296,0.00000,8.07292,27439,1,0.000000,PRIME
297,0.00000,8.20313,28995,1,0.000000,PRIME
298,0.00000,6.56250,30020,0,0.000000,PRIME
299,0.00000,3.20312,30020,0,0.000000,PRIME
300,0.00000,1.74479,30020,0,0.000000,PRIME
301,0.00000,1.01562,30020,0,0.000000,PRIME
#MQ FLUSH OF FILTER 4, 3 ML, [21,20], [22,24,6]
PUMPC,MQ,3000,1,21/20,22/24/6
Setting PWM frequency to 5333.333496
ARRVal = 375
302,0.00000,-1.40625,28663,1,0.000000,PRIME
303,0.00000,-1.97917,27109,1,0.000000,PRIME
304,0.00000,-2.21354,25556,1,0.000000,PRIME
305,0.00000,-2.34375,24003,1,0.000000,PRIME
306,0.00000,-2.39583,22449,1,0.000000,PRIME
307,0.00000,-2.44792,20887,1,0.000000,PRIME
308,0.00000,-2.44792,19334,1,0.000000,PRIME
309,0.00000,-2.29167,17998,1,0.000000,PRIME
Setting PWM frequency to 5333.333496
ARRVal = 375
310,0.00000,-0.75521,18115,1,0.000000,PRIME
311,0.00000,2.08333,19668,1,0.000000,PRIME
312,0.00000,4.60938,21222,1,0.000000,PRIME
313,0.00000,6.25000,22775,1,0.000000,PRIME
314,0.00000,7.10938,24328,1,0.000000,PRIME
315,0.00000,7.55208,25881,1,0.000000,PRIME
316,0.00000,7.78646,27434,1,0.000000,PRIME
317,0.00000,7.91667,28991,1,0.000000,PRIME
318,0.00000,6.30208,30002,0,0.000000,PRIME
319,0.00000,3.07292,30002,0,0.000000,PRIME
320,0.00000,1.66667,30002,0,0.000000,PRIME
321,0.00000,0.96354,30002,0,0.000000,PRIME
#MQ FLUSH OF FILTER 5, 3 ML, [21,20], [22,11,19]
PUMPC,MQ,3000,1,21/20,22/11/19
Setting PWM frequency to 5333.333496
ARRVal = 375
322,0.00000,-1.48438,28507,1,0.000000,PRIME
323,0.00000,-2.03125,26954,1,0.000000,PRIME
324,0.00000,-2.23958,25401,1,0.000000,PRIME
325,0.00000,-2.36979,23848,1,0.000000,PRIME
326,0.00000,-2.44792,22294,1,0.000000,PRIME
327,0.00000,-2.47396,20731,1,0.000000,PRIME
328,0.00000,-2.50000,19178,1,0.000000,PRIME
329,0.00000,-2.10938,17999,1,0.000000,PRIME
Setting PWM frequency to 5333.333496
ARRVal = 375
330,0.00000,-0.39063,18283,1,0.000000,PRIME
331,0.00000,2.13542,19837,1,0.000000,PRIME
332,0.00000,3.95833,21390,1,0.000000,PRIME
333,0.00000,5.00000,22943,1,0.000000,PRIME
334,0.00000,5.62500,24496,1,0.000000,PRIME
335,0.00000,6.04167,26049,1,0.000000,PRIME
336,0.00000,6.25000,27602,1,0.000000,PRIME
337,0.00000,6.40625,29158,1,0.000000,PRIME
338,0.00000,4.58333,29999,0,0.000000,PRIME
339,0.00000,1.97917,29999,0,0.000000,PRIME
340,0.00000,0.85938,29999,0,0.000000,PRIME
#MQ FLUSH OF FILTER 6, 3 ML, [21,20], [22,23,7]
PUMPC,MQ,3000,1,21/20,22/23/7
Setting PWM frequency to 5333.333496
ARRVal = 375
341,0.00000,-1.32813,28816,1,0.000000,PRIME
342,0.00000,-1.95312,27263,1,0.000000,PRIME
343,0.00000,-2.21354,25710,1,0.000000,PRIME
344,0.00000,-2.34375,24156,1,0.000000,PRIME
345,0.00000,-2.42188,22603,1,0.000000,PRIME
346,0.00000,-2.50000,21050,1,0.000000,PRIME
347,0.00000,-2.52604,19470,1,0.000000,PRIME
348,0.00000,-2.55208,17998,1,0.000000,PRIME
349,0.00000,-0.88542,17998,1,0.000000,PRIME
Setting PWM frequency to 5333.333496
ARRVal = 375
350,0.00000,1.84896,19502,1,0.000000,PRIME
351,0.00000,4.60938,21055,1,0.000000,PRIME
352,0.00000,6.45833,22609,1,0.000000,PRIME
353,0.00000,7.55208,24163,1,0.000000,PRIME
354,0.00000,8.15104,25716,1,0.000000,PRIME
355,0.00000,8.48958,27269,1,0.000000,PRIME
356,0.00000,8.64583,28822,1,0.000000,PRIME
357,0.00000,7.63021,30002,0,0.000000,PRIME
358,0.00000,3.75000,30002,0,0.000000,PRIME
359,0.00000,2.08333,30002,0,0.000000,PRIME
360,0.00000,1.25000,30002,0,0.000000,PRIME
#MQ FLUSH OF FILTER 7, 3 ML, [21,20], [22,10,1]
PUMPC,MQ,3000,1,21/20,22/10/1
Setting PWM frequency to 5333.333496
ARRVal = 375
361,0.00000,-0.72917,29278,1,0.000000,PRIME
362,0.00000,-1.82292,27725,1,0.000000,PRIME
363,0.00000,-2.16146,26171,1,0.000000,PRIME
364,0.00000,-2.31771,24617,1,0.000000,PRIME
365,0.00000,-2.39583,23064,1,0.000000,PRIME
366,0.00000,-2.47396,21511,1,0.000000,PRIME
367,0.00000,-2.50000,19950,1,0.000000,PRIME
368,0.00000,-2.52604,18396,1,0.000000,PRIME
369,0.00000,-1.25000,17999,1,0.000000,PRIME
Setting PWM frequency to 5333.333496
ARRVal = 375
370,0.00000,1.06771,19053,1,0.000000,PRIME
371,0.00000,3.67188,20606,1,0.000000,PRIME
372,0.00000,5.54688,22160,1,0.000000,PRIME
373,0.00000,6.66667,23713,1,0.000000,PRIME
374,0.00000,7.31771,25267,1,0.000000,PRIME
375,0.00000,7.65625,26821,1,0.000000,PRIME
376,0.00000,7.94271,28374,1,0.000000,PRIME
377,0.00000,8.12500,29930,0,0.000000,PRIME
378,0.00000,4.24479,29998,0,0.000000,PRIME
379,0.00000,2.36979,29998,0,0.000000,PRIME
380,0.00000,1.40625,29998,0,0.000000,PRIME
#MQ FLUSH OF FILTER 8, 3 ML, [21,20], [22,26,3]
PUMPC,MQ,3000,1,21/20,22/26/3
Setting PWM frequency to 5333.333496
ARRVal = 375
381,0.00000,-0.13021,29588,1,0.000000,PRIME
382,0.00000,-1.71875,28034,1,0.000000,PRIME
383,0.00000,-2.13542,26481,1,0.000000,PRIME
384,0.00000,-2.34375,24928,1,0.000000,PRIME
385,0.00000,-2.42188,23375,1,0.000000,PRIME
386,0.00000,-2.47396,21822,1,0.000000,PRIME
387,0.00000,-2.50000,20258,1,0.000000,PRIME
388,0.00000,-2.52604,18705,1,0.000000,PRIME
389,0.00000,-1.53646,17998,1,0.000000,PRIME
Setting PWM frequency to 5333.333496
ARRVal = 375
390,0.00000,0.54688,18731,1,0.000000,PRIME
391,0.00000,3.35938,20284,1,0.000000,PRIME
392,0.00000,5.46875,21837,1,0.000000,PRIME
393,0.00000,6.84896,23390,1,0.000000,PRIME
394,0.00000,7.52604,24943,1,0.000000,PRIME
395,0.00000,7.89062,26496,1,0.000000,PRIME
396,0.00000,8.07292,28049,1,0.000000,PRIME
397,0.00000,8.15104,29606,1,0.000000,PRIME
398,0.00000,4.71354,30000,0,0.000000,PRIME
399,0.00000,2.36979,30000,0,0.000000,PRIME
400,0.00000,1.30208,30000,0,0.000000,PRIME
#MQ FLUSH OF FILTER 9, 3 ML, [21,20], [22,13,17]
PUMPC,MQ,3000,1,21/20,22/13/17
Setting PWM frequency to 5333.333496
ARRVal = 375
401,0.00000,-0.54688,29434,1,0.000000,PRIME
402,0.00000,-1.77083,27881,1,0.000000,PRIME
403,0.00000,-2.13542,26327,1,0.000000,PRIME
404,0.00000,-2.31771,24774,1,0.000000,PRIME
405,0.00000,-2.39583,23221,1,0.000000,PRIME
406,0.00000,-2.44792,21667,1,0.000000,PRIME
407,0.00000,-2.47396,20106,1,0.000000,PRIME
408,0.00000,-2.52604,18553,1,0.000000,PRIME
409,0.00000,-1.35417,17998,1,0.000000,PRIME
Setting PWM frequency to 5333.333496
ARRVal = 375
410,0.00000,0.78125,18886,1,0.000000,PRIME
411,0.00000,3.56771,20439,1,0.000000,PRIME
412,0.00000,5.57292,21991,1,0.000000,PRIME
413,0.00000,6.90104,23544,1,0.000000,PRIME
414,0.00000,7.57812,25097,1,0.000000,PRIME
415,0.00000,7.94271,26651,1,0.000000,PRIME
416,0.00000,8.15104,28204,1,0.000000,PRIME
417,0.00000,8.25521,29759,1,0.000000,PRIME
418,0.00000,4.50521,30000,0,0.000000,PRIME
419,0.00000,2.34375,30000,0,0.000000,PRIME
420,0.00000,1.32813,30000,0,0.000000,PRIME
PROTOCOL,PRIME,STOP,0
PAUSE,2
421,0.00000,0.75521,30000,0,0.000000,NA
422,0.00000,0.46875,30000,0,0.000000,NA
VALVE_SET,0
423,0.00000,0.31250,30000,0,0.000000,NA
RUN,FIN
	
