CCLK,2023-09-15T10:50:54

>CTRIG,1,7,0,2023-05-31T11:52:32,2023-06-01T11:52:32,2023-06-02T11:52:32,2023-06-03T11:52:32,2023-06-04T11:52:32,2023-06-05T11:52:32,2023-06-06T11:52:32,2023-06-07T11:52:32,2023-06-08T11:52:32

>ISTAT,EDNA-SA,3.01,3.09,0,IDLE,NA/0/NA

>CSET,14,20,2,0,20000,0

>CSTAT,4,3/30000/3,5/102000/5,5/125000/2,5/125000/2,1/0/0,1/0/0,1/0/0,1/0/0,1/0/0,3546000,340000,188000,951000,188000

>ISTAT,EDNA-SA,3.01,3.09,0,IDLE,NA/0/NA

>ISTAT,EDNA-SA,3.01,3.09,0,IDLE,NA/0/NA

>RUN,PROTOCOL,SAMPLE_5,ACK
Started Run Task
Opened Eng and data files
Created Pressure Monitor Task
Created Script Task

>0,0.00000,0.31250,30000,0,0.000000,NA
1,0.00000,0.20833,30000,0,0.000000,NA
2,0.00000,0.18229,30000,0,0.000000,NA
Parsing script: mq_clean.txt
#eDNA Sampler Flush Tree, V3, FP-0003-02
SPEED,10000
PROTOCOL,FLUSH,START,0
VALVE_SET,2
PAUSE,2
3,0.00000,1.25000,30000,0,0.000000,FLUSH
4,0.00000,1.25000,30000,0,0.000000,FLUSH
HOME
VALVE_SET,0
PAUSE,2
5,0.00000,1.27604,30000,0,0.000000,FLUSH
6,0.00000,1.27604,30000,0,0.000000,FLUSH
#MILLI-Q FLUSH OF TREE OUT INLET, 6 mL, [21,20], [2]
PUMPC,MQ,3000,2,21/20,2
Setting PWM frequency to 5333.333496
ARRVal = 375
7,0.00000,-0.65104,28544,1,0.000000,FLUSH
8,0.00000,-1.09375,26991,1,0.000000,FLUSH
9,0.00000,-1.27604,25438,1,0.000000,FLUSH
10,0.00000,-1.25000,23885,1,0.000000,FLUSH
11,0.00000,-1.43229,22331,1,0.000000,FLUSH
12,0.00000,-1.53646,20777,1,0.000000,FLUSH
13,0.00000,-1.56250,19224,1,0.000000,FLUSH
14,0.00000,-1.43229,18000,1,0.000000,FLUSH
Setting PWM frequency to 5333.333496
ARRVal = 375
15,0.00000,0.20833,18325,1,0.000000,FLUSH
16,0.00000,2.00521,19878,1,0.000000,FLUSH
17,0.00000,2.21354,21431,1,0.000000,FLUSH
18,0.00000,2.21354,22985,1,0.000000,FLUSH
19,0.00000,2.21354,24539,1,0.000000,FLUSH
20,0.00000,2.21354,26092,1,0.000000,FLUSH
21,0.00000,2.21354,27645,1,0.000000,FLUSH
22,0.00000,2.23958,29198,1,0.000000,FLUSH
23,0.00000,1.56250,29919,0,0.000000,FLUSH
Setting PWM frequency to 5333.333496
ARRVal = 375
24,0.00000,0.10417,29261,1,0.000000,FLUSH
25,0.00000,-0.88542,27706,1,0.000000,FLUSH
26,0.00000,-1.25000,26152,1,0.000000,FLUSH
27,0.00000,-1.43229,24599,1,0.000000,FLUSH
28,0.00000,-1.53646,23046,1,0.000000,FLUSH
29,0.00000,-1.58854,21492,1,0.000000,FLUSH
30,0.00000,-1.64062,19939,1,0.000000,FLUSH
31,0.00000,-1.66667,18386,1,0.000000,FLUSH
32,0.00000,-0.80729,18000,1,0.000000,FLUSH
Setting PWM frequency to 5333.333496
ARRVal = 375
33,0.00000,1.77083,19156,1,0.000000,FLUSH
34,0.00000,2.10938,20710,1,0.000000,FLUSH
35,0.00000,2.13542,22267,1,0.000000,FLUSH
36,0.00000,2.18750,23823,1,0.000000,FLUSH
37,0.00000,2.18750,25376,1,0.000000,FLUSH
38,0.00000,2.18750,26929,1,0.000000,FLUSH
39,0.00000,2.18750,28483,1,0.000000,FLUSH
40,0.00000,2.21354,30011,0,0.000000,FLUSH
41,0.00000,1.45833,30011,0,0.000000,FLUSH
PROTOCOL,FLUSH,STOP,0
PAUSE,2
42,0.00000,1.43229,30011,0,0.000000,NA
43,0.00000,1.45833,30011,0,0.000000,NA
VALVE_SET,0
Parsing script: sam_flush.txt
#eDNA Sampler Inlet Sample Water Flush, V3, FP-0003-02
SPEED,10000
PROTOCOL,FLUSH,START,0
VALVE_SET,2
PAUSE,2
44,0.00000,1.45833,30011,0,0.000000,FLUSH
45,0.00000,1.43229,30011,0,0.000000,FLUSH
HOME
VALVE_SET,0
PAUSE,2
46,0.00000,1.45833,30011,0,0.000000,FLUSH
47,0.00000,1.43229,30011,0,0.000000,FLUSH
#OUTLET SEAWATER FLUSH, 3 mL, [2], [20/22]
PUMPC,SAM,3000,1,2,20/22
Setting PWM frequency to 5333.333496
ARRVal = 375
48,0.00000,0.72917,28568,1,0.000000,FLUSH
49,0.00000,0.57292,27015,1,0.000000,FLUSH
50,0.00000,0.62500,25462,1,0.000000,FLUSH
51,0.00000,0.54688,23909,1,0.000000,FLUSH
52,0.00000,0.49479,22355,1,0.000000,FLUSH
53,0.00000,0.49479,20802,1,0.000000,FLUSH
54,0.00000,0.49479,19249,1,0.000000,FLUSH
55,0.00000,0.65104,17977,1,0.000000,FLUSH
Setting PWM frequency to 5333.333496
ARRVal = 375
56,0.00000,1.22396,18245,1,0.000000,FLUSH
57,0.00000,2.23958,19799,1,0.000000,FLUSH
58,0.00000,2.52604,21352,1,0.000000,FLUSH
59,0.00000,2.36979,22905,1,0.000000,FLUSH
60,0.00000,1.71875,24461,1,0.000000,FLUSH
61,0.00000,1.61458,26014,1,0.000000,FLUSH
62,0.00000,0.98958,27567,1,0.000000,FLUSH
63,0.00000,1.58854,29120,1,0.000000,FLUSH
64,0.00000,1.45833,29994,0,0.000000,FLUSH
#INLET SEAWATER FLUSH, 6 mL, [2], [2]
PUMPC,SAM,3000,2,2,2
Setting PWM frequency to 5333.333496
ARRVal = 375
65,0.00000,0.57292,29321,1,0.000000,FLUSH
66,0.00000,0.52083,27768,1,0.000000,FLUSH
67,0.00000,0.49479,26215,1,0.000000,FLUSH
68,0.00000,0.49479,24662,1,0.000000,FLUSH
69,0.00000,0.46875,23109,1,0.000000,FLUSH
70,0.00000,0.46875,21555,1,0.000000,FLUSH
71,0.00000,0.46875,20002,1,0.000000,FLUSH
72,0.00000,0.46875,18446,1,0.000000,FLUSH
73,0.00000,1.32813,17998,1,0.000000,FLUSH
Setting PWM frequency to 5333.333496
ARRVal = 375
74,0.00000,2.18750,19091,1,0.000000,FLUSH
75,0.00000,2.21354,20648,1,0.000000,FLUSH
76,0.00000,2.21354,22201,1,0.000000,FLUSH
77,0.00000,2.18750,23754,1,0.000000,FLUSH
78,0.00000,2.18750,25307,1,0.000000,FLUSH
79,0.00000,2.21354,26860,1,0.000000,FLUSH
80,0.00000,2.21354,28413,1,0.000000,FLUSH
81,0.00000,2.23958,29966,0,0.000000,FLUSH
82,0.00000,1.40625,30015,0,0.000000,FLUSH
Setting PWM frequency to 5333.333496
ARRVal = 375
83,0.00000,0.52083,28640,1,0.000000,FLUSH
84,0.00000,0.52083,27084,1,0.000000,FLUSH
85,0.00000,0.52083,25528,1,0.000000,FLUSH
86,0.00000,0.49479,23975,1,0.000000,FLUSH
87,0.00000,0.49479,22421,1,0.000000,FLUSH
88,0.00000,0.49479,20868,1,0.000000,FLUSH
89,0.00000,0.49479,19315,1,0.000000,FLUSH
90,0.00000,1.01562,18000,1,0.000000,FLUSH
Setting PWM frequency to 5333.333496
ARRVal = 375
91,0.00000,1.82292,18224,1,0.000000,FLUSH
92,0.00000,2.21354,19777,1,0.000000,FLUSH
93,0.00000,2.21354,21330,1,0.000000,FLUSH
94,0.00000,2.21354,22883,1,0.000000,FLUSH
95,0.00000,2.23958,24442,1,0.000000,FLUSH
96,0.00000,2.23958,25995,1,0.000000,FLUSH
97,0.00000,2.23958,27548,1,0.000000,FLUSH
98,0.00000,2.23958,29101,1,0.000000,FLUSH
99,0.00000,1.40625,29979,0,0.000000,FLUSH
PROTOCOL,FLUSH,STOP,0
PAUSE,2
100,0.00000,1.40625,29979,0,0.000000,NA
101,0.00000,1.40625,29979,0,0.000000,NA
VALVE_SET,0
Parsing script: f5_sam.txt
#eDNA Sampler Filter 5 Capture, 125 mL, V3, FP-0003-02
SPEED,DEFAULT
VALVE_SET,2
PAUSE,2
102,0.00000,1.40625,29979,0,0.000000,NA
103,0.00000,1.40625,29979,0,0.000000,NA
HOME
VALVE_SET,0
PAUSE,2
104,0.00000,1.40625,29979,0,0.000000,NA
105,0.00000,1.43229,29979,0,0.000000,NA
PROTOCOL,SAMPLE,START,5
SPEED,10000
#FILTER 5 CAPTURE, 5 TIMES, [2],[11,19,22]
PUMPC,SAM,3000,5,2,11/19/22
Setting PWM frequency to 5333.333496
ARRVal = 375
106,0.00000,0.62500,29488,1,0.000000,SAMPLE
107,0.00000,0.52083,27935,1,0.000000,SAMPLE
108,0.00000,0.52083,26363,1,0.000000,SAMPLE
109,0.00000,0.49479,24810,1,0.000000,SAMPLE
110,0.00000,0.49479,23257,1,0.000000,SAMPLE
111,0.00000,0.46875,21704,1,0.000000,SAMPLE
112,0.00000,0.49479,20150,1,0.000000,SAMPLE
113,0.00000,0.46875,18597,1,0.000000,SAMPLE
114,0.00000,1.30208,17998,1,0.000000,SAMPLE
Setting PWM frequency to 5333.333496
ARRVal = 375
115,0.00000,5.18229,18957,1,0.000000,SAMPLE
116,0.00000,8.46354,20510,1,0.000000,SAMPLE
117,0.00000,9.42708,22063,1,0.000000,SAMPLE
118,0.00000,9.63542,23616,1,0.000000,SAMPLE
119,0.00000,9.55729,25170,1,0.000000,SAMPLE
120,0.00000,9.73958,26723,1,0.000000,SAMPLE
121,0.00000,9.94792,28276,1,0.000000,SAMPLE
122,0.00000,10.07813,29829,1,0.000000,SAMPLE
123,0.00000,3.51562,30022,0,0.000000,SAMPLE
124,0.00000,1.56250,30022,0,0.000000,SAMPLE
Setting PWM frequency to 5333.333496
ARRVal = 375
125,0.00000,0.57292,29253,1,0.000000,SAMPLE
126,0.00000,0.52083,27700,1,0.000000,SAMPLE
127,0.00000,0.52083,26147,1,0.000000,SAMPLE
128,0.00000,0.49479,24594,1,0.000000,SAMPLE
129,0.00000,0.49479,23040,1,0.000000,SAMPLE
130,0.00000,0.49479,21486,1,0.000000,SAMPLE
131,0.00000,0.49479,19933,1,0.000000,SAMPLE
132,0.00000,0.49479,18380,1,0.000000,SAMPLE
133,0.00000,1.35417,17998,1,0.000000,SAMPLE
Setting PWM frequency to 5333.333496
ARRVal = 375
134,0.00000,5.18229,19159,1,0.000000,SAMPLE
135,0.00000,8.43750,20715,1,0.000000,SAMPLE
136,0.00000,9.55729,22268,1,0.000000,SAMPLE
137,0.00000,9.92188,23822,1,0.000000,SAMPLE
138,0.00000,9.92188,25375,1,0.000000,SAMPLE
139,0.00000,9.92188,26928,1,0.000000,SAMPLE
140,0.00000,10.05208,28481,1,0.000000,SAMPLE
141,0.00000,10.10417,29991,0,0.000000,SAMPLE
142,0.00000,2.99479,29991,0,0.000000,SAMPLE
143,0.00000,1.40625,29991,0,0.000000,SAMPLE
Setting PWM frequency to 5333.333496
ARRVal = 375
144,0.00000,0.57292,28956,1,0.000000,SAMPLE
145,0.00000,0.54688,27400,1,0.000000,SAMPLE
146,0.00000,0.52083,25847,1,0.000000,SAMPLE
147,0.00000,0.49479,24294,1,0.000000,SAMPLE
148,0.00000,0.49479,22741,1,0.000000,SAMPLE
149,0.00000,0.49479,21188,1,0.000000,SAMPLE
150,0.00000,0.46875,19635,1,0.000000,SAMPLE
151,0.00000,0.46875,18081,1,0.000000,SAMPLE
152,0.00000,1.32813,18000,1,0.000000,SAMPLE
Setting PWM frequency to 5333.333496
ARRVal = 375
153,0.00000,6.04167,19466,1,0.000000,SAMPLE
154,0.00000,8.56771,21019,1,0.000000,SAMPLE
155,0.00000,9.27083,22576,1,0.000000,SAMPLE
156,0.00000,9.53125,24129,1,0.000000,SAMPLE
157,0.00000,9.63542,25682,1,0.000000,SAMPLE
158,0.00000,9.73958,27235,1,0.000000,SAMPLE
159,0.00000,9.81771,28789,1,0.000000,SAMPLE
160,0.00000,7.68229,29988,0,0.000000,SAMPLE
161,0.00000,2.44792,29988,0,0.000000,SAMPLE
162,0.00000,1.27604,29988,0,0.000000,SAMPLE
Setting PWM frequency to 5333.333496
ARRVal = 375
163,0.00000,0.52083,28644,1,0.000000,SAMPLE
164,0.00000,0.49479,27089,1,0.000000,SAMPLE
165,0.00000,0.49479,25533,1,0.000000,SAMPLE
166,0.00000,0.49479,23980,1,0.000000,SAMPLE
167,0.00000,0.46875,22427,1,0.000000,SAMPLE
168,0.00000,0.46875,20874,1,0.000000,SAMPLE
169,0.00000,0.46875,19320,1,0.000000,SAMPLE
170,0.00000,0.96354,18000,1,0.000000,SAMPLE
Setting PWM frequency to 5333.333496
ARRVal = 375
171,0.00000,1.58854,18222,1,0.000000,SAMPLE
172,0.00000,6.97917,19776,1,0.000000,SAMPLE
173,0.00000,9.14062,21329,1,0.000000,SAMPLE
174,0.00000,9.68750,22882,1,0.000000,SAMPLE
175,0.00000,9.89583,24439,1,0.000000,SAMPLE
176,0.00000,9.97396,25994,1,0.000000,SAMPLE
177,0.00000,10.02604,27547,1,0.000000,SAMPLE
178,0.00000,10.05208,29100,1,0.000000,SAMPLE
179,0.00000,5.96354,30000,0,0.000000,SAMPLE
180,0.00000,2.18750,30000,0,0.000000,SAMPLE
Setting PWM frequency to 5333.333496
ARRVal = 375
181,0.00000,1.30208,29877,1,0.000000,SAMPLE
182,0.00000,0.52083,28324,1,0.000000,SAMPLE
183,0.00000,0.49479,26771,1,0.000000,SAMPLE
184,0.00000,0.46875,25218,1,0.000000,SAMPLE
185,0.00000,0.46875,23662,1,0.000000,SAMPLE
186,0.00000,0.46875,22109,1,0.000000,SAMPLE
187,0.00000,0.46875,20555,1,0.000000,SAMPLE
188,0.00000,0.46875,19002,1,0.000000,SAMPLE
189,0.00000,1.30208,18000,1,0.000000,SAMPLE
Setting PWM frequency to 5333.333496
ARRVal = 375
190,0.00000,2.86458,18541,1,0.000000,SAMPLE
191,0.00000,7.78646,20094,1,0.000000,SAMPLE
192,0.00000,9.34896,21647,1,0.000000,SAMPLE
193,0.00000,9.79167,23201,1,0.000000,SAMPLE
194,0.00000,9.92188,24754,1,0.000000,SAMPLE
195,0.00000,10.02604,26310,1,0.000000,SAMPLE
196,0.00000,10.07813,27863,1,0.000000,SAMPLE
197,0.00000,10.15625,29417,1,0.000000,SAMPLE
198,0.00000,4.63542,30000,0,0.000000,SAMPLE
199,0.00000,1.79688,30000,0,0.000000,SAMPLE
SPEED,DEFAULT
#FILTER 5 CAPTURE, 36 TIMES, [2],[11,19,22]
PUMPC,SAM,3000,36,2,11/19/22
Setting PWM frequency to 10666.666992
ARRVal = 187
200,0.00000,-0.41667,29166,1,0.000000,SAMPLE
201,0.00000,-1.14583,26060,1,0.000000,SAMPLE
202,0.00000,-1.17188,22954,1,0.000000,SAMPLE
203,0.00000,-1.19792,19847,1,0.000000,SAMPLE
204,0.00000,1.30208,17992,1,0.000000,SAMPLE
Setting PWM frequency to 10666.666992
ARRVal = 187
205,0.00000,6.32813,19249,1,0.000000,SAMPLE
206,0.00000,19.19271,22356,1,0.000000,SAMPLE
207,0.00000,21.58854,25462,1,0.000000,SAMPLE
208,0.00000,22.23959,28569,1,0.000000,SAMPLE
209,0.00000,8.75000,30073,0,0.000000,SAMPLE
210,0.00000,2.78646,30073,0,0.000000,SAMPLE
211,0.00000,1.30208,30073,0,0.000000,SAMPLE
Setting PWM frequency to 10666.666992
ARRVal = 187
212,0.00000,-1.04167,27598,1,0.000000,SAMPLE
213,0.00000,-1.17188,24492,1,0.000000,SAMPLE
214,0.00000,-1.19792,21385,1,0.000000,SAMPLE
215,0.00000,-1.22396,18274,1,0.000000,SAMPLE
216,0.00000,1.30208,17991,1,0.000000,SAMPLE
Setting PWM frequency to 10666.666992
ARRVal = 187
217,0.00000,14.94792,20812,1,0.000000,SAMPLE
218,0.00000,20.59896,23918,1,0.000000,SAMPLE
219,0.00000,21.66667,27025,1,0.000000,SAMPLE
220,0.00000,22.50000,30031,0,0.000000,SAMPLE
221,0.00000,4.58333,30031,0,0.000000,SAMPLE
222,0.00000,1.74479,30031,0,0.000000,SAMPLE
Setting PWM frequency to 10666.666992
ARRVal = 187
223,0.00000,-0.46875,29142,1,0.000000,SAMPLE
224,0.00000,-1.14583,26036,1,0.000000,SAMPLE
225,0.00000,-1.17188,22924,1,0.000000,SAMPLE
226,0.00000,-1.19792,19817,1,0.000000,SAMPLE
227,0.00000,1.32813,17991,1,0.000000,SAMPLE
Setting PWM frequency to 10666.666992
ARRVal = 187
228,0.00000,6.56250,19267,1,0.000000,SAMPLE
229,0.00000,19.16667,22374,1,0.000000,SAMPLE
230,0.00000,21.43229,25480,1,0.000000,SAMPLE
231,0.00000,21.97917,28587,1,0.000000,SAMPLE
232,0.00000,8.17708,30014,0,0.000000,SAMPLE
233,0.00000,2.52604,30014,0,0.000000,SAMPLE
234,0.00000,1.17188,30014,0,0.000000,SAMPLE
Setting PWM frequency to 10666.666992
ARRVal = 187
235,0.00000,-1.09375,27287,1,0.000000,SAMPLE
236,0.00000,-1.17188,24181,1,0.000000,SAMPLE
237,0.00000,-1.22396,21075,1,0.000000,SAMPLE
238,0.00000,-1.22396,17991,1,0.000000,SAMPLE
Setting PWM frequency to 10666.666992
ARRVal = 187
239,0.00000,1.30208,17999,1,0.000000,SAMPLE
240,0.00000,16.38021,21105,1,0.000000,SAMPLE
241,0.00000,21.32813,24211,1,0.000000,SAMPLE
242,0.00000,22.36979,27317,1,0.000000,SAMPLE
243,0.00000,19.11458,29997,0,0.000000,SAMPLE
244,0.00000,3.98438,29997,0,0.000000,SAMPLE
245,0.00000,1.58854,29997,0,0.000000,SAMPLE
Setting PWM frequency to 10666.666992
ARRVal = 187
246,0.00000,-0.83333,28530,1,0.000000,SAMPLE
247,0.00000,-1.17188,25423,1,0.000000,SAMPLE
248,0.00000,-1.19792,22317,1,0.000000,SAMPLE
249,0.00000,-1.25000,19210,1,0.000000,SAMPLE
250,0.00000,1.30208,17991,1,0.000000,SAMPLE
Setting PWM frequency to 10666.666992
ARRVal = 187
251,0.00000,10.31250,19866,1,0.000000,SAMPLE
252,0.00000,20.31250,22972,1,0.000000,SAMPLE
253,0.00000,21.92709,26079,1,0.000000,SAMPLE
254,0.00000,22.36979,29186,1,0.000000,SAMPLE
255,0.00000,6.27604,30003,0,0.000000,SAMPLE
256,0.00000,2.13542,30003,0,0.000000,SAMPLE
Setting PWM frequency to 10666.666992
ARRVal = 187
257,0.00000,1.11979,29760,1,0.000000,SAMPLE
258,0.00000,-1.14583,26654,1,0.000000,SAMPLE
259,0.00000,-1.19792,23548,1,0.000000,SAMPLE
260,0.00000,-1.22396,20442,1,0.000000,SAMPLE
261,0.00000,0.49479,17991,1,0.000000,SAMPLE
Setting PWM frequency to 10666.666992
ARRVal = 187
262,0.00000,2.89063,18631,1,0.000000,SAMPLE
263,0.00000,18.90625,21737,1,0.000000,SAMPLE
264,0.00000,22.23959,24844,1,0.000000,SAMPLE
265,0.00000,22.81250,27958,1,0.000000,SAMPLE
266,0.00000,11.87500,30000,0,0.000000,SAMPLE
267,0.00000,3.30729,29999,0,0.000000,SAMPLE
268,0.00000,1.43229,29999,0,0.000000,SAMPLE
Setting PWM frequency to 10666.666992
ARRVal = 187
269,0.00000,-0.98958,28219,1,0.000000,SAMPLE
270,0.00000,-1.17188,25113,1,0.000000,SAMPLE
271,0.00000,-1.22396,22007,1,0.000000,SAMPLE
272,0.00000,-1.25000,18900,1,0.000000,SAMPLE
273,0.00000,1.27604,17991,1,0.000000,SAMPLE
Setting PWM frequency to 10666.666992
ARRVal = 187
274,0.00000,12.21354,20172,1,0.000000,SAMPLE
275,0.00000,21.17188,23284,1,0.000000,SAMPLE
276,0.00000,22.60417,26390,1,0.000000,SAMPLE
277,0.00000,23.09896,29499,1,0.000000,SAMPLE
278,0.00000,5.75521,30000,0,0.000000,SAMPLE
279,0.00000,2.08333,30000,0,0.000000,SAMPLE
Setting PWM frequency to 10666.666992
ARRVal = 187
280,0.00000,1.09375,29761,1,0.000000,SAMPLE
281,0.00000,-1.17188,26655,1,0.000000,SAMPLE
282,0.00000,-1.19792,23549,1,0.000000,SAMPLE
283,0.00000,-1.22396,20443,1,0.000000,SAMPLE
284,0.00000,0.49479,17991,1,0.000000,SAMPLE
Setting PWM frequency to 10666.666992
ARRVal = 187
285,0.00000,2.89063,18635,1,0.000000,SAMPLE
286,0.00000,18.75000,21741,1,0.000000,SAMPLE
287,0.00000,22.18750,24847,1,0.000000,SAMPLE
288,0.00000,22.89063,27956,1,0.000000,SAMPLE
289,0.00000,12.03125,30000,0,0.000000,SAMPLE
290,0.00000,3.28125,30000,0,0.000000,SAMPLE
291,0.00000,1.40625,30000,0,0.000000,SAMPLE
Setting PWM frequency to 10666.666992
ARRVal = 187
292,0.00000,-0.98958,28219,1,0.000000,SAMPLE
293,0.00000,-1.19792,25113,1,0.000000,SAMPLE
294,0.00000,-1.22396,22007,1,0.000000,SAMPLE
295,0.00000,-1.25000,18895,1,0.000000,SAMPLE
296,0.00000,1.27604,17991,1,0.000000,SAMPLE
Setting PWM frequency to 10666.666992
ARRVal = 187
297,0.00000,12.68229,20177,1,0.000000,SAMPLE
298,0.00000,21.82292,23284,1,0.000000,SAMPLE
299,0.00000,23.12500,26393,1,0.000000,SAMPLE
300,0.00000,23.43750,29499,1,0.000000,SAMPLE
301,0.00000,5.93750,30000,0,0.000000,SAMPLE
302,0.00000,2.21354,30000,0,0.000000,SAMPLE
303,0.00000,1.14583,30000,0,0.000000,SAMPLE
Setting PWM frequency to 10666.666992
ARRVal = 187
304,0.00000,-1.14583,26985,1,0.000000,SAMPLE
305,0.00000,-1.22396,23873,1,0.000000,SAMPLE
306,0.00000,-1.25000,20767,1,0.000000,SAMPLE
307,0.00000,-1.14583,17991,1,0.000000,SAMPLE
Setting PWM frequency to 10666.666992
ARRVal = 187
308,0.00000,1.27604,18305,1,0.000000,SAMPLE
309,0.00000,18.64583,21412,1,0.000000,SAMPLE
310,0.00000,22.86458,24518,1,0.000000,SAMPLE
311,0.00000,23.59375,27628,1,0.000000,SAMPLE
312,0.00000,15.39062,29994,0,0.000000,SAMPLE
313,0.00000,3.90625,29994,0,0.000000,SAMPLE
314,0.00000,1.61458,29994,0,0.000000,SAMPLE
Setting PWM frequency to 10666.666992
ARRVal = 187
315,0.00000,-0.75521,28837,1,0.000000,SAMPLE
316,0.00000,-1.19792,25730,1,0.000000,SAMPLE
317,0.00000,-1.22396,22624,1,0.000000,SAMPLE
318,0.00000,-1.27604,19518,1,0.000000,SAMPLE
319,0.00000,1.27604,17992,1,0.000000,SAMPLE
Setting PWM frequency to 10666.666992
ARRVal = 187
320,0.00000,8.69792,19562,1,0.000000,SAMPLE
321,0.00000,21.61459,22668,1,0.000000,SAMPLE
322,0.00000,23.43750,25776,1,0.000000,SAMPLE
323,0.00000,23.80209,28883,1,0.000000,SAMPLE
324,0.00000,7.76042,30006,0,0.000000,SAMPLE
325,0.00000,2.57813,30006,0,0.000000,SAMPLE
326,0.00000,1.22396,30006,0,0.000000,SAMPLE
Setting PWM frequency to 10666.666992
ARRVal = 187
327,0.00000,-1.17188,27293,1,0.000000,SAMPLE
328,0.00000,-1.22396,24187,1,0.000000,SAMPLE
329,0.00000,-1.25000,21081,1,0.000000,SAMPLE
330,0.00000,-1.27604,17990,1,0.000000,SAMPLE
Setting PWM frequency to 10666.666992
ARRVal = 187
331,0.00000,1.27604,17988,1,0.000000,SAMPLE
332,0.00000,17.21354,21098,1,0.000000,SAMPLE
333,0.00000,23.09896,24207,1,0.000000,SAMPLE
334,0.00000,24.03646,27313,1,0.000000,SAMPLE
335,0.00000,20.46875,29988,0,0.000000,SAMPLE
336,0.00000,4.24479,29988,0,0.000000,SAMPLE
337,0.00000,1.66667,29988,0,0.000000,SAMPLE
Setting PWM frequency to 10666.666992
ARRVal = 187
338,0.00000,-0.78125,28832,1,0.000000,SAMPLE
339,0.00000,-1.22396,25726,1,0.000000,SAMPLE
340,0.00000,-1.25000,22619,1,0.000000,SAMPLE
341,0.00000,-1.27604,19513,1,0.000000,SAMPLE
342,0.00000,1.27604,17991,1,0.000000,SAMPLE
Setting PWM frequency to 10666.666992
ARRVal = 187
343,0.00000,8.90625,19573,1,0.000000,SAMPLE
344,0.00000,21.95313,22682,1,0.000000,SAMPLE
345,0.00000,23.88021,25793,1,0.000000,SAMPLE
346,0.00000,24.29688,28899,1,0.000000,SAMPLE
347,0.00000,7.94271,30012,0,0.000000,SAMPLE
348,0.00000,2.68229,30012,0,0.000000,SAMPLE
349,0.00000,1.27604,30012,0,0.000000,SAMPLE
Setting PWM frequency to 10666.666992
ARRVal = 187
350,0.00000,-1.11979,27602,1,0.000000,SAMPLE
351,0.00000,-1.22396,24496,1,0.000000,SAMPLE
352,0.00000,-1.27604,21390,1,0.000000,SAMPLE
353,0.00000,-1.35417,18283,1,0.000000,SAMPLE
354,0.00000,1.22396,17991,1,0.000000,SAMPLE
Setting PWM frequency to 10666.666992
ARRVal = 187
355,0.00000,16.58854,20794,1,0.000000,SAMPLE
356,0.00000,23.33333,23901,1,0.000000,SAMPLE
357,0.00000,24.37500,27008,1,0.000000,SAMPLE
358,0.00000,24.68750,30014,0,0.000000,SAMPLE
359,0.00000,4.97396,30014,0,0.000000,SAMPLE
360,0.00000,1.92708,30014,0,0.000000,SAMPLE
Setting PWM frequency to 10666.666992
ARRVal = 187
361,0.00000,0.02604,29455,1,0.000000,SAMPLE
362,0.00000,-1.22396,26349,1,0.000000,SAMPLE
363,0.00000,-1.25000,23242,1,0.000000,SAMPLE
364,0.00000,-1.32813,20136,1,0.000000,SAMPLE
365,0.00000,1.19792,17991,1,0.000000,SAMPLE
Setting PWM frequency to 10666.666992
ARRVal = 187
366,0.00000,4.60938,18941,1,0.000000,SAMPLE
367,0.00000,21.06771,22050,1,0.000000,SAMPLE
368,0.00000,23.95833,25156,1,0.000000,SAMPLE
369,0.00000,24.50521,28262,1,0.000000,SAMPLE
370,0.00000,10.67708,29986,0,0.000000,SAMPLE
371,0.00000,3.30729,29986,0,0.000000,SAMPLE
372,0.00000,1.51042,29986,0,0.000000,SAMPLE
Setting PWM frequency to 10666.666992
ARRVal = 187
373,0.00000,-1.04167,28219,1,0.000000,SAMPLE
374,0.00000,-1.25000,25113,1,0.000000,SAMPLE
375,0.00000,-1.27604,22001,1,0.000000,SAMPLE
376,0.00000,-1.27604,18895,1,0.000000,SAMPLE
377,0.00000,1.19792,17991,1,0.000000,SAMPLE
Setting PWM frequency to 10666.666992
ARRVal = 187
378,0.00000,13.15104,20177,1,0.000000,SAMPLE
379,0.00000,23.12500,23283,1,0.000000,SAMPLE
380,0.00000,24.50521,26390,1,0.000000,SAMPLE
381,0.00000,24.84375,29497,1,0.000000,SAMPLE
382,0.00000,6.17188,30000,0,0.000000,SAMPLE
383,0.00000,2.23958,30000,0,0.000000,SAMPLE
384,0.00000,1.14583,30000,0,0.000000,SAMPLE
Setting PWM frequency to 10666.666992
ARRVal = 187
385,0.00000,-1.19792,26980,1,0.000000,SAMPLE
386,0.00000,-1.27604,23873,1,0.000000,SAMPLE
387,0.00000,-1.30208,20767,1,0.000000,SAMPLE
388,0.00000,-1.22396,17991,1,0.000000,SAMPLE
Setting PWM frequency to 10666.666992
ARRVal = 187
389,0.00000,1.27604,18305,1,0.000000,SAMPLE
390,0.00000,19.71354,21412,1,0.000000,SAMPLE
391,0.00000,24.29688,24518,1,0.000000,SAMPLE
392,0.00000,25.07813,27625,1,0.000000,SAMPLE
393,0.00000,16.27604,29991,0,0.000000,SAMPLE
394,0.00000,4.11458,29991,0,0.000000,SAMPLE
395,0.00000,1.71875,29991,0,0.000000,SAMPLE
Setting PWM frequency to 10666.666992
ARRVal = 187
396,0.00000,-0.80729,28829,1,0.000000,SAMPLE
397,0.00000,-1.27604,25723,1,0.000000,SAMPLE
398,0.00000,-1.30208,22616,1,0.000000,SAMPLE
399,0.00000,-1.32813,19510,1,0.000000,SAMPLE
400,0.00000,1.19792,17992,1,0.000000,SAMPLE
Setting PWM frequency to 10666.666992
ARRVal = 187
401,0.00000,9.11458,19576,1,0.000000,SAMPLE
402,0.00000,22.83854,22681,1,0.000000,SAMPLE
403,0.00000,24.76563,25787,1,0.000000,SAMPLE
404,0.00000,25.18229,28894,1,0.000000,SAMPLE
405,0.00000,8.17708,30009,0,0.000000,SAMPLE
406,0.00000,2.73438,30009,0,0.000000,SAMPLE
407,0.00000,1.32813,30009,0,0.000000,SAMPLE
Setting PWM frequency to 10666.666992
ARRVal = 187
408,0.00000,-1.17188,27602,1,0.000000,SAMPLE
409,0.00000,-1.27604,24496,1,0.000000,SAMPLE
410,0.00000,-1.30208,21389,1,0.000000,SAMPLE
411,0.00000,-1.32813,18283,1,0.000000,SAMPLE
412,0.00000,1.19792,17991,1,0.000000,SAMPLE
Setting PWM frequency to 10666.666992
ARRVal = 187
413,0.00000,17.21354,20792,1,0.000000,SAMPLE
414,0.00000,24.34896,23898,1,0.000000,SAMPLE
415,0.00000,25.33854,27010,1,0.000000,SAMPLE
416,0.00000,25.62500,30016,0,0.000000,SAMPLE
417,0.00000,5.20833,30016,0,0.000000,SAMPLE
418,0.00000,2.05729,30016,0,0.000000,SAMPLE
Setting PWM frequency to 10666.666992
ARRVal = 187
419,0.00000,1.14583,29761,1,0.000000,SAMPLE
420,0.00000,-1.25000,26655,1,0.000000,SAMPLE
421,0.00000,-1.30208,23549,1,0.000000,SAMPLE
422,0.00000,-1.32813,20443,1,0.000000,SAMPLE
423,0.00000,0.41667,17991,1,0.000000,SAMPLE
Setting PWM frequency to 10666.666992
ARRVal = 187
424,0.00000,2.91667,18632,1,0.000000,SAMPLE
425,0.00000,21.14584,21744,1,0.000000,SAMPLE
426,0.00000,24.86979,24850,1,0.000000,SAMPLE
427,0.00000,25.52083,27956,1,0.000000,SAMPLE
428,0.00000,13.20313,29984,0,0.000000,SAMPLE
429,0.00000,3.80208,29984,0,0.000000,SAMPLE
430,0.00000,1.66667,29984,0,0.000000,SAMPLE
Setting PWM frequency to 10666.666992
ARRVal = 187
431,0.00000,-0.80729,28836,1,0.000000,SAMPLE
432,0.00000,-1.27604,25730,1,0.000000,SAMPLE
433,0.00000,-1.30208,22623,1,0.000000,SAMPLE
434,0.00000,-1.35417,19514,1,0.000000,SAMPLE
435,0.00000,1.19792,17991,1,0.000000,SAMPLE
Setting PWM frequency to 10666.666992
ARRVal = 187
436,0.00000,9.03646,19558,1,0.000000,SAMPLE
437,0.00000,23.38542,22664,1,0.000000,SAMPLE
438,0.00000,25.31250,25770,1,0.000000,SAMPLE
439,0.00000,25.75521,28877,1,0.000000,SAMPLE
440,0.00000,8.43750,30000,0,0.000000,SAMPLE
441,0.00000,3.04688,30000,0,0.000000,SAMPLE
442,0.00000,1.51042,30000,0,0.000000,SAMPLE
Setting PWM frequency to 10666.666992
ARRVal = 187
443,0.00000,-1.09375,28219,1,0.000000,SAMPLE
444,0.00000,-1.30208,25113,1,0.000000,SAMPLE
445,0.00000,-1.32813,21998,1,0.000000,SAMPLE
446,0.00000,-1.35417,18892,1,0.000000,SAMPLE
447,0.00000,1.19792,17991,1,0.000000,SAMPLE
Setting PWM frequency to 10666.666992
ARRVal = 187
448,0.00000,13.80208,20180,1,0.000000,SAMPLE
449,0.00000,24.47917,23286,1,0.000000,SAMPLE
450,0.00000,25.85938,26392,1,0.000000,SAMPLE
451,0.00000,26.22396,29499,1,0.000000,SAMPLE
452,0.00000,6.71875,30000,0,0.000000,SAMPLE
453,0.00000,2.57813,30000,0,0.000000,SAMPLE
454,0.00000,1.30208,30000,0,0.000000,SAMPLE
Setting PWM frequency to 10666.666992
ARRVal = 187
455,0.00000,-1.22396,27285,1,0.000000,SAMPLE
456,0.00000,-1.30208,24176,1,0.000000,SAMPLE
457,0.00000,-1.35417,21070,1,0.000000,SAMPLE
458,0.00000,-1.38021,17991,1,0.000000,SAMPLE
Setting PWM frequency to 10666.666992
ARRVal = 187
459,0.00000,1.19792,18005,1,0.000000,SAMPLE
460,0.00000,18.67188,21109,1,0.000000,SAMPLE
461,0.00000,24.63542,24215,1,0.000000,SAMPLE
462,0.00000,25.54688,27321,1,0.000000,SAMPLE
463,0.00000,21.77083,29998,0,0.000000,SAMPLE
464,0.00000,4.60938,29998,0,0.000000,SAMPLE
465,0.00000,1.92708,29998,0,0.000000,SAMPLE
Setting PWM frequency to 10666.666992
ARRVal = 187
466,0.00000,-0.02604,29455,1,0.000000,SAMPLE
467,0.00000,-1.27604,26349,1,0.000000,SAMPLE
468,0.00000,-1.32813,23240,1,0.000000,SAMPLE
469,0.00000,-1.38021,20133,1,0.000000,SAMPLE
470,0.00000,1.11979,17991,1,0.000000,SAMPLE
Setting PWM frequency to 10666.666992
ARRVal = 187
471,0.00000,4.71354,18944,1,0.000000,SAMPLE
472,0.00000,21.84896,22050,1,0.000000,SAMPLE
473,0.00000,25.02604,25156,1,0.000000,SAMPLE
474,0.00000,25.59896,28262,1,0.000000,SAMPLE
475,0.00000,11.14583,30002,0,0.000000,SAMPLE
476,0.00000,3.43750,30002,0,0.000000,SAMPLE
477,0.00000,1.56250,30002,0,0.000000,SAMPLE
Setting PWM frequency to 10666.666992
ARRVal = 187
478,0.00000,-0.96354,28528,1,0.000000,SAMPLE
479,0.00000,-1.27604,25419,1,0.000000,SAMPLE
480,0.00000,-1.32813,22312,1,0.000000,SAMPLE
481,0.00000,-1.38021,19206,1,0.000000,SAMPLE
482,0.00000,1.17188,17991,1,0.000000,SAMPLE
Setting PWM frequency to 10666.666992
ARRVal = 187
483,0.00000,11.17188,19866,1,0.000000,SAMPLE
484,0.00000,23.95833,22973,1,0.000000,SAMPLE
485,0.00000,25.85938,26085,1,0.000000,SAMPLE
486,0.00000,26.35417,29191,1,0.000000,SAMPLE
487,0.00000,7.44792,30000,0,0.000000,SAMPLE
488,0.00000,2.68229,30000,0,0.000000,SAMPLE
489,0.00000,1.32813,30000,0,0.000000,SAMPLE
Setting PWM frequency to 10666.666992
ARRVal = 187
490,0.00000,-1.19792,27602,1,0.000000,SAMPLE
491,0.00000,-1.30208,24496,1,0.000000,SAMPLE
492,-0.00938,-1.35417,21389,1,0.000000,SAMPLE
493,0.00000,-1.38021,18283,1,0.000000,SAMPLE
494,0.00000,1.17188,17991,1,0.000000,SAMPLE
Setting PWM frequency to 10666.666992
ARRVal = 187
495,0.00000,17.39584,20807,1,0.000000,SAMPLE
496,0.00000,25.15625,23914,1,0.000000,SAMPLE
497,0.00000,26.19792,27021,1,0.000000,SAMPLE
498,0.00000,26.58854,30026,0,0.000000,SAMPLE
499,-0.00938,5.33854,30026,0,0.000000,SAMPLE
500,0.00000,2.13542,30026,0,0.000000,SAMPLE
Setting PWM frequency to 10666.666992
ARRVal = 187
501,0.00000,1.14583,29768,1,0.000000,SAMPLE
502,0.00000,-1.27604,26661,1,0.000000,SAMPLE
503,0.00000,-1.35417,23555,1,0.000000,SAMPLE
504,0.00000,-1.38021,20449,1,0.000000,SAMPLE
505,0.00000,0.36458,17992,1,0.000000,SAMPLE
Setting PWM frequency to 10666.666992
ARRVal = 187
506,0.00000,2.89063,18630,1,0.000000,SAMPLE
507,0.00000,21.79688,21736,1,0.000000,SAMPLE
508,0.00000,25.98958,24842,1,0.000000,SAMPLE
509,0.00000,26.71875,27949,1,0.000000,SAMPLE
510,0.00000,13.64583,29974,0,0.000000,SAMPLE
511,0.00000,3.88021,29974,0,0.000000,SAMPLE
512,0.00000,1.71875,29974,0,0.000000,SAMPLE
Setting PWM frequency to 10666.666992
ARRVal = 187
513,0.00000,-0.85938,28836,1,0.000000,SAMPLE
514,0.00000,-1.30208,25730,1,0.000000,SAMPLE
515,0.00000,-1.35417,22578,1,0.000000,SAMPLE
516,0.00000,-1.40625,19472,1,0.000000,SAMPLE
517,0.00000,1.14583,17991,1,0.000000,SAMPLE
Setting PWM frequency to 10666.666992
ARRVal = 187
518,0.00000,9.37500,19601,1,0.000000,SAMPLE
519,0.00000,24.19271,22707,1,0.000000,SAMPLE
520,-0.00938,26.66667,25813,1,0.000000,SAMPLE
521,0.00000,27.18750,28919,1,0.000000,SAMPLE
522,0.00000,8.59375,30000,0,0.000000,SAMPLE
523,0.00000,3.02083,30000,0,0.000000,SAMPLE
524,0.00000,1.45833,30000,0,0.000000,SAMPLE
Setting PWM frequency to 10666.666992
ARRVal = 187
525,0.00000,-1.17188,27905,1,0.000000,SAMPLE
526,0.00000,-1.35417,24799,1,0.000000,SAMPLE
527,-0.00938,-1.38021,21692,1,0.000000,SAMPLE
528,0.00000,-1.40625,18586,1,0.000000,SAMPLE
529,0.00000,1.17188,17991,1,0.000000,SAMPLE
Setting PWM frequency to 10666.666992
ARRVal = 187
530,0.00000,15.75521,20486,1,0.000000,SAMPLE
531,0.00000,25.65104,23593,1,0.000000,SAMPLE
532,0.00000,27.05729,26699,1,0.000000,SAMPLE
533,0.00000,27.44792,29805,1,0.000000,SAMPLE
534,0.00000,6.09375,30000,0,0.000000,SAMPLE
535,0.00000,2.36979,30000,0,0.000000,SAMPLE
536,0.00000,1.22396,30000,0,0.000000,SAMPLE
Setting PWM frequency to 10666.666992
ARRVal = 187
537,0.00000,-1.27604,26985,1,0.000000,SAMPLE
538,-0.00938,-1.38021,23879,1,0.000000,SAMPLE
539,0.00000,-1.40625,20772,1,0.000000,SAMPLE
540,0.00000,-1.35417,17991,1,0.000000,SAMPLE
Setting PWM frequency to 10666.666992
ARRVal = 187
541,0.00000,1.19792,18300,1,0.000000,SAMPLE
542,-0.00938,20.72917,21407,1,0.000000,SAMPLE
543,0.00000,26.22396,24513,1,0.000000,SAMPLE
544,0.00000,27.08334,27620,1,0.000000,SAMPLE
545,0.00000,17.50000,29986,0,0.000000,SAMPLE
546,0.00000,4.40104,29986,0,0.000000,SAMPLE
547,0.00000,1.87500,29986,0,0.000000,SAMPLE
Setting PWM frequency to 10666.666992
ARRVal = 187
548,0.00000,-0.57292,29143,1,0.000000,SAMPLE
549,0.00000,-1.32813,26036,1,0.000000,SAMPLE
550,0.00000,-1.40625,22930,1,0.000000,SAMPLE
551,0.00000,-1.40625,19824,1,0.000000,SAMPLE
552,0.00000,1.14583,17991,1,0.000000,SAMPLE
Setting PWM frequency to 10666.666992
ARRVal = 187
553,0.00000,6.71875,19247,1,0.000000,SAMPLE
554,0.00000,23.93229,22353,1,0.000000,SAMPLE
555,0.00000,26.90104,25465,1,0.000000,SAMPLE
556,0.00000,27.50000,28572,1,0.000000,SAMPLE
557,0.00000,10.28646,30016,0,0.000000,SAMPLE
558,-0.00938,3.38542,30016,0,0.000000,SAMPLE
559,0.00000,1.58854,30016,0,0.000000,SAMPLE
Setting PWM frequency to 10666.666992
ARRVal = 187
560,0.00000,-1.01562,28526,1,0.000000,SAMPLE
561,0.00000,-1.35417,25419,1,0.000000,SAMPLE
562,0.00000,-1.40625,22313,1,0.000000,SAMPLE
563,0.00000,-1.43229,19206,1,0.000000,SAMPLE
564,0.00000,1.17188,17991,1,0.000000,SAMPLE
Setting PWM frequency to 10666.666992
ARRVal = 187
565,-0.00938,11.35417,19870,1,0.000000,SAMPLE
566,0.00000,25.31250,22976,1,0.000000,SAMPLE
567,0.00000,27.31771,26083,1,0.000000,SAMPLE
568,0.00000,27.83854,29192,1,0.000000,SAMPLE
569,0.00000,7.83854,29998,0,0.000000,SAMPLE
570,0.00000,2.86458,29998,0,0.000000,SAMPLE
571,0.00000,1.43229,29998,0,0.000000,SAMPLE
Setting PWM frequency to 10666.666992
ARRVal = 187
572,-0.00938,-1.22396,27911,1,0.000000,SAMPLE
573,0.00000,-1.38021,24804,1,0.000000,SAMPLE
574,0.00000,-1.43229,21698,1,0.000000,SAMPLE
575,0.00000,-1.45833,18586,1,0.000000,SAMPLE
576,-0.00938,1.14583,17991,1,0.000000,SAMPLE
Setting PWM frequency to 10666.666992
ARRVal = 187
577,-0.00938,16.04167,20486,1,0.000000,SAMPLE
578,0.00000,26.38021,23593,1,0.000000,SAMPLE
579,0.00000,27.78646,26702,1,0.000000,SAMPLE
580,0.00000,28.25521,29808,1,0.000000,SAMPLE
581,0.00000,6.35417,30000,0,0.000000,SAMPLE
582,0.00000,2.52604,30000,0,0.000000,SAMPLE
583,0.00000,1.32813,30000,0,0.000000,SAMPLE
Setting PWM frequency to 10666.666992
ARRVal = 187
584,0.00000,-1.30208,27293,1,0.000000,SAMPLE
585,-0.00938,-1.40625,24182,1,0.000000,SAMPLE
586,0.00000,-1.43229,21076,1,0.000000,SAMPLE
587,0.00000,-1.45833,17990,1,0.000000,SAMPLE
Setting PWM frequency to 10666.666992
ARRVal = 187
588,0.00000,1.14583,17994,1,0.000000,SAMPLE
589,0.00000,20.02604,21103,1,0.000000,SAMPLE
590,0.00000,27.08334,24209,1,0.000000,SAMPLE
591,0.00000,28.09896,27318,1,0.000000,SAMPLE
592,0.00000,23.90625,29994,0,0.000000,SAMPLE
593,0.00000,5.13021,29994,0,0.000000,SAMPLE
594,-0.00938,2.18750,29994,0,0.000000,SAMPLE
Setting PWM frequency to 10666.666992
ARRVal = 187
595,0.00000,1.19792,29762,1,0.000000,SAMPLE
596,0.00000,-1.35417,26656,1,0.000000,SAMPLE
597,0.00000,-1.40625,23550,1,0.000000,SAMPLE
598,0.00000,-1.43229,20443,1,0.000000,SAMPLE
599,0.00000,0.26042,17992,1,0.000000,SAMPLE
Setting PWM frequency to 10666.666992
ARRVal = 187
600,0.00000,2.89063,18636,1,0.000000,SAMPLE
601,0.00000,23.17709,21742,1,0.000000,SAMPLE
602,0.00000,27.91667,24851,1,0.000000,SAMPLE
603,0.00000,28.77604,27957,1,0.000000,SAMPLE
604,0.00000,14.86979,30006,0,0.000000,SAMPLE
605,0.00000,4.27083,30006,0,0.000000,SAMPLE
606,0.00000,1.90104,30006,0,0.000000,SAMPLE
Setting PWM frequency to 10666.666992
ARRVal = 187
607,0.00000,-0.07812,29453,1,0.000000,SAMPLE
608,-0.00938,-1.35417,26347,1,0.000000,SAMPLE
609,0.00000,-1.43229,23240,1,0.000000,SAMPLE
610,0.00000,-1.45833,20134,1,0.000000,SAMPLE
611,0.00000,1.04167,17991,1,0.000000,SAMPLE
Setting PWM frequency to 10666.666992
ARRVal = 187
612,0.00000,4.71354,18939,1,0.000000,SAMPLE
613,0.00000,24.60938,22048,1,0.000000,SAMPLE
614,0.00000,28.48959,25154,1,0.000000,SAMPLE
615,0.00000,29.16667,28265,1,0.000000,SAMPLE
616,0.00000,12.57812,30000,0,0.000000,SAMPLE
617,0.00000,3.95833,29999,0,0.000000,SAMPLE
618,0.00000,1.82292,29999,0,0.000000,SAMPLE
VALVE_SET,2
PUMP,DRW,SAM,2000
Setting PWM frequency to 10666.666992
ARRVal = 187
619,0.00000,-0.59896,29156,1,0.000000,SAMPLE
620,-0.00938,-1.38021,26049,1,0.000000,SAMPLE
621,0.00000,-1.43229,22943,1,0.000000,SAMPLE
622,0.00000,1.11979,21991,1,0.000000,SAMPLE
VALVE_SET,11,19,22
PUMP,INJ,SAM,2000
Setting PWM frequency to 10666.666992
ARRVal = 187
623,0.00000,13.38542,24067,1,0.000000,SAMPLE
624,0.00000,27.34375,27175,1,0.000000,SAMPLE
625,0.00000,27.68229,29957,0,0.000000,SAMPLE
626,0.00000,5.41667,29957,0,0.000000,SAMPLE
627,0.00000,2.26563,29957,0,0.000000,SAMPLE
628,0.00000,1.22396,29957,0,0.000000,SAMPLE
PROTOCOL,SAMPLE,STOP,5
PAUSE,2
629,0.00000,0.83333,29957,0,0.000000,NA
630,0.00000,0.75521,29957,0,0.000000,NA
VALVE_SET,0
Parsing script: f5_rna.txt
VALVE_SET,2
PAUSE,2
631,0.00000,1.11979,29957,0,0.000000,NA
632,-0.00938,1.14583,29957,0,0.000000,NA
HOME
VALVE_SET,0
PAUSE,2
633,0.00000,1.14583,29957,0,0.000000,NA
634,0.00000,1.14583,29957,0,0.000000,NA
#FILTER 5 ADD PRESERVATIVE ###########
PROTOCOL,PRESERVE,START,5
PUMPC,RNA,3000,2,4,11/19/9
Setting PWM frequency to 10666.666992
ARRVal = 187
635,0.00000,-4.14063,27088,1,0.000000,PRESERVE
636,0.00000,-5.20833,23979,1,0.000000,PRESERVE
637,0.00000,-5.65104,20872,1,0.000000,PRESERVE
638,0.00000,-5.91146,17992,1,0.000000,PRESERVE
639,0.00000,-0.18229,17992,1,0.000000,PRESERVE
Setting PWM frequency to 10666.666992
ARRVal = 187
640,0.00000,7.26562,19470,1,0.000000,PRESERVE
641,0.00000,29.94792,22576,1,0.000000,PRESERVE
Pressure Threshold Reached
642,0.00000,16.92709,22656,1,0.000000,PRESERVE
643,0.00000,16.66667,22656,1,0.000000,PRESERVE
644,0.00000,16.64063,22656,1,0.000000,PRESERVE
645,0.00000,16.61458,22656,1,0.000000,PRESERVE
646,0.00000,16.58854,22656,1,0.000000,PRESERVE
647,0.00000,16.56250,22656,1,0.000000,PRESERVE
648,0.00000,16.56250,22656,1,0.000000,PRESERVE
649,0.00000,16.53646,22656,1,0.000000,PRESERVE
650,0.00000,16.53646,22656,1,0.000000,PRESERVE
651,-0.00938,16.51042,22656,1,0.000000,PRESERVE
652,0.00000,16.48438,22656,1,0.000000,PRESERVE
653,0.00000,16.48438,22656,1,0.000000,PRESERVE
654,0.00000,16.45833,22656,1,0.000000,PRESERVE
655,0.00000,16.45833,22656,1,0.000000,PRESERVE
656,0.00000,16.45833,22656,1,0.000000,PRESERVE
657,0.00000,16.43229,22656,1,0.000000,PRESERVE
658,0.00000,16.43229,22656,1,0.000000,PRESERVE
659,0.00000,16.43229,22656,1,0.000000,PRESERVE
660,0.00000,16.40625,22656,1,0.000000,PRESERVE
661,-0.00938,16.40625,22656,1,0.000000,PRESERVE
WARN: Stable pressure timeout occurred
Setting PWM frequency to 8533.333008
ARRVal = 234
Reduced pump speed to 16000
Pressure Threshold Reached
662,0.00000,25.23438,23622,1,0.000000,PRESERVE
663,0.00000,24.86979,23622,1,0.000000,PRESERVE
664,0.00000,24.79167,23622,1,0.000000,PRESERVE
665,0.00000,24.73959,23622,1,0.000000,PRESERVE
666,0.00000,24.68750,23622,1,0.000000,PRESERVE
667,0.00000,24.66146,23622,1,0.000000,PRESERVE
668,0.00000,24.63542,23622,1,0.000000,PRESERVE
669,0.00000,24.60938,23622,1,0.000000,PRESERVE
670,0.00000,24.55729,23622,1,0.000000,PRESERVE
671,0.00000,24.53125,23622,1,0.000000,PRESERVE
672,0.00000,24.50521,23622,1,0.000000,PRESERVE
673,0.00000,24.50521,23622,1,0.000000,PRESERVE
674,0.00000,24.45313,23622,1,0.000000,PRESERVE
675,0.00000,24.42708,23622,1,0.000000,PRESERVE
676,0.00000,24.40104,23622,1,0.000000,PRESERVE
677,0.00000,24.37500,23622,1,0.000000,PRESERVE
678,0.00000,24.32292,23622,1,0.000000,PRESERVE
679,0.00000,24.29688,23622,1,0.000000,PRESERVE
680,0.00000,24.27084,23622,1,0.000000,PRESERVE
681,0.00000,24.24479,23622,1,0.000000,PRESERVE
WARN: Stable pressure timeout occurred
Setting PWM frequency to 6826.666504
ARRVal = 292
Reduced pump speed to 12800
Pressure Threshold Reached
682,0.00000,28.95834,23987,1,0.000000,PRESERVE
683,0.00000,28.59375,23987,1,0.000000,PRESERVE
684,0.00000,28.51562,23987,1,0.000000,PRESERVE
685,0.00000,28.46354,23987,1,0.000000,PRESERVE
686,0.00000,28.38542,23987,1,0.000000,PRESERVE
687,0.00000,28.35938,23987,1,0.000000,PRESERVE
688,0.00000,28.30729,23987,1,0.000000,PRESERVE
689,0.00000,28.25521,23987,1,0.000000,PRESERVE
690,0.00000,28.20313,23987,1,0.000000,PRESERVE
691,0.00000,28.17708,23987,1,0.000000,PRESERVE
692,0.00000,28.12500,23987,1,0.000000,PRESERVE
693,0.00000,28.09896,23987,1,0.000000,PRESERVE
694,0.00000,28.04688,23987,1,0.000000,PRESERVE
695,0.00000,27.99479,23987,1,0.000000,PRESERVE
696,0.00000,27.96875,23987,1,0.000000,PRESERVE
697,0.00000,27.91667,23987,1,0.000000,PRESERVE
698,0.00000,27.89063,23987,1,0.000000,PRESERVE
699,0.00000,27.83854,23987,1,0.000000,PRESERVE
700,0.00000,27.81250,23987,1,0.000000,PRESERVE
701,0.00000,27.76042,23987,1,0.000000,PRESERVE
WARN: Stable pressure timeout occurred
Setting PWM frequency to 5461.333496
ARRVal = 366
Reduced pump speed to 10240
Pressure Threshold Reached
702,0.00000,32.55208,24282,1,0.000000,PRESERVE
703,0.00000,31.79688,24282,1,0.000000,PRESERVE
704,0.00000,31.64062,24282,1,0.000000,PRESERVE
705,0.00000,31.58854,24282,1,0.000000,PRESERVE
706,0.00000,31.51042,24282,1,0.000000,PRESERVE
707,0.00000,31.45834,24282,1,0.000000,PRESERVE
708,0.00000,31.38021,24282,1,0.000000,PRESERVE
709,0.00000,31.32813,24282,1,0.000000,PRESERVE
710,0.00000,31.27604,24282,1,0.000000,PRESERVE
711,0.00000,31.22396,24282,1,0.000000,PRESERVE
712,0.00000,31.14584,24282,1,0.000000,PRESERVE
713,0.00000,31.09375,24282,1,0.000000,PRESERVE
714,0.00000,31.01563,24282,1,0.000000,PRESERVE
715,0.00000,30.96354,24282,1,0.000000,PRESERVE
716,0.00000,30.91146,24282,1,0.000000,PRESERVE
717,0.00000,30.85938,24282,1,0.000000,PRESERVE
718,0.00000,30.80729,24282,1,0.000000,PRESERVE
719,0.00000,30.75521,24282,1,0.000000,PRESERVE
720,0.00000,30.70312,24282,1,0.000000,PRESERVE
721,0.00000,30.65104,24282,1,0.000000,PRESERVE
WARN: Stable pressure timeout occurred
Setting PWM frequency to 4369.066895
ARRVal = 457
Reduced pump speed to 8192
Pressure Threshold Reached
722,0.00000,30.78125,24291,1,0.000000,PRESERVE
723,0.00000,30.67709,24291,1,0.000000,PRESERVE
724,0.00000,30.62500,24291,1,0.000000,PRESERVE
725,0.00000,30.57292,24291,1,0.000000,PRESERVE
726,0.00000,30.52083,24291,1,0.000000,PRESERVE
727,0.00000,30.46875,24291,1,0.000000,PRESERVE
728,0.00000,30.41667,24291,1,0.000000,PRESERVE
729,0.00000,30.36458,24291,1,0.000000,PRESERVE
730,0.00000,30.31250,24291,1,0.000000,PRESERVE
731,0.00000,30.28646,24291,1,0.000000,PRESERVE
732,0.00000,30.23438,24291,1,0.000000,PRESERVE
733,0.00000,30.18229,24291,1,0.000000,PRESERVE
734,0.00000,30.13021,24291,1,0.000000,PRESERVE
735,0.00000,30.07813,24291,1,0.000000,PRESERVE
736,0.00000,30.02604,24291,1,0.000000,PRESERVE
737,0.00000,29.97396,24291,1,0.000000,PRESERVE
738,0.00000,29.94792,24291,1,0.000000,PRESERVE
739,0.00000,29.89583,24291,1,0.000000,PRESERVE
740,0.00000,29.84375,24291,1,0.000000,PRESERVE
741,0.00000,29.79167,24291,1,0.000000,PRESERVE
WARN: Stable pressure timeout occurred
Setting PWM frequency to 3494.933350
ARRVal = 572
Reduced pump speed to 6553
Pressure Threshold Reached
742,0.00000,30.83333,24363,1,0.000000,PRESERVE
743,0.00000,30.72917,24363,1,0.000000,PRESERVE
744,0.00000,30.65104,24363,1,0.000000,PRESERVE
745,0.00000,30.59896,24363,1,0.000000,PRESERVE
746,0.00000,30.57292,24363,1,0.000000,PRESERVE
747,0.00000,30.49479,24363,1,0.000000,PRESERVE
748,0.00000,30.44271,24363,1,0.000000,PRESERVE
749,0.00000,30.39062,24363,1,0.000000,PRESERVE
750,0.00000,30.33854,24363,1,0.000000,PRESERVE
751,0.00000,30.28646,24363,1,0.000000,PRESERVE
752,0.00000,30.23438,24363,1,0.000000,PRESERVE
753,0.00000,30.20834,24363,1,0.000000,PRESERVE
754,0.00000,30.15625,24363,1,0.000000,PRESERVE
755,-0.00938,30.10417,24363,1,0.000000,PRESERVE
756,0.00000,30.05208,24363,1,0.000000,PRESERVE
757,-0.00938,30.00000,24363,1,0.000000,PRESERVE
758,0.00000,29.94792,24363,1,0.000000,PRESERVE
759,0.00000,29.89583,24363,1,0.000000,PRESERVE
760,0.00000,29.86979,24363,1,0.000000,PRESERVE
761,0.00000,29.79167,24363,1,0.000000,PRESERVE
WARN: Stable pressure timeout occurred
Setting PWM frequency to 2795.733398
ARRVal = 715
Reduced pump speed to 5242
762,0.00000,29.76562,24423,1,0.000000,PRESERVE
Pressure Threshold Reached
763,0.00000,30.88542,24443,1,0.000000,PRESERVE
764,0.00000,30.80729,24443,1,0.000000,PRESERVE
765,0.00000,30.75521,24443,1,0.000000,PRESERVE
766,0.00000,30.70312,24443,1,0.000000,PRESERVE
767,0.00000,30.65104,24443,1,0.000000,PRESERVE
768,0.00000,30.59896,24443,1,0.000000,PRESERVE
769,0.00000,30.54688,24443,1,0.000000,PRESERVE
770,0.00000,30.49479,24443,1,0.000000,PRESERVE
771,0.00000,30.44271,24443,1,0.000000,PRESERVE
772,-0.00938,30.39062,24443,1,0.000000,PRESERVE
773,0.00000,30.33854,24443,1,0.000000,PRESERVE
774,0.00000,30.28646,24443,1,0.000000,PRESERVE
775,0.00000,30.26042,24443,1,0.000000,PRESERVE
776,0.00000,30.18229,24443,1,0.000000,PRESERVE
777,0.00000,30.15625,24443,1,0.000000,PRESERVE
778,0.00000,30.10417,24443,1,0.000000,PRESERVE
779,0.00000,30.05208,24443,1,0.000000,PRESERVE
780,0.00000,30.00000,24443,1,0.000000,PRESERVE
781,0.00000,29.94792,24443,1,0.000000,PRESERVE
782,0.00000,29.92188,24443,1,0.000000,PRESERVE
WARN: Stable pressure timeout occurred
Setting PWM frequency to 2236.266602
ARRVal = 894
Reduced pump speed to 4193
Pressure Threshold Reached
783,0.00000,30.72917,24503,1,0.000000,PRESERVE
784,0.00000,30.67709,24503,1,0.000000,PRESERVE
785,0.00000,30.62500,24503,1,0.000000,PRESERVE
786,0.00000,30.57292,24503,1,0.000000,PRESERVE
787,0.00000,30.52083,24503,1,0.000000,PRESERVE
788,0.00000,30.46875,24503,1,0.000000,PRESERVE
789,-0.00938,30.41667,24503,1,0.000000,PRESERVE
790,0.00000,30.36458,24503,1,0.000000,PRESERVE
791,0.00000,30.31250,24503,1,0.000000,PRESERVE
792,0.00000,30.28646,24503,1,0.000000,PRESERVE
793,0.00000,30.23438,24503,1,0.000000,PRESERVE
794,0.00000,30.18229,24503,1,0.000000,PRESERVE
795,0.00000,30.13021,24503,1,0.000000,PRESERVE
796,0.00000,30.07813,24503,1,0.000000,PRESERVE
797,0.00000,30.02604,24503,1,0.000000,PRESERVE
798,0.00000,30.00000,24503,1,0.000000,PRESERVE
799,0.00000,29.92188,24503,1,0.000000,PRESERVE
800,0.00000,29.89583,24503,1,0.000000,PRESERVE
801,0.00000,29.84375,24503,1,0.000000,PRESERVE
802,0.00000,29.81771,24503,1,0.000000,PRESERVE
WARN: Stable pressure timeout occurred
Setting PWM frequency to 1788.800049
ARRVal = 1118
Reduced pump speed to 3354
Pressure Threshold Reached
803,0.00000,30.49479,24555,1,0.000000,PRESERVE
804,0.00000,30.44271,24555,1,0.000000,PRESERVE
805,0.00000,30.41667,24555,1,0.000000,PRESERVE
806,0.00000,30.33854,24555,1,0.000000,PRESERVE
807,0.00000,30.31250,24555,1,0.000000,PRESERVE
808,0.00000,30.26042,24555,1,0.000000,PRESERVE
809,0.00000,30.20834,24555,1,0.000000,PRESERVE
810,0.00000,30.15625,24555,1,0.000000,PRESERVE
811,0.00000,30.10417,24555,1,0.000000,PRESERVE
812,0.00000,30.05208,24555,1,0.000000,PRESERVE
813,0.00000,30.00000,24555,1,0.000000,PRESERVE
814,0.00000,29.97396,24555,1,0.000000,PRESERVE
815,0.00000,29.89583,24555,1,0.000000,PRESERVE
816,0.00000,29.86979,24555,1,0.000000,PRESERVE
817,0.00000,29.81771,24555,1,0.000000,PRESERVE
818,0.00000,29.76562,24555,1,0.000000,PRESERVE
819,0.00000,29.71354,24555,1,0.000000,PRESERVE
820,0.00000,29.68750,24555,1,0.000000,PRESERVE
821,0.00000,29.63542,24555,1,0.000000,PRESERVE
822,0.00000,29.60938,24555,1,0.000000,PRESERVE
WARN: Stable pressure timeout occurred
WARN: Cannot reduce speed pump already running at min speed
Pressure Threshold Reached
823,-0.00938,30.26042,24604,1,0.000000,PRESERVE
824,0.00000,30.20834,24604,1,0.000000,PRESERVE
825,0.00000,30.15625,24604,1,0.000000,PRESERVE
826,0.00000,30.10417,24604,1,0.000000,PRESERVE
827,0.00000,30.05208,24604,1,0.000000,PRESERVE
828,0.00000,30.00000,24604,1,0.000000,PRESERVE
829,0.00000,29.97396,24604,1,0.000000,PRESERVE
830,0.00000,29.92188,24604,1,0.000000,PRESERVE
831,0.00000,29.86979,24604,1,0.000000,PRESERVE
832,0.00000,29.81771,24604,1,0.000000,PRESERVE
833,0.00000,29.76562,24604,1,0.000000,PRESERVE
834,0.00000,29.73959,24604,1,0.000000,PRESERVE
835,0.00000,29.68750,24604,1,0.000000,PRESERVE
836,0.00000,29.63542,24604,1,0.000000,PRESERVE
837,0.00000,29.58333,24604,1,0.000000,PRESERVE
838,0.00000,29.55729,24604,1,0.000000,PRESERVE
839,0.00000,29.50521,24604,1,0.000000,PRESERVE
840,0.00000,29.47917,24604,1,0.000000,PRESERVE
841,0.00000,29.42708,24604,1,0.000000,PRESERVE
842,0.00000,29.37500,24604,1,0.000000,PRESERVE
WARN: Stable pressure timeout occurred
WARN: Cannot reduce speed pump already running at min speed
Pressure Threshold Reached
843,0.00000,30.05208,24652,1,0.000000,PRESERVE
844,0.00000,30.00000,24652,1,0.000000,PRESERVE
845,0.00000,29.94792,24652,1,0.000000,PRESERVE
846,0.00000,29.89583,24652,1,0.000000,PRESERVE
847,0.00000,29.84375,24652,1,0.000000,PRESERVE
848,0.00000,29.81771,24652,1,0.000000,PRESERVE
849,0.00000,29.76562,24652,1,0.000000,PRESERVE
850,0.00000,29.71354,24652,1,0.000000,PRESERVE
851,0.00000,29.66146,24652,1,0.000000,PRESERVE
852,0.00000,29.63542,24652,1,0.000000,PRESERVE
853,0.00000,29.55729,24652,1,0.000000,PRESERVE
854,0.00000,29.53125,24652,1,0.000000,PRESERVE
855,0.00000,29.47917,24652,1,0.000000,PRESERVE
856,0.00000,29.45312,24652,1,0.000000,PRESERVE
857,0.00000,29.40104,24652,1,0.000000,PRESERVE
858,0.00000,29.34896,24652,1,0.000000,PRESERVE
859,0.00000,29.32292,24652,1,0.000000,PRESERVE
860,0.00000,29.27084,24652,1,0.000000,PRESERVE
861,0.00000,29.21875,24652,1,0.000000,PRESERVE
862,0.00000,29.19271,24652,1,0.000000,PRESERVE
WARN: Stable pressure timeout occurred
WARN: Cannot reduce speed pump already running at min speed
Pressure Threshold Reached
863,0.00000,30.57292,24751,1,0.000000,PRESERVE
864,0.00000,30.49479,24751,1,0.000000,PRESERVE
865,0.00000,30.44271,24751,1,0.000000,PRESERVE
866,0.00000,30.39062,24751,1,0.000000,PRESERVE
867,0.00000,30.33854,24751,1,0.000000,PRESERVE
868,0.00000,30.28646,24751,1,0.000000,PRESERVE
869,0.00000,30.23438,24751,1,0.000000,PRESERVE
870,0.00000,30.23438,24751,1,0.000000,PRESERVE
871,0.00000,30.18229,24751,1,0.000000,PRESERVE
872,0.00000,30.13021,24751,1,0.000000,PRESERVE
873,0.00000,30.07813,24751,1,0.000000,PRESERVE
874,0.00000,30.02604,24751,1,0.000000,PRESERVE
875,0.00000,29.97396,24751,1,0.000000,PRESERVE
876,0.00000,29.92188,24751,1,0.000000,PRESERVE
877,0.00000,29.86979,24751,1,0.000000,PRESERVE
878,0.00000,29.81771,24751,1,0.000000,PRESERVE
879,0.00000,29.79167,24751,1,0.000000,PRESERVE
880,0.00000,29.73959,24751,1,0.000000,PRESERVE
881,0.00000,29.68750,24751,1,0.000000,PRESERVE
882,0.00000,29.63542,24751,1,0.000000,PRESERVE
WARN: Stable pressure timeout occurred
WARN: Cannot reduce speed pump already running at min speed
Pressure Threshold Reached
883,0.00000,30.26042,24795,1,0.000000,PRESERVE
884,-0.00938,30.18229,24795,1,0.000000,PRESERVE
885,0.00000,30.15625,24795,1,0.000000,PRESERVE
886,0.00000,30.10417,24795,1,0.000000,PRESERVE
887,0.00000,30.05208,24795,1,0.000000,PRESERVE
888,0.00000,30.00000,24795,1,0.000000,PRESERVE
889,0.00000,29.97396,24795,1,0.000000,PRESERVE
890,-0.00938,29.92188,24795,1,0.000000,PRESERVE
891,0.00000,29.86979,24795,1,0.000000,PRESERVE
892,0.00000,29.81771,24795,1,0.000000,PRESERVE
893,0.00000,29.76562,24795,1,0.000000,PRESERVE
894,0.00000,29.73959,24795,1,0.000000,PRESERVE
895,0.00000,29.68750,24795,1,0.000000,PRESERVE
896,-0.00938,29.63542,24795,1,0.000000,PRESERVE
897,0.00000,29.60938,24795,1,0.000000,PRESERVE
898,0.00000,29.55729,24795,1,0.000000,PRESERVE
899,0.00000,29.50521,24795,1,0.000000,PRESERVE
900,0.00000,29.45312,24795,1,0.000000,PRESERVE
901,-0.00938,29.42708,24795,1,0.000000,PRESERVE
902,-0.00938,29.37500,24795,1,0.000000,PRESERVE
WARN: Stable pressure timeout occurred
WARN: Cannot reduce speed pump already running at min speed
Pressure Threshold Reached
903,0.00000,30.02604,24843,1,0.000000,PRESERVE
904,-0.00938,29.97396,24843,1,0.000000,PRESERVE
905,-0.00938,29.92188,24843,1,0.000000,PRESERVE
906,0.00000,29.86979,24843,1,0.000000,PRESERVE
907,0.00000,29.81771,24843,1,0.000000,PRESERVE
908,0.00000,29.79167,24843,1,0.000000,PRESERVE
909,0.00000,29.73959,24843,1,0.000000,PRESERVE
910,0.00000,29.68750,24843,1,0.000000,PRESERVE
911,0.00000,29.63542,24843,1,0.000000,PRESERVE
912,0.00000,29.60938,24843,1,0.000000,PRESERVE
913,0.00000,29.55729,24843,1,0.000000,PRESERVE
914,0.00000,29.50521,24843,1,0.000000,PRESERVE
915,0.00000,29.47917,24843,1,0.000000,PRESERVE
916,0.00000,29.42708,24843,1,0.000000,PRESERVE
917,0.00000,29.40104,24843,1,0.000000,PRESERVE
918,0.00000,29.32292,24843,1,0.000000,PRESERVE
919,0.00000,29.29688,24843,1,0.000000,PRESERVE
920,0.00000,29.24479,24843,1,0.000000,PRESERVE
921,0.00000,29.21875,24843,1,0.000000,PRESERVE
922,0.00000,29.16667,24843,1,0.000000,PRESERVE
WARN: Stable pressure timeout occurred
WARN: Cannot reduce speed pump already running at min speed
923,0.00000,29.86979,24934,1,0.000000,PRESERVE
Pressure Threshold Reached
924,0.00000,30.57292,24947,1,0.000000,PRESERVE
925,0.00000,30.52083,24947,1,0.000000,PRESERVE
926,-0.00938,30.46875,24947,1,0.000000,PRESERVE
927,0.00000,30.39062,24947,1,0.000000,PRESERVE
928,0.00000,30.36458,24947,1,0.000000,PRESERVE
929,-0.00938,30.31250,24947,1,0.000000,PRESERVE
930,-0.00938,30.26042,24947,1,0.000000,PRESERVE
931,0.00000,30.20834,24947,1,0.000000,PRESERVE
932,0.00000,30.15625,24947,1,0.000000,PRESERVE
933,0.00000,30.10417,24947,1,0.000000,PRESERVE
934,0.00000,30.07813,24947,1,0.000000,PRESERVE
935,-0.00938,30.02604,24947,1,0.000000,PRESERVE
936,0.00000,29.97396,24947,1,0.000000,PRESERVE
937,0.00000,29.94792,24947,1,0.000000,PRESERVE
938,0.00000,29.89583,24947,1,0.000000,PRESERVE
939,0.00000,29.84375,24947,1,0.000000,PRESERVE
940,0.00000,29.79167,24947,1,0.000000,PRESERVE
941,0.00000,29.76562,24947,1,0.000000,PRESERVE
942,0.00000,29.71354,24947,1,0.000000,PRESERVE
943,0.00000,29.66146,24947,1,0.000000,PRESERVE
WARN: Stable pressure timeout occurred
WARN: Cannot reduce speed pump already running at min speed
Pressure Threshold Reached
944,0.00000,30.20834,24987,1,0.000000,PRESERVE
945,0.00000,30.15625,24987,1,0.000000,PRESERVE
946,0.00000,30.10417,24987,1,0.000000,PRESERVE
947,0.00000,30.05208,24987,1,0.000000,PRESERVE
948,0.00000,30.00000,24987,1,0.000000,PRESERVE
949,-0.00938,29.97396,24987,1,0.000000,PRESERVE
950,0.00000,29.92188,24987,1,0.000000,PRESERVE
951,0.00000,29.86979,24987,1,0.000000,PRESERVE
952,0.00000,29.81771,24987,1,0.000000,PRESERVE
953,0.00000,29.79167,24987,1,0.000000,PRESERVE
954,0.00000,29.71354,24987,1,0.000000,PRESERVE
955,0.00000,29.68750,24987,1,0.000000,PRESERVE
956,0.00000,29.63542,24987,1,0.000000,PRESERVE
957,0.00000,29.58333,24987,1,0.000000,PRESERVE
958,-0.00938,29.55729,24987,1,0.000000,PRESERVE
959,0.00000,29.50521,24987,1,0.000000,PRESERVE
960,0.00000,29.45312,24987,1,0.000000,PRESERVE
961,0.00000,29.42708,24987,1,0.000000,PRESERVE
962,-0.00938,29.37500,24987,1,0.000000,PRESERVE
963,0.00000,29.32292,24987,1,0.000000,PRESERVE
WARN: Stable pressure timeout occurred
WARN: Cannot reduce speed pump already running at min speed
Pressure Threshold Reached
964,0.00000,29.97396,25035,1,0.000000,PRESERVE
965,0.00000,29.92188,25035,1,0.000000,PRESERVE
966,0.00000,29.86979,25035,1,0.000000,PRESERVE
967,0.00000,29.81771,25035,1,0.000000,PRESERVE
968,0.00000,29.79167,25035,1,0.000000,PRESERVE
969,0.00000,29.73959,25035,1,0.000000,PRESERVE
970,0.00000,29.68750,25035,1,0.000000,PRESERVE
971,0.00000,29.63542,25035,1,0.000000,PRESERVE
972,0.00000,29.60938,25035,1,0.000000,PRESERVE
973,0.00000,29.55729,25035,1,0.000000,PRESERVE
974,0.00000,29.50521,25035,1,0.000000,PRESERVE
975,0.00000,29.45312,25035,1,0.000000,PRESERVE
976,0.00000,29.42708,25035,1,0.000000,PRESERVE
977,0.00000,29.37500,25035,1,0.000000,PRESERVE
978,0.00000,29.34896,25035,1,0.000000,PRESERVE
979,0.00000,29.29688,25035,1,0.000000,PRESERVE
980,0.00000,29.24479,25035,1,0.000000,PRESERVE
981,-0.00938,29.21875,25035,1,0.000000,PRESERVE
982,0.00000,29.16667,25035,1,0.000000,PRESERVE
983,0.00000,29.11458,25035,1,0.000000,PRESERVE
WARN: Stable pressure timeout occurred
WARN: Cannot reduce speed pump already running at min speed
Pressure Threshold Reached
984,0.00000,30.52083,25136,1,0.000000,PRESERVE
985,0.00000,30.46875,25136,1,0.000000,PRESERVE
986,0.00000,30.41667,25136,1,0.000000,PRESERVE
987,0.00000,30.36458,25136,1,0.000000,PRESERVE
988,0.00000,30.31250,25136,1,0.000000,PRESERVE
989,0.00000,30.26042,25136,1,0.000000,PRESERVE
990,0.00000,30.20834,25136,1,0.000000,PRESERVE
991,0.00000,30.18229,25136,1,0.000000,PRESERVE
992,0.00000,30.10417,25136,1,0.000000,PRESERVE
993,-0.00938,30.05208,25136,1,0.000000,PRESERVE
994,0.00000,30.02604,25136,1,0.000000,PRESERVE
995,0.00000,29.97396,25136,1,0.000000,PRESERVE
996,0.00000,29.94792,25136,1,0.000000,PRESERVE
997,0.00000,29.89583,25136,1,0.000000,PRESERVE
998,0.00000,29.84375,25136,1,0.000000,PRESERVE
999,0.00000,29.79167,25136,1,0.000000,PRESERVE
1000,0.00000,29.76562,25136,1,0.000000,PRESERVE
1001,0.00000,29.71354,25136,1,0.000000,PRESERVE
1002,0.00000,29.66146,25136,1,0.000000,PRESERVE
1003,0.00000,29.60938,25136,1,0.000000,PRESERVE
WARN: Stable pressure timeout occurred
WARN: Cannot reduce speed pump already running at min speed
Pressure Threshold Reached
1004,0.00000,30.23438,25181,1,0.000000,PRESERVE
1005,0.00000,30.15625,25181,1,0.000000,PRESERVE
1006,0.00000,30.13021,25181,1,0.000000,PRESERVE
1007,0.00000,30.05208,25181,1,0.000000,PRESERVE
1008,0.00000,30.02604,25181,1,0.000000,PRESERVE
1009,0.00000,29.97396,25181,1,0.000000,PRESERVE
1010,0.00000,29.92188,25181,1,0.000000,PRESERVE
1011,0.00000,29.89583,25181,1,0.000000,PRESERVE
1012,0.00000,29.84375,25180,1,0.000000,PRESERVE
1013,0.00000,29.79167,25180,1,0.000000,PRESERVE
1014,0.00000,29.76562,25180,1,0.000000,PRESERVE
1015,0.00000,29.71354,25180,1,0.000000,PRESERVE
1016,0.00000,29.66146,25180,1,0.000000,PRESERVE
1017,0.00000,29.60938,25180,1,0.000000,PRESERVE
1018,-0.00938,29.58333,25180,1,0.000000,PRESERVE
1019,0.00000,29.53125,25180,1,0.000000,PRESERVE
1020,0.00000,29.47917,25180,1,0.000000,PRESERVE
1021,0.00000,29.45312,25180,1,0.000000,PRESERVE
1022,0.00000,29.40104,25180,1,0.000000,PRESERVE
1023,0.00000,29.37500,25180,1,0.000000,PRESERVE
WARN: Stable pressure timeout occurred
WARN: Cannot reduce speed pump already running at min speed
Pressure Threshold Reached
1024,0.00000,30.00000,25228,1,0.000000,PRESERVE
1025,0.00000,29.94792,25228,1,0.000000,PRESERVE
1026,0.00000,29.89583,25228,1,0.000000,PRESERVE
1027,0.00000,29.84375,25228,1,0.000000,PRESERVE
1028,0.00000,29.79167,25228,1,0.000000,PRESERVE
1029,0.00000,29.73959,25228,1,0.000000,PRESERVE
1030,0.00000,29.71354,25228,1,0.000000,PRESERVE
1031,0.00000,29.66146,25228,1,0.000000,PRESERVE
1032,0.00000,29.60938,25228,1,0.000000,PRESERVE
1033,0.00000,29.58333,25228,1,0.000000,PRESERVE
1034,0.00000,29.53125,25228,1,0.000000,PRESERVE
1035,0.00000,29.47917,25228,1,0.000000,PRESERVE
1036,0.00000,29.45312,25228,1,0.000000,PRESERVE
1037,0.00000,29.40104,25228,1,0.000000,PRESERVE
1038,0.00000,29.34896,25228,1,0.000000,PRESERVE
1039,0.00000,29.32292,25228,1,0.000000,PRESERVE
1040,0.00000,29.27084,25228,1,0.000000,PRESERVE
1041,0.00000,29.21875,25228,1,0.000000,PRESERVE
1042,0.00000,29.19271,25228,1,0.000000,PRESERVE
1043,0.00000,29.14063,25228,1,0.000000,PRESERVE
WARN: Stable pressure timeout occurred
WARN: Cannot reduce speed pump already running at min speed
Pressure Threshold Reached
1044,-0.00938,30.57292,25328,1,0.000000,PRESERVE
1045,0.00000,30.49479,25328,1,0.000000,PRESERVE
1046,0.00000,30.44271,25328,1,0.000000,PRESERVE
1047,0.00000,30.39062,25328,1,0.000000,PRESERVE
1048,0.00000,30.33854,25328,1,0.000000,PRESERVE
1049,0.00000,30.28646,25328,1,0.000000,PRESERVE
1050,0.00000,30.23438,25328,1,0.000000,PRESERVE
1051,0.00000,30.18229,25328,1,0.000000,PRESERVE
1052,0.00000,30.15625,25328,1,0.000000,PRESERVE
1053,0.00000,30.10417,25328,1,0.000000,PRESERVE
1054,0.00000,30.05208,25328,1,0.000000,PRESERVE
1055,0.00000,30.00000,25328,1,0.000000,PRESERVE
1056,0.00000,29.97396,25328,1,0.000000,PRESERVE
1057,0.00000,29.92188,25328,1,0.000000,PRESERVE
1058,0.00000,29.86979,25328,1,0.000000,PRESERVE
1059,0.00000,29.81771,25328,1,0.000000,PRESERVE
1060,0.00000,29.79167,25328,1,0.000000,PRESERVE
1061,0.00000,29.73959,25328,1,0.000000,PRESERVE
1062,0.00000,29.71354,25328,1,0.000000,PRESERVE
1063,0.00000,29.66146,25328,1,0.000000,PRESERVE
WARN: Stable pressure timeout occurred
WARN: Cannot reduce speed pump already running at min speed
Pressure Threshold Reached
1064,0.00000,30.28646,25371,1,0.000000,PRESERVE
1065,0.00000,30.18229,25371,1,0.000000,PRESERVE
1066,0.00000,30.15625,25371,1,0.000000,PRESERVE
1067,0.00000,30.10417,25371,1,0.000000,PRESERVE
1068,0.00000,30.05208,25371,1,0.000000,PRESERVE
1069,0.00000,30.00000,25371,1,0.000000,PRESERVE
1070,0.00000,29.94792,25371,1,0.000000,PRESERVE
1071,0.00000,29.92188,25371,1,0.000000,PRESERVE
1072,0.00000,29.86979,25371,1,0.000000,PRESERVE
1073,0.00000,29.84375,25371,1,0.000000,PRESERVE
1074,0.00000,29.79167,25371,1,0.000000,PRESERVE
1075,0.00000,29.73959,25371,1,0.000000,PRESERVE
1076,0.00000,29.68750,25371,1,0.000000,PRESERVE
1077,0.00000,29.66146,25371,1,0.000000,PRESERVE
1078,0.00000,29.60938,25371,1,0.000000,PRESERVE
1079,0.00000,29.55729,25371,1,0.000000,PRESERVE
1080,0.00000,29.53125,25371,1,0.000000,PRESERVE
1081,0.00000,29.47917,25371,1,0.000000,PRESERVE
1082,0.00000,29.45312,25371,1,0.000000,PRESERVE
1083,0.00000,29.40104,25371,1,0.000000,PRESERVE
WARN: Stable pressure timeout occurred
WARN: Cannot reduce speed pump already running at min speed
1084,0.00000,29.34896,25411,1,0.000000,PRESERVE
Pressure Threshold Reached
1085,0.00000,30.07813,25423,1,0.000000,PRESERVE
1086,0.00000,30.02604,25423,1,0.000000,PRESERVE
1087,0.00000,29.94792,25423,1,0.000000,PRESERVE
1088,0.00000,29.92188,25423,1,0.000000,PRESERVE
1089,0.00000,29.86979,25423,1,0.000000,PRESERVE
1090,0.00000,29.81771,25423,1,0.000000,PRESERVE
1091,0.00000,29.76562,25423,1,0.000000,PRESERVE
1092,0.00000,29.73959,25423,1,0.000000,PRESERVE
1093,0.00000,29.68750,25423,1,0.000000,PRESERVE
1094,0.00000,29.63542,25423,1,0.000000,PRESERVE
1095,0.00000,29.60938,25423,1,0.000000,PRESERVE
1096,0.00000,29.55729,25423,1,0.000000,PRESERVE
1097,0.00000,29.53125,25423,1,0.000000,PRESERVE
1098,0.00000,29.47917,25423,1,0.000000,PRESERVE
1099,0.00000,29.45312,25423,1,0.000000,PRESERVE
1100,0.00000,29.40104,25423,1,0.000000,PRESERVE
1101,0.00000,29.34896,25423,1,0.000000,PRESERVE
1102,0.00000,29.32292,25423,1,0.000000,PRESERVE
1103,0.00000,29.27084,25423,1,0.000000,PRESERVE
1104,-0.00938,29.21875,25423,1,0.000000,PRESERVE
WARN: Stable pressure timeout occurred
WARN: Cannot reduce speed pump already running at min speed
Pressure Threshold Reached
1105,0.00000,30.57292,25519,1,0.000000,PRESERVE
1106,0.00000,30.52083,25519,1,0.000000,PRESERVE
1107,0.00000,30.46875,25519,1,0.000000,PRESERVE
1108,0.00000,30.41667,25519,1,0.000000,PRESERVE
1109,0.00000,30.36458,25519,1,0.000000,PRESERVE
1110,0.00000,30.31250,25519,1,0.000000,PRESERVE
1111,0.00000,30.28646,25519,1,0.000000,PRESERVE
1112,0.00000,30.20834,25519,1,0.000000,PRESERVE
1113,0.00000,30.18229,25519,1,0.000000,PRESERVE
1114,0.00000,30.13021,25519,1,0.000000,PRESERVE
1115,0.00000,30.07813,25519,1,0.000000,PRESERVE
1116,0.00000,30.02604,25519,1,0.000000,PRESERVE
1117,0.00000,30.00000,25519,1,0.000000,PRESERVE
1118,0.00000,29.94792,25519,1,0.000000,PRESERVE
1119,0.00000,29.92188,25519,1,0.000000,PRESERVE
1120,0.00000,29.84375,25519,1,0.000000,PRESERVE
1121,0.00000,29.81771,25519,1,0.000000,PRESERVE
1122,0.00000,29.76562,25519,1,0.000000,PRESERVE
1123,0.00000,29.73959,25519,1,0.000000,PRESERVE
1124,0.00000,29.68750,25519,1,0.000000,PRESERVE
WARN: Stable pressure timeout occurred
WARN: Cannot reduce speed pump already running at min speed
Pressure Threshold Reached
1125,0.00000,30.28646,25563,1,0.000000,PRESERVE
1126,0.00000,30.23438,25563,1,0.000000,PRESERVE
1127,0.00000,30.18229,25563,1,0.000000,PRESERVE
1128,0.00000,30.15625,25563,1,0.000000,PRESERVE
1129,0.00000,30.07813,25563,1,0.000000,PRESERVE
1130,0.00000,30.05208,25563,1,0.000000,PRESERVE
1131,0.00000,30.00000,25563,1,0.000000,PRESERVE
1132,-0.00938,29.94792,25563,1,0.000000,PRESERVE
1133,0.00000,29.92188,25563,1,0.000000,PRESERVE
1134,0.00000,29.86979,25563,1,0.000000,PRESERVE
1135,0.00000,29.81771,25563,1,0.000000,PRESERVE
1136,0.00000,29.79167,25563,1,0.000000,PRESERVE
1137,0.00000,29.73959,25563,1,0.000000,PRESERVE
1138,0.00000,29.71354,25563,1,0.000000,PRESERVE
1139,0.00000,29.68750,25563,1,0.000000,PRESERVE
1140,0.00000,29.63542,25563,1,0.000000,PRESERVE
1141,0.00000,29.58333,25563,1,0.000000,PRESERVE
1142,0.00000,29.53125,25563,1,0.000000,PRESERVE
1143,0.00000,29.47917,25563,1,0.000000,PRESERVE
1144,0.00000,29.45312,25563,1,0.000000,PRESERVE
WARN: Stable pressure timeout occurred
WARN: Cannot reduce speed pump already running at min speed
Pressure Threshold Reached
1145,0.00000,30.10417,25611,1,0.000000,PRESERVE
1146,0.00000,30.05208,25611,1,0.000000,PRESERVE
1147,0.00000,30.00000,25611,1,0.000000,PRESERVE
1148,0.00000,29.94792,25611,1,0.000000,PRESERVE
1149,0.00000,29.89583,25611,1,0.000000,PRESERVE
1150,0.00000,29.86979,25611,1,0.000000,PRESERVE
1151,0.00000,29.81771,25611,1,0.000000,PRESERVE
1152,0.00000,29.76562,25611,1,0.000000,PRESERVE
1153,0.00000,29.71354,25611,1,0.000000,PRESERVE
1154,0.00000,29.68750,25611,1,0.000000,PRESERVE
1155,0.00000,29.63542,25611,1,0.000000,PRESERVE
1156,0.00000,29.58333,25611,1,0.000000,PRESERVE
1157,0.00000,29.53125,25611,1,0.000000,PRESERVE
1158,0.00000,29.50521,25611,1,0.000000,PRESERVE
1159,0.00000,29.45312,25611,1,0.000000,PRESERVE
1160,-0.00938,29.42708,25611,1,0.000000,PRESERVE
1161,0.00000,29.37500,25611,1,0.000000,PRESERVE
1162,0.00000,29.34896,25611,1,0.000000,PRESERVE
1163,0.00000,29.29688,25611,1,0.000000,PRESERVE
1164,0.00000,29.24479,25611,1,0.000000,PRESERVE
WARN: Stable pressure timeout occurred
WARN: Cannot reduce speed pump already running at min speed
Pressure Threshold Reached
1165,0.00000,30.67709,25712,1,0.000000,PRESERVE
1166,0.00000,30.62500,25712,1,0.000000,PRESERVE
1167,0.00000,30.54688,25712,1,0.000000,PRESERVE
1168,0.00000,30.52083,25712,1,0.000000,PRESERVE
1169,0.00000,30.46875,25712,1,0.000000,PRESERVE
1170,0.00000,30.39062,25712,1,0.000000,PRESERVE
1171,0.00000,30.36458,25712,1,0.000000,PRESERVE
1172,0.00000,30.31250,25712,1,0.000000,PRESERVE
1173,0.00000,30.26042,25712,1,0.000000,PRESERVE
1174,0.00000,30.20834,25712,1,0.000000,PRESERVE
1175,0.00000,30.18229,25712,1,0.000000,PRESERVE
1176,0.00000,30.13021,25712,1,0.000000,PRESERVE
1177,0.00000,30.07813,25712,1,0.000000,PRESERVE
1178,0.00000,30.02604,25712,1,0.000000,PRESERVE
1179,0.00000,30.00000,25712,1,0.000000,PRESERVE
1180,0.00000,29.94792,25712,1,0.000000,PRESERVE
1181,0.00000,29.89583,25712,1,0.000000,PRESERVE
1182,0.00000,29.84375,25712,1,0.000000,PRESERVE
1183,0.00000,29.81771,25712,1,0.000000,PRESERVE
1184,0.00000,29.76562,25712,1,0.000000,PRESERVE
WARN: Stable pressure timeout occurred
WARN: Cannot reduce speed pump already running at min speed
Pressure Threshold Reached
1185,0.00000,30.36458,25755,1,0.000000,PRESERVE
1186,0.00000,30.28646,25755,1,0.000000,PRESERVE
1187,0.00000,30.26042,25755,1,0.000000,PRESERVE
1188,0.00000,30.20834,25755,1,0.000000,PRESERVE
1189,0.00000,30.15625,25755,1,0.000000,PRESERVE
1190,-0.00938,30.10417,25755,1,0.000000,PRESERVE
1191,0.00000,30.05208,25755,1,0.000000,PRESERVE
1192,0.00000,30.02604,25755,1,0.000000,PRESERVE
1193,0.00000,29.97396,25755,1,0.000000,PRESERVE
1194,0.00000,29.92188,25755,1,0.000000,PRESERVE
1195,0.00000,29.89583,25755,1,0.000000,PRESERVE
1196,0.00000,29.84375,25755,1,0.000000,PRESERVE
1197,-0.00938,29.79167,25755,1,0.000000,PRESERVE
1198,-0.00938,29.76562,25755,1,0.000000,PRESERVE
1199,0.00000,29.71354,25755,1,0.000000,PRESERVE
1200,0.00000,29.66146,25755,1,0.000000,PRESERVE
1201,0.00000,29.63542,25755,1,0.000000,PRESERVE
1202,0.00000,29.58333,25755,1,0.000000,PRESERVE
1203,0.00000,29.53125,25755,1,0.000000,PRESERVE
1204,0.00000,29.47917,25755,1,0.000000,PRESERVE
WARN: Stable pressure timeout occurred
WARN: Cannot reduce speed pump already running at min speed
Pressure Threshold Reached
1205,0.00000,30.13021,25803,1,0.000000,PRESERVE
1206,0.00000,30.10417,25803,1,0.000000,PRESERVE
1207,0.00000,30.05208,25803,1,0.000000,PRESERVE
1208,0.00000,30.00000,25803,1,0.000000,PRESERVE
1209,0.00000,29.94792,25803,1,0.000000,PRESERVE
1210,0.00000,29.92188,25803,1,0.000000,PRESERVE
1211,0.00000,29.86979,25803,1,0.000000,PRESERVE
1212,-0.00938,29.81771,25803,1,0.000000,PRESERVE
1213,0.00000,29.76562,25803,1,0.000000,PRESERVE
1214,0.00000,29.73959,25803,1,0.000000,PRESERVE
1215,0.00000,29.68750,25803,1,0.000000,PRESERVE
1216,0.00000,29.63542,25803,1,0.000000,PRESERVE
1217,0.00000,29.60938,25803,1,0.000000,PRESERVE
1218,0.00000,29.55729,25803,1,0.000000,PRESERVE
1219,0.00000,29.50521,25803,1,0.000000,PRESERVE
1220,0.00000,29.47917,25803,1,0.000000,PRESERVE
1221,0.00000,29.42708,25803,1,0.000000,PRESERVE
1222,-0.00938,29.40104,25803,1,0.000000,PRESERVE
1223,-0.00938,29.34896,25803,1,0.000000,PRESERVE
1224,0.00000,29.29688,25803,1,0.000000,PRESERVE
WARN: Stable pressure timeout occurred
WARN: Cannot reduce speed pump already running at min speed
Pressure Threshold Reached
1225,0.00000,30.00000,25851,1,0.000000,PRESERVE
1226,0.00000,29.92188,25851,1,0.000000,PRESERVE
1227,0.00000,29.86979,25851,1,0.000000,PRESERVE
1228,0.00000,29.81771,25851,1,0.000000,PRESERVE
1229,0.00000,29.76562,25851,1,0.000000,PRESERVE
1230,0.00000,29.73959,25851,1,0.000000,PRESERVE
1231,0.00000,29.68750,25851,1,0.000000,PRESERVE
1232,0.00000,29.63542,25851,1,0.000000,PRESERVE
1233,-0.00938,29.58333,25851,1,0.000000,PRESERVE
1234,-0.00938,29.55729,25851,1,0.000000,PRESERVE
1235,-0.00938,29.50521,25851,1,0.000000,PRESERVE
1236,0.00000,29.45312,25851,1,0.000000,PRESERVE
1237,0.00000,29.42708,25851,1,0.000000,PRESERVE
1238,-0.00938,29.37500,25851,1,0.000000,PRESERVE
1239,0.00000,29.32292,25851,1,0.000000,PRESERVE
1240,0.00000,29.29688,25851,1,0.000000,PRESERVE
1241,0.00000,29.24479,25851,1,0.000000,PRESERVE
1242,0.00000,29.21875,25851,1,0.000000,PRESERVE
1243,0.00000,29.16667,25851,1,0.000000,PRESERVE
1244,0.00000,29.14063,25851,1,0.000000,PRESERVE
WARN: Stable pressure timeout occurred
WARN: Cannot reduce speed pump already running at min speed
ERR: Stroke timeout occurred, fluidic blockage
1245,0.00000,29.08854,25883,1,0.000000,PRESERVE
1246,-0.00938,29.50521,25883,1,0.000000,PRESERVE
1247,0.00000,29.45312,25883,1,0.000000,PRESERVE
1248,0.00000,29.40104,25883,1,0.000000,PRESERVE
1249,0.00000,29.37500,25883,1,0.000000,PRESERVE
1250,0.00000,29.32292,25883,1,0.000000,PRESERVE
1251,0.00000,29.27084,25883,1,0.000000,PRESERVE
1252,0.00000,29.24479,25883,1,0.000000,PRESERVE
1253,0.00000,29.19271,25883,1,0.000000,PRESERVE
1254,0.00000,29.16667,25883,1,0.000000,PRESERVE
1255,0.00000,29.11458,25883,1,0.000000,PRESERVE
1256,-0.00938,29.08854,25883,1,0.000000,PRESERVE
1257,0.00000,29.03646,25883,1,0.000000,PRESERVE
1258,-0.00938,28.98438,25883,1,0.000000,PRESERVE
1259,0.00000,28.95834,25883,1,0.000000,PRESERVE
1260,0.00000,28.90625,25883,1,0.000000,PRESERVE
1261,0.00000,28.88021,25883,1,0.000000,PRESERVE
1262,0.00000,28.82812,25883,1,0.000000,PRESERVE
1263,0.00000,28.80209,25883,1,0.000000,PRESERVE
1264,-0.00938,28.75000,25883,1,0.000000,PRESERVE
WARN: Stable pressure timeout occurred
1265,-0.00938,28.72396,25883,1,0.000000,PRESERVE
ERR: Could not translate line PUMPC
PROTOCOL,PRESERVE,STOP,5
PAUSE,2
1266,0.00000,28.69792,25883,1,0.000000,NA
1267,0.00000,28.64583,25883,1,0.000000,NA
VALVE_SET,01268,0.00000,28.61979,25883,1,0.000000,NA
Parsing script: post_clean.txt
#eDNA Sampler Flush Tree, V3, FP-0003-02
SPEED,DEFAULT
VALVE_SET,2 
PAUSE,2
1269,0.00000,1.14583,25883,1,0.000000,NA
1270,0.00000,1.14583,25883,1,0.000000,NA
HOME
Setting PWM frequency to 10666.666992
ARRVal = 187
1271,0.00000,4.66146,28859,1,0.000000,NA
1272,0.00000,1.17188,30001,0,0.000000,NA
VALVE_SET,0
PAUSE,2
1273,0.00000,1.17188,30001,0,0.000000,NA
1274,0.00000,1.17188,30001,0,0.000000,NA
PROTOCOL,CLEANSE_CHAN,START,0
#MILLI-Q FLUSH OF TREE OUT INLET, 6 mL, [21,20], [2]
PUMPC,MQ,3000,2,21/20,2
Setting PWM frequency to 10666.666992
ARRVal = 187
1275,-0.00938,0.93750,28559,1,0.000000,CLEANSE_CHAN
1276,-0.00938,-3.04688,25453,1,0.000000,CLEANSE_CHAN
1277,0.00000,-3.72396,22346,1,0.000000,CLEANSE_CHAN
1278,0.00000,-4.42708,19240,1,0.000000,CLEANSE_CHAN
1279,0.00000,-2.94271,17992,1,0.000000,CLEANSE_CHAN
1280,0.00000,-0.31250,17992,1,0.000000,CLEANSE_CHAN
Setting PWM frequency to 10666.666992
ARRVal = 187
1281,0.00000,3.61979,20086,1,0.000000,CLEANSE_CHAN
1282,0.00000,4.24479,23193,1,0.000000,CLEANSE_CHAN
1283,0.00000,4.24479,26299,1,0.000000,CLEANSE_CHAN
1284,0.00000,4.19271,29406,1,0.000000,CLEANSE_CHAN
1285,0.00000,1.19792,30000,0,0.000000,CLEANSE_CHAN
Setting PWM frequency to 10666.666992
ARRVal = 187
1286,0.00000,-1.79688,28214,1,0.000000,CLEANSE_CHAN
1287,0.00000,-3.61979,25108,1,0.000000,CLEANSE_CHAN
1288,0.00000,-4.47917,22002,1,0.000000,CLEANSE_CHAN
1289,0.00000,-4.94792,18895,1,0.000000,CLEANSE_CHAN
1290,0.00000,-3.02083,17992,1,0.000000,CLEANSE_CHAN
1291,0.00000,-0.39063,17992,1,0.000000,CLEANSE_CHAN
Setting PWM frequency to 10666.666992
ARRVal = 187
1292,0.00000,3.43750,20086,1,0.000000,CLEANSE_CHAN
1293,0.00000,3.75000,23193,1,0.000000,CLEANSE_CHAN
1294,0.00000,3.67188,26299,1,0.000000,CLEANSE_CHAN
1295,0.00000,3.64583,29411,1,0.000000,CLEANSE_CHAN
1296,0.00000,1.19792,30000,0,0.000000,CLEANSE_CHAN
#HCL FLUSH OF TREE OUT INLET, 9 mL, [8,20], [2]
PUMPC,HCL,3000,3,8/20,2
Setting PWM frequency to 10666.666992
ARRVal = 187
1297,0.00000,-1.95312,28236,1,0.000000,CLEANSE_CHAN
1298,0.00000,-4.86979,25129,1,0.000000,CLEANSE_CHAN
1299,0.00000,-6.82292,22023,1,0.000000,CLEANSE_CHAN
1300,-0.00938,-8.02083,18914,1,0.000000,CLEANSE_CHAN
1301,0.00000,-8.35938,17992,1,0.000000,CLEANSE_CHAN
1302,0.00000,-8.33333,17992,1,0.000000,CLEANSE_CHAN
1303,0.00000,-8.33333,17992,1,0.000000,CLEANSE_CHAN
1304,0.00000,-8.33333,17992,1,0.000000,CLEANSE_CHAN
1305,0.00000,-8.33333,17992,1,0.000000,CLEANSE_CHAN
1306,0.00000,-8.30729,17992,1,0.000000,CLEANSE_CHAN
1307,0.00000,-8.30729,17992,1,0.000000,CLEANSE_CHAN
1308,0.00000,-8.30729,17992,1,0.000000,CLEANSE_CHAN
1309,0.00000,-8.30729,17992,1,0.000000,CLEANSE_CHAN
1310,0.00000,-8.30729,17992,1,0.000000,CLEANSE_CHAN
1311,0.00000,-8.30729,17992,1,0.000000,CLEANSE_CHAN
1312,0.00000,-8.30729,17992,1,0.000000,CLEANSE_CHAN
1313,0.00000,-8.30729,17992,1,0.000000,CLEANSE_CHAN
1314,0.00000,-8.30729,17992,1,0.000000,CLEANSE_CHAN
1315,0.00000,-8.30729,17992,1,0.000000,CLEANSE_CHAN
1316,-0.00938,-8.30729,17992,1,0.000000,CLEANSE_CHAN
1317,0.00000,-8.28125,17992,1,0.000000,CLEANSE_CHAN
1318,0.00000,-8.28125,17992,1,0.000000,CLEANSE_CHAN
1319,0.00000,-8.28125,17992,1,0.000000,CLEANSE_CHAN
1320,0.00000,-8.28125,17992,1,0.000000,CLEANSE_CHAN
WARN: Stable pressure timeout occurred
1321,0.00000,-8.28125,17992,1,0.000000,CLEANSE_CHAN
Setting PWM frequency to 10666.666992
ARRVal = 187
1322,0.00000,-2.81250,20162,1,0.000000,CLEANSE_CHAN
1323,0.00000,3.20312,23268,1,0.000000,CLEANSE_CHAN
1324,0.00000,3.43750,26375,1,0.000000,CLEANSE_CHAN
1325,0.00000,3.48958,29500,1,0.000000,CLEANSE_CHAN
1326,0.00000,1.09375,30019,0,0.000000,CLEANSE_CHAN
Setting PWM frequency to 10666.666992
ARRVal = 187
1327,0.00000,-6.11979,27903,1,0.000000,CLEANSE_CHAN
1328,0.00000,-7.81250,24796,1,0.000000,CLEANSE_CHAN
1329,0.00000,-8.64583,21687,1,0.000000,CLEANSE_CHAN
1330,0.00000,-9.24479,18580,1,0.000000,CLEANSE_CHAN
1331,0.00000,-9.40104,17993,1,0.000000,CLEANSE_CHAN
1332,0.00000,-9.42708,17993,1,0.000000,CLEANSE_CHAN
1333,0.00000,-9.42708,17993,1,0.000000,CLEANSE_CHAN
1334,0.00000,-9.45312,17993,1,0.000000,CLEANSE_CHAN
1335,0.00000,-9.42708,17993,1,0.000000,CLEANSE_CHAN
1336,0.00000,-9.45312,17993,1,0.000000,CLEANSE_CHAN
1337,0.00000,-9.45312,17993,1,0.000000,CLEANSE_CHAN
1338,0.00000,-9.45312,17993,1,0.000000,CLEANSE_CHAN
1339,-0.00938,-9.45312,17993,1,0.000000,CLEANSE_CHAN
1340,0.00000,-9.45312,17993,1,0.000000,CLEANSE_CHAN
1341,0.00000,-9.45312,17993,1,0.000000,CLEANSE_CHAN
1342,0.00000,-9.45312,17993,1,0.000000,CLEANSE_CHAN
1343,0.00000,-9.45312,17993,1,0.000000,CLEANSE_CHAN
1344,0.00000,-9.45312,17993,1,0.000000,CLEANSE_CHAN
1345,0.00000,-9.45312,17993,1,0.000000,CLEANSE_CHAN
1346,0.00000,-9.45312,17993,1,0.000000,CLEANSE_CHAN
1347,0.00000,-9.45312,17993,1,0.000000,CLEANSE_CHAN
1348,0.00000,-9.45312,17993,1,0.000000,CLEANSE_CHAN
1349,0.00000,-9.45312,17993,1,0.000000,CLEANSE_CHAN
1350,0.00000,-9.45312,17993,1,0.000000,CLEANSE_CHAN
WARN: Stable pressure timeout occurred
1351,0.00000,-9.45312,17993,1,0.000000,CLEANSE_CHAN
Setting PWM frequency to 10666.666992
ARRVal = 187
1352,0.00000,-5.57292,20492,1,0.000000,CLEANSE_CHAN
1353,0.00000,2.76042,23598,1,0.000000,CLEANSE_CHAN
1354,0.00000,3.38542,26705,1,0.000000,CLEANSE_CHAN
1355,0.00000,3.41146,29931,0,0.000000,CLEANSE_CHAN
1356,-0.00938,1.09375,30026,0,0.000000,CLEANSE_CHAN
Setting PWM frequency to 10666.666992
ARRVal = 187
1357,0.00000,-7.13542,27600,1,0.000000,CLEANSE_CHAN
1358,0.00000,-8.12500,24491,1,0.000000,CLEANSE_CHAN
1359,0.00000,-8.90625,21385,1,0.000000,CLEANSE_CHAN
1360,-0.00938,-9.55729,18278,1,0.000000,CLEANSE_CHAN
1361,0.00000,-9.66146,17992,1,0.000000,CLEANSE_CHAN
1362,0.00000,-9.66146,17992,1,0.000000,CLEANSE_CHAN
1363,0.00000,-9.66146,17992,1,0.000000,CLEANSE_CHAN
1364,0.00000,-9.66146,17992,1,0.000000,CLEANSE_CHAN
1365,0.00000,-9.66146,17992,1,0.000000,CLEANSE_CHAN
1366,0.00000,-9.66146,17992,1,0.000000,CLEANSE_CHAN
1367,0.00000,-9.68750,17992,1,0.000000,CLEANSE_CHAN
1368,0.00000,-9.66146,17992,1,0.000000,CLEANSE_CHAN
1369,0.00000,-9.66146,17992,1,0.000000,CLEANSE_CHAN
1370,0.00000,-9.66146,17992,1,0.000000,CLEANSE_CHAN
1371,0.00000,-9.66146,17992,1,0.000000,CLEANSE_CHAN
1372,0.00000,-9.66146,17992,1,0.000000,CLEANSE_CHAN
1373,0.00000,-9.66146,17992,1,0.000000,CLEANSE_CHAN
1374,0.00000,-9.66146,17992,1,0.000000,CLEANSE_CHAN
1375,0.00000,-9.66146,17992,1,0.000000,CLEANSE_CHAN
1376,0.00000,-9.66146,17992,1,0.000000,CLEANSE_CHAN
1377,0.00000,-9.66146,17992,1,0.000000,CLEANSE_CHAN
1378,0.00000,-9.66146,17992,1,0.000000,CLEANSE_CHAN
1379,0.00000,-9.66146,17992,1,0.000000,CLEANSE_CHAN
1380,0.00000,-9.66146,17992,1,0.000000,CLEANSE_CHAN
WARN: Stable pressure timeout occurred
1381,0.00000,-9.66146,17992,1,0.000000,CLEANSE_CHAN
Setting PWM frequency to 10666.666992
ARRVal = 187
1382,0.00000,-5.67708,20798,1,0.000000,CLEANSE_CHAN
1383,0.00000,2.63021,23905,1,0.000000,CLEANSE_CHAN
1384,0.00000,3.35938,27011,1,0.000000,CLEANSE_CHAN
1385,0.00000,3.43750,30037,0,0.000000,CLEANSE_CHAN
1386,0.00000,1.11979,30037,0,0.000000,CLEANSE_CHAN
#HCL FLUSH OF TREE OUT OUTLET, 1 mL, [8,20], [20,22]
PUMPC,HCL,1000,1,8/20,20/22
Setting PWM frequency to 10666.666992
ARRVal = 187
1387,0.00000,-6.82292,27620,1,0.000000,CLEANSE_CHAN
1388,0.00000,-7.63021,25992,1,0.000000,CLEANSE_CHAN
1389,0.00000,-7.63021,25992,1,0.000000,CLEANSE_CHAN
1390,0.00000,-7.63021,25992,1,0.000000,CLEANSE_CHAN
1391,0.00000,-7.63021,25992,1,0.000000,CLEANSE_CHAN
1392,0.00000,-7.63021,25992,1,0.000000,CLEANSE_CHAN
1393,0.00000,-7.63021,25992,1,0.000000,CLEANSE_CHAN
1394,0.00000,-7.63021,25992,1,0.000000,CLEANSE_CHAN
1395,0.00000,-7.63021,25992,1,0.000000,CLEANSE_CHAN
1396,0.00000,-7.63021,25992,1,0.000000,CLEANSE_CHAN
1397,0.00000,-7.63021,25992,1,0.000000,CLEANSE_CHAN
1398,0.00000,-7.63021,25992,1,0.000000,CLEANSE_CHAN
1399,0.00000,-7.63021,25992,1,0.000000,CLEANSE_CHAN
1400,0.00000,-7.63021,25992,1,0.000000,CLEANSE_CHAN
1401,0.00000,-7.63021,25992,1,0.000000,CLEANSE_CHAN
1402,0.00000,-7.63021,25992,1,0.000000,CLEANSE_CHAN
1403,0.00000,-7.63021,25992,1,0.000000,CLEANSE_CHAN
1404,0.00000,-7.63021,25992,1,0.000000,CLEANSE_CHAN
1405,0.00000,-7.63021,25992,1,0.000000,CLEANSE_CHAN
1406,-0.00938,-7.63021,25992,1,0.000000,CLEANSE_CHAN
1407,0.00000,-7.63021,25992,1,0.000000,CLEANSE_CHAN
WARN: Stable pressure timeout occurred
1408,-0.00938,-7.63021,25992,1,0.000000,CLEANSE_CHAN
Setting PWM frequency to 10666.666992
ARRVal = 187
1409,0.00000,-6.09375,27456,1,0.000000,CLEANSE_CHAN
1410,0.00000,1.14583,29920,0,0.000000,CLEANSE_CHAN
PAUSE,2
1411,0.00000,1.11979,29920,0,0.000000,CLEANSE_CHAN
1412,0.00000,1.09375,29920,0,0.000000,CLEANSE_CHAN
VALVE_SET,0
PAUSE,120
1413,0.00000,1.06771,29920,0,0.000000,CLEANSE_CHAN
1414,0.00000,1.09375,29920,0,0.000000,CLEANSE_CHAN
1415,0.00000,1.06771,29920,0,0.000000,CLEANSE_CHAN
1416,0.00000,1.09375,29920,0,0.000000,CLEANSE_CHAN
1417,0.00000,1.06771,29920,0,0.000000,CLEANSE_CHAN
1418,0.00000,1.09375,29920,0,0.000000,CLEANSE_CHAN
1419,0.00000,1.06771,29920,0,0.000000,CLEANSE_CHAN
1420,0.00000,1.06771,29920,0,0.000000,CLEANSE_CHAN
1421,0.00000,1.06771,29920,0,0.000000,CLEANSE_CHAN
1422,0.00000,1.06771,29920,0,0.000000,CLEANSE_CHAN
1423,0.00000,1.06771,29920,0,0.000000,CLEANSE_CHAN
1424,0.00000,1.06771,29920,0,0.000000,CLEANSE_CHAN
1425,0.00000,1.09375,29920,0,0.000000,CLEANSE_CHAN
1426,0.00000,1.06771,29920,0,0.000000,CLEANSE_CHAN
1427,0.00000,1.06771,29920,0,0.000000,CLEANSE_CHAN
1428,-0.00938,1.06771,29920,0,0.000000,CLEANSE_CHAN
1429,0.00000,1.06771,29920,0,0.000000,CLEANSE_CHAN
1430,0.00000,1.06771,29920,0,0.000000,CLEANSE_CHAN
1431,0.00000,1.06771,29920,0,0.000000,CLEANSE_CHAN
1432,0.00000,1.06771,29920,0,0.000000,CLEANSE_CHAN
1433,0.00000,1.06771,29920,0,0.000000,CLEANSE_CHAN
1434,0.00000,1.06771,29920,0,0.000000,CLEANSE_CHAN
1435,-0.00938,1.06771,29920,0,0.000000,CLEANSE_CHAN
1436,0.00000,1.06771,29920,0,0.000000,CLEANSE_CHAN
1437,0.00000,1.06771,29920,0,0.000000,CLEANSE_CHAN
1438,0.00000,1.06771,29920,0,0.000000,CLEANSE_CHAN
1439,0.00000,1.06771,29920,0,0.000000,CLEANSE_CHAN
1440,0.00000,1.06771,29920,0,0.000000,CLEANSE_CHAN
1441,0.00000,1.06771,29920,0,0.000000,CLEANSE_CHAN
1442,-0.00938,1.06771,29920,0,0.000000,CLEANSE_CHAN
1443,0.00000,1.06771,29920,0,0.000000,CLEANSE_CHAN
1444,0.00000,1.06771,29920,0,0.000000,CLEANSE_CHAN
1445,0.00000,1.06771,29920,0,0.000000,CLEANSE_CHAN
1446,0.00000,1.06771,29920,0,0.000000,CLEANSE_CHAN
1447,0.00000,1.06771,29920,0,0.000000,CLEANSE_CHAN
1448,0.00000,1.06771,29920,0,0.000000,CLEANSE_CHAN
1449,0.00000,1.06771,29920,0,0.000000,CLEANSE_CHAN
1450,0.00000,1.06771,29920,0,0.000000,CLEANSE_CHAN
1451,0.00000,1.06771,29920,0,0.000000,CLEANSE_CHAN
1452,0.00000,1.04167,29920,0,0.000000,CLEANSE_CHAN
1453,0.00000,1.06771,29920,0,0.000000,CLEANSE_CHAN
1454,-0.00938,1.06771,29920,0,0.000000,CLEANSE_CHAN
1455,0.00000,1.06771,29920,0,0.000000,CLEANSE_CHAN
1456,0.00000,1.06771,29920,0,0.000000,CLEANSE_CHAN
1457,0.00000,1.06771,29920,0,0.000000,CLEANSE_CHAN
1458,0.00000,1.06771,29920,0,0.000000,CLEANSE_CHAN
1459,0.00000,1.06771,29920,0,0.000000,CLEANSE_CHAN
1460,0.00000,1.06771,29920,0,0.000000,CLEANSE_CHAN
1461,0.00000,1.06771,29920,0,0.000000,CLEANSE_CHAN
1462,0.00000,1.06771,29920,0,0.000000,CLEANSE_CHAN
1463,0.00000,1.04167,29920,0,0.000000,CLEANSE_CHAN
1464,0.00000,1.06771,29920,0,0.000000,CLEANSE_CHAN
1465,0.00000,1.06771,29920,0,0.000000,CLEANSE_CHAN
1466,0.00000,1.06771,29920,0,0.000000,CLEANSE_CHAN
1467,0.00000,1.04167,29920,0,0.000000,CLEANSE_CHAN
1468,0.00000,1.04167,29920,0,0.000000,CLEANSE_CHAN
1469,0.00000,1.06771,29920,0,0.000000,CLEANSE_CHAN
1470,0.00000,1.04167,29920,0,0.000000,CLEANSE_CHAN
1471,0.00000,1.06771,29920,0,0.000000,CLEANSE_CHAN
1472,0.00000,1.04167,29920,0,0.000000,CLEANSE_CHAN
1473,0.00000,1.04167,29920,0,0.000000,CLEANSE_CHAN
1474,0.00000,1.06771,29920,0,0.000000,CLEANSE_CHAN
1475,0.00000,1.06771,29920,0,0.000000,CLEANSE_CHAN
1476,0.00000,1.04167,29920,0,0.000000,CLEANSE_CHAN
1477,0.00000,1.04167,29920,0,0.000000,CLEANSE_CHAN
1478,0.00000,1.04167,29920,0,0.000000,CLEANSE_CHAN
1479,0.00000,1.06771,29920,0,0.000000,CLEANSE_CHAN
1480,0.00000,1.04167,29920,0,0.000000,CLEANSE_CHAN
1481,0.00000,1.06771,29920,0,0.000000,CLEANSE_CHAN
1482,0.00000,1.04167,29920,0,0.000000,CLEANSE_CHAN
1483,0.00000,1.04167,29920,0,0.000000,CLEANSE_CHAN
1484,0.00000,1.04167,29920,0,0.000000,CLEANSE_CHAN
1485,0.00000,1.06771,29920,0,0.000000,CLEANSE_CHAN
1486,0.00000,1.04167,29920,0,0.000000,CLEANSE_CHAN
1487,0.00000,1.04167,29920,0,0.000000,CLEANSE_CHAN
1488,0.00000,1.04167,29920,0,0.000000,CLEANSE_CHAN
1489,0.00000,1.04167,29920,0,0.000000,CLEANSE_CHAN
1490,0.00000,1.06771,29920,0,0.000000,CLEANSE_CHAN
1491,0.00000,1.04167,29920,0,0.000000,CLEANSE_CHAN
1492,0.00000,1.04167,29920,0,0.000000,CLEANSE_CHAN
1493,0.00000,1.04167,29920,0,0.000000,CLEANSE_CHAN
1494,0.00000,1.06771,29920,0,0.000000,CLEANSE_CHAN
1495,0.00000,1.04167,29920,0,0.000000,CLEANSE_CHAN
1496,0.00000,1.04167,29920,0,0.000000,CLEANSE_CHAN
1497,0.00000,1.04167,29920,0,0.000000,CLEANSE_CHAN
1498,0.00000,1.04167,29920,0,0.000000,CLEANSE_CHAN
1499,0.00000,1.04167,29920,0,0.000000,CLEANSE_CHAN
1500,0.00000,1.04167,29920,0,0.000000,CLEANSE_CHAN
1501,0.00000,1.04167,29920,0,0.000000,CLEANSE_CHAN
1502,0.00000,1.04167,29920,0,0.000000,CLEANSE_CHAN
1503,0.00000,1.04167,29920,0,0.000000,CLEANSE_CHAN
1504,-0.00938,1.06771,29920,0,0.000000,CLEANSE_CHAN
1505,0.00000,1.04167,29920,0,0.000000,CLEANSE_CHAN
1506,0.00000,1.04167,29920,0,0.000000,CLEANSE_CHAN
1507,0.00000,1.04167,29920,0,0.000000,CLEANSE_CHAN
1508,0.00000,1.04167,29920,0,0.000000,CLEANSE_CHAN
1509,0.00000,1.04167,29920,0,0.000000,CLEANSE_CHAN
1510,0.00000,1.04167,29920,0,0.000000,CLEANSE_CHAN
1511,0.00000,1.04167,29920,0,0.000000,CLEANSE_CHAN
1512,0.00000,1.04167,29920,0,0.000000,CLEANSE_CHAN
1513,0.00000,1.04167,29920,0,0.000000,CLEANSE_CHAN
1514,0.00000,1.04167,29920,0,0.000000,CLEANSE_CHAN
1515,0.00000,1.04167,29920,0,0.000000,CLEANSE_CHAN
1516,0.00000,1.04167,29920,0,0.000000,CLEANSE_CHAN
1517,0.00000,1.04167,29920,0,0.000000,CLEANSE_CHAN
1518,0.00000,1.04167,29920,0,0.000000,CLEANSE_CHAN
1519,0.00000,1.04167,29920,0,0.000000,CLEANSE_CHAN
1520,0.00000,1.04167,29920,0,0.000000,CLEANSE_CHAN
1521,0.00000,1.04167,29920,0,0.000000,CLEANSE_CHAN
1522,0.00000,1.04167,29920,0,0.000000,CLEANSE_CHAN
1523,0.00000,1.04167,29920,0,0.000000,CLEANSE_CHAN
1524,0.00000,1.04167,29920,0,0.000000,CLEANSE_CHAN
1525,0.00000,1.04167,29920,0,0.000000,CLEANSE_CHAN
1526,0.00000,1.04167,29920,0,0.000000,CLEANSE_CHAN
1527,0.00000,1.04167,29920,0,0.000000,CLEANSE_CHAN
1528,0.00000,1.04167,29920,0,0.000000,CLEANSE_CHAN
1529,0.00000,1.04167,29920,0,0.000000,CLEANSE_CHAN
1530,0.00000,1.04167,29920,0,0.000000,CLEANSE_CHAN
1531,0.00000,1.04167,29920,0,0.000000,CLEANSE_CHAN
1532,0.00000,1.04167,29920,0,0.000000,CLEANSE_CHAN
#MILLI-Q FLUSH OF TREE OUT INLET, 9 mL, [21,20], [2]
PUMPC,MQ,3000,3,21/20,2
Setting PWM frequency to 10666.666992
ARRVal = 187
1533,0.00000,0.44271,29448,1,0.000000,CLEANSE_CHAN
1534,0.00000,-2.65625,26341,1,0.000000,CLEANSE_CHAN
1535,0.00000,-2.96875,23216,1,0.000000,CLEANSE_CHAN
1536,0.00000,-3.75000,20110,1,0.000000,CLEANSE_CHAN
1537,0.00000,-3.72396,17992,1,0.000000,CLEANSE_CHAN
1538,0.00000,-1.90104,17992,1,0.000000,CLEANSE_CHAN
1539,0.00000,-0.59896,17992,1,0.000000,CLEANSE_CHAN
Setting PWM frequency to 10666.666992
ARRVal = 187
1540,0.00000,2.78646,21010,1,0.000000,CLEANSE_CHAN
1541,0.00000,3.35938,24116,1,0.000000,CLEANSE_CHAN
1542,0.00000,3.46354,27222,1,0.000000,CLEANSE_CHAN
1543,0.00000,3.41146,29998,0,0.000000,CLEANSE_CHAN
1544,0.00000,1.17188,29998,0,0.000000,CLEANSE_CHAN
Setting PWM frequency to 10666.666992
ARRVal = 187
1545,0.00000,-1.48438,27592,1,0.000000,CLEANSE_CHAN
1546,0.00000,-2.96875,24486,1,0.000000,CLEANSE_CHAN
1547,0.00000,-3.80208,21379,1,0.000000,CLEANSE_CHAN
1548,0.00000,-4.37500,18273,1,0.000000,CLEANSE_CHAN
1549,0.00000,-3.02083,17991,1,0.000000,CLEANSE_CHAN
1550,0.00000,-1.32813,17991,1,0.000000,CLEANSE_CHAN
Setting PWM frequency to 10666.666992
ARRVal = 187
1551,0.00000,1.45833,19161,1,0.000000,CLEANSE_CHAN
1552,0.00000,3.15104,22267,1,0.000000,CLEANSE_CHAN
1553,0.00000,3.41146,25374,1,0.000000,CLEANSE_CHAN
1554,0.00000,3.46354,28483,1,0.000000,CLEANSE_CHAN
1555,0.00000,1.66667,30000,0,0.000000,CLEANSE_CHAN
Setting PWM frequency to 10666.666992
ARRVal = 187
1556,0.00000,0.49479,29448,1,0.000000,CLEANSE_CHAN
1557,0.00000,-2.21354,26342,1,0.000000,CLEANSE_CHAN
1558,0.00000,-3.35938,23235,1,0.000000,CLEANSE_CHAN
1559,0.00000,-4.06250,20129,1,0.000000,CLEANSE_CHAN
1560,0.00000,-4.11458,17991,1,0.000000,CLEANSE_CHAN
1561,0.00000,-2.31771,17991,1,0.000000,CLEANSE_CHAN
1562,0.00000,-0.91146,17991,1,0.000000,CLEANSE_CHAN
Setting PWM frequency to 10666.666992
ARRVal = 187
1563,0.00000,2.31771,20086,1,0.000000,CLEANSE_CHAN
1564,0.00000,3.28125,23195,1,0.000000,CLEANSE_CHAN
1565,0.00000,3.43750,26307,1,0.000000,CLEANSE_CHAN
1566,0.00000,3.48958,29414,1,0.000000,CLEANSE_CHAN
1567,0.00000,1.25000,30000,0,0.000000,CLEANSE_CHAN
#MILLI-Q FLUSH OF TREE OUT OUTLET, 3 mL, [21,20], [20,22]
PUMPC,MQ,3000,1,21/20,20/22
Setting PWM frequency to 10666.666992
ARRVal = 187
1568,0.00000,-0.70312,28547,1,0.000000,CLEANSE_CHAN
1569,0.00000,-2.63021,25441,1,0.000000,CLEANSE_CHAN
1570,0.00000,-3.64583,22334,1,0.000000,CLEANSE_CHAN
1571,0.00000,-4.32292,19228,1,0.000000,CLEANSE_CHAN
1572,0.00000,-3.69792,17991,1,0.000000,CLEANSE_CHAN
1573,0.00000,-1.97917,17991,1,0.000000,CLEANSE_CHAN
1574,0.00000,-0.78125,17991,1,0.000000,CLEANSE_CHAN
Setting PWM frequency to 10666.666992
ARRVal = 187
1575,0.00000,2.68229,20722,1,0.000000,CLEANSE_CHAN
1576,0.00000,4.84375,23829,1,0.000000,CLEANSE_CHAN
1577,0.00000,3.98438,26935,1,0.000000,CLEANSE_CHAN
1578,0.00000,2.96875,30022,0,0.000000,CLEANSE_CHAN
1579,0.00000,0.96354,30022,0,0.000000,CLEANSE_CHAN
PROTOCOL,CLEANSE_CHAN,STOP,0
PAUSE,2
1580,0.00000,0.96354,30022,0,0.000000,NA
1581,0.00000,0.96354,30022,0,0.000000,NA
VALVE_SET,01582,0.00000,0.96354,30022,0,0.000000,NA
RUN,FIN
CCLK,2023-09-15T11:23:05

>CTRIG,1,7,0,2023-05-31T11:52:32,2023-06-01T11:52:32,2023-06-02T11:52:32,2023-06-03T11:52:32,2023-06-04T11:52:32,2023-06-05T11:52:32,2023-06-06T11:52:32,2023-06-07T11:52:32,2023-06-08T11:52:32

>ISTAT,EDNA-SA,3.01,3.09,0,IDLE,NA/0/NA

>CSET,16,20,2,0,20000,0

>CSTAT,4,3/30000/3,5/102000/5,5/125000/2,5/125000/2,5/125000/2,1/0/0,1/0/0,1/0/0,1/0/0,3412000,330000,185000,927000,185000

>ISTAT,EDNA-SA,3.01,3.09,0,IDLE,NA/0/NA

>ISTAT,EDNA-SA,3.01,3.09,0,IDLE,NA/0/NA

>ISTAT,EDNA-SA,3.01,3.09,0,IDLE,NA/0/NA

>ISTAT,EDNA-SA,3.01,3.09,0,IDLE,NA/0/NA

>ISTAT,EDNA-SA,3.01,3.09,0,IDLE,NA/0/NA

>ISTAT,EDNA-SA,3.01,3.09,0,IDLE,NA/0/NA

>ISTAT,EDNA-SA,3.01,3.09,0,IDLE,NA/0/NA

>ISTAT,EDNA-SA,3.01,3.09,0,IDLE,NA/0/NA

>ISTAT,EDNA-SA,3.01,3.09,0,IDLE,NA/0/NA

>	
