#2023-08-11T11:24:55
0,0.00000,-0.26042,30000,0,0.000000,NA
1,0.00000,-0.31250,30000,0,0.000000,NA
2,0.00000,-0.31250,30000,0,0.000000,NA
3,0.00000,0.13021,30000,0,0.000000,FLUSH
4,0.00000,0.13021,30000,0,0.000000,FLUSH
5,0.00000,0.15625,30000,0,0.000000,FLUSH
6,0.00000,0.10417,30000,0,0.000000,FLUSH
7,0.00000,-1.45833,28539,1,0.000000,FLUSH
8,0.00000,-1.87500,26985,1,0.000000,FLUSH
9,0.00000,-2.03125,25432,1,0.000000,FLUSH
10,0.00000,-2.13542,23871,1,0.000000,FLUSH
11,0.00000,-2.18750,22317,1,0.000000,FLUSH
12,0.00000,-2.21354,20763,1,0.000000,FLUSH
13,0.00000,-2.23958,19210,1,0.000000,FLUSH
14,0.00000,-1.90104,17998,1,0.000000,FLUSH
15,0.00000,0.36458,18326,1,0.000000,FLUSH
16,0.00000,0.41667,19879,1,0.000000,FLUSH
17,0.00000,0.98958,21432,1,0.000000,FLUSH
18,0.00000,1.17188,22986,1,0.000000,FLUSH
19,0.00000,1.22396,24540,1,0.000000,FLUSH
20,0.00000,1.27604,26102,1,0.000000,FLUSH
21,0.00000,1.35417,27655,1,0.000000,FLUSH
22,0.00000,1.43229,29208,1,0.000000,FLUSH
23,0.00000,0.75521,29977,0,0.000000,FLUSH
24,0.00000,-1.14583,29221,1,0.000000,FLUSH
25,0.00000,-1.95312,27668,1,0.000000,FLUSH
26,0.00000,-2.16146,26115,1,0.000000,FLUSH
27,0.00000,-2.23958,24562,1,0.000000,FLUSH
28,0.00000,-2.26563,23009,1,0.000000,FLUSH
29,0.00000,-2.29167,21456,1,0.000000,FLUSH
30,0.00000,-2.29167,19900,1,0.000000,FLUSH
31,0.00000,-2.31771,18346,1,0.000000,FLUSH
32,0.00000,-0.70312,18000,1,0.000000,FLUSH
33,0.00000,1.53646,19043,1,0.000000,FLUSH
34,0.00000,1.56250,20596,1,0.000000,FLUSH
35,0.00000,1.56250,22149,1,0.000000,FLUSH
36,0.00000,1.58854,23703,1,0.000000,FLUSH
37,0.00000,1.61458,25256,1,0.000000,FLUSH
38,0.00000,1.61458,26810,1,0.000000,FLUSH
39,0.00000,1.64062,28363,1,0.000000,FLUSH
40,0.00000,1.61458,29918,1,0.000000,FLUSH
41,0.00000,0.85938,30021,0,0.000000,FLUSH
42,0.00000,0.83333,30021,0,0.000000,NA
43,0.00000,0.80729,30021,0,0.000000,NA
44,0.00000,0.83333,30021,0,0.000000,FLUSH
45,0.00000,0.83333,30021,0,0.000000,FLUSH
46,0.00000,0.85938,30021,0,0.000000,FLUSH
47,0.00000,0.83333,30021,0,0.000000,FLUSH
48,0.00000,0.02604,28646,1,0.000000,FLUSH
49,0.00000,0.02604,27093,1,0.000000,FLUSH
50,0.00000,0.00000,25532,1,0.000000,FLUSH
51,0.00000,-0.02604,23979,1,0.000000,FLUSH
52,0.00000,-0.02604,22426,1,0.000000,FLUSH
53,0.00000,-0.05208,20872,1,0.000000,FLUSH
54,0.00000,-0.07812,19319,1,0.000000,FLUSH
55,0.00000,0.26042,17998,1,0.000000,FLUSH
56,0.00000,0.62500,18219,1,0.000000,FLUSH
57,0.00000,1.43229,19772,1,0.000000,FLUSH
58,0.00000,1.48438,21326,1,0.000000,FLUSH
59,0.00000,1.22396,22879,1,0.000000,FLUSH
60,0.00000,1.48438,24436,1,0.000000,FLUSH
61,0.00000,1.58854,25989,1,0.000000,FLUSH
62,0.00000,1.32813,27542,1,0.000000,FLUSH
63,0.00000,1.58854,29095,1,0.000000,FLUSH
64,0.00000,0.28646,29978,0,0.000000,FLUSH
65,0.00000,0.00000,29348,1,0.000000,FLUSH
66,0.00000,-0.07812,27795,1,0.000000,FLUSH
67,0.00000,-0.10417,26241,1,0.000000,FLUSH
68,0.00000,-0.07812,24688,1,0.000000,FLUSH
69,0.00000,-0.07812,23135,1,0.000000,FLUSH
70,0.00000,-0.07812,21573,1,0.000000,FLUSH
71,0.00000,-0.10417,20019,1,0.000000,FLUSH
72,0.00000,-0.13021,18466,1,0.000000,FLUSH
73,0.00000,0.70312,17998,1,0.000000,FLUSH
74,0.00000,1.56250,19078,1,0.000000,FLUSH
75,0.00000,1.56250,20631,1,0.000000,FLUSH
76,0.00000,1.56250,22184,1,0.000000,FLUSH
77,0.00000,1.56250,23737,1,0.000000,FLUSH
78,0.00000,1.58854,25290,1,0.000000,FLUSH
79,0.00000,1.53646,26844,1,0.000000,FLUSH
80,0.00000,1.58854,28399,1,0.000000,FLUSH
81,0.00000,1.61458,29952,0,0.000000,FLUSH
82,0.00000,0.72917,30021,0,0.000000,FLUSH
83,0.00000,-0.10417,28518,1,0.000000,FLUSH
84,0.00000,-0.13021,26965,1,0.000000,FLUSH
85,0.00000,-0.15625,25412,1,0.000000,FLUSH
86,0.00000,-0.13021,23859,1,0.000000,FLUSH
87,0.00000,-0.15625,22305,1,0.000000,FLUSH
88,0.00000,-0.15625,20752,1,0.000000,FLUSH
89,0.00000,-0.18229,19199,1,0.000000,FLUSH
90,0.00000,0.57292,17999,1,0.000000,FLUSH
91,0.00000,1.30208,18341,1,0.000000,FLUSH
92,0.00000,1.56250,19894,1,0.000000,FLUSH
93,0.00000,1.58854,21448,1,0.000000,FLUSH
94,0.00000,1.56250,23001,1,0.000000,FLUSH
95,0.00000,1.56250,24556,1,0.000000,FLUSH
96,0.00000,1.58854,26110,1,0.000000,FLUSH
97,0.00000,1.56250,27663,1,0.000000,FLUSH
98,0.00000,1.56250,29216,1,0.000000,FLUSH
99,0.00000,0.70312,29979,0,0.000000,FLUSH
100,0.00000,0.72917,29979,0,0.000000,NA
101,0.00000,0.70312,29979,0,0.000000,NA
102,0.00000,0.67708,29979,0,0.000000,NA
103,0.00000,0.70312,29979,0,0.000000,NA
104,0.00000,0.67708,29979,0,0.000000,NA
105,0.00000,0.70312,29979,0,0.000000,NA
106,0.00000,-0.07812,29318,1,0.000000,SAMPLE
107,0.00000,-0.18229,27764,1,0.000000,SAMPLE
108,0.00000,-0.18229,26211,1,0.000000,SAMPLE
109,0.00000,-0.20833,24658,1,0.000000,SAMPLE
110,0.00000,-0.20833,23096,1,0.000000,SAMPLE
111,0.00000,-0.20833,21543,1,0.000000,SAMPLE
112,0.00000,-0.23438,19989,1,0.000000,SAMPLE
113,0.00000,-0.23438,18436,1,0.000000,SAMPLE
114,0.00000,0.65104,17998,1,0.000000,SAMPLE
115,0.00000,2.34375,19108,1,0.000000,SAMPLE
116,0.00000,5.59896,20662,1,0.000000,SAMPLE
117,0.00000,10.36458,22215,1,0.000000,SAMPLE
118,0.00000,15.91146,23769,1,0.000000,SAMPLE
119,0.00000,19.19271,25322,1,0.000000,SAMPLE
120,0.00000,15.78125,26878,1,0.000000,SAMPLE
121,0.00000,9.03646,28431,1,0.000000,SAMPLE
122,0.00000,8.48958,29984,0,0.000000,SAMPLE
123,0.00000,3.51562,30022,0,0.000000,SAMPLE
124,0.00000,2.00521,30022,0,0.000000,SAMPLE
125,0.00000,1.30208,30022,0,0.000000,SAMPLE
126,0.00000,-0.15625,28948,1,0.000000,SAMPLE
127,0.00000,-0.18229,27395,1,0.000000,SAMPLE
128,0.00000,-0.20833,25842,1,0.000000,SAMPLE
129,0.00000,-0.20833,24289,1,0.000000,SAMPLE
130,0.00000,-0.23438,22732,1,0.000000,SAMPLE
131,0.00000,-0.23438,21179,1,0.000000,SAMPLE
132,0.00000,-0.23438,19625,1,0.000000,SAMPLE
133,0.00000,-0.26042,18072,1,0.000000,SAMPLE
134,0.00000,0.59896,17998,1,0.000000,SAMPLE
135,0.00000,5.28646,19466,1,0.000000,SAMPLE
136,0.00000,9.66146,21019,1,0.000000,SAMPLE
137,0.00000,11.53646,22572,1,0.000000,SAMPLE
138,0.00000,11.95313,24125,1,0.000000,SAMPLE
139,0.00000,11.69271,25679,1,0.000000,SAMPLE
140,0.00000,11.48438,27234,1,0.000000,SAMPLE
141,0.00000,11.17188,28789,1,0.000000,SAMPLE
142,0.00000,8.82813,29979,0,0.000000,SAMPLE
143,0.00000,3.25521,29979,0,0.000000,SAMPLE
144,0.00000,1.56250,29979,0,0.000000,SAMPLE
145,0.00000,0.23438,29725,1,0.000000,SAMPLE
146,0.00000,-0.20833,28171,1,0.000000,SAMPLE
147,0.00000,-0.26042,26618,1,0.000000,SAMPLE
148,0.00000,-0.23438,25065,1,0.000000,SAMPLE
149,0.00000,-0.26042,23512,1,0.000000,SAMPLE
150,0.00000,-0.31250,21956,1,0.000000,SAMPLE
151,0.00000,-0.26042,20403,1,0.000000,SAMPLE
152,0.00000,-0.31250,18849,1,0.000000,SAMPLE
153,0.00000,0.57292,17999,1,0.000000,SAMPLE
154,0.00000,2.47396,18693,1,0.000000,SAMPLE
155,0.00000,7.39583,20246,1,0.000000,SAMPLE
156,0.00000,10.07813,21799,1,0.000000,SAMPLE
157,0.00000,11.19792,23352,1,0.000000,SAMPLE
158,0.00000,11.74479,24906,1,0.000000,SAMPLE
159,0.00000,12.21354,26459,1,0.000000,SAMPLE
160,0.00000,12.57812,28015,1,0.000000,SAMPLE
161,0.00000,12.96875,29568,1,0.000000,SAMPLE
162,0.00000,6.58854,30002,0,0.000000,SAMPLE
163,0.00000,3.15104,30002,0,0.000000,SAMPLE
164,0.00000,1.77083,30002,0,0.000000,SAMPLE
165,0.00000,1.06771,30002,0,0.000000,SAMPLE
166,0.00000,-0.26042,28489,1,0.000000,SAMPLE
167,0.00000,-0.26042,26936,1,0.000000,SAMPLE
168,0.00000,-0.26042,25383,1,0.000000,SAMPLE
169,0.00000,-0.28646,23830,1,0.000000,SAMPLE
170,0.00000,-0.31250,22274,1,0.000000,SAMPLE
171,0.00000,-0.31250,20720,1,0.000000,SAMPLE
172,0.00000,-0.31250,19167,1,0.000000,SAMPLE
173,0.00000,0.46875,18000,1,0.000000,SAMPLE
174,0.00000,1.25000,18373,1,0.000000,SAMPLE
175,0.00000,7.36979,19926,1,0.000000,SAMPLE
176,0.00000,11.79688,21480,1,0.000000,SAMPLE
177,0.00000,13.95833,23033,1,0.000000,SAMPLE
178,0.00000,14.89583,24587,1,0.000000,SAMPLE
179,0.00000,15.59896,26140,1,0.000000,SAMPLE
180,0.00000,16.30209,27695,1,0.000000,SAMPLE
181,0.00000,17.03125,29249,1,0.000000,SAMPLE
182,0.00000,10.88542,30001,0,0.000000,SAMPLE
183,0.00000,5.39063,30001,0,0.000000,SAMPLE
184,0.00000,3.25521,30001,0,0.000000,SAMPLE
185,0.00000,2.10938,30001,0,0.000000,SAMPLE
186,0.00000,1.43229,30001,0,0.000000,SAMPLE
187,0.00000,-0.23438,29259,1,0.000000,SAMPLE
188,0.00000,-0.28646,27705,1,0.000000,SAMPLE
189,0.00000,-0.31250,26153,1,0.000000,SAMPLE
190,0.00000,-0.31250,24597,1,0.000000,SAMPLE
191,0.00000,-0.31250,23044,1,0.000000,SAMPLE
192,0.00000,-0.33854,21490,1,0.000000,SAMPLE
193,0.00000,-0.33854,19937,1,0.000000,SAMPLE
194,0.00000,-0.33854,18384,1,0.000000,SAMPLE
195,0.00000,0.49479,18000,1,0.000000,SAMPLE
196,0.00000,4.60938,19156,1,0.000000,SAMPLE
197,0.00000,11.79688,20710,1,0.000000,SAMPLE
198,0.00000,16.92709,22264,1,0.000000,SAMPLE
199,0.00000,19.50521,23817,1,0.000000,SAMPLE
200,0.00000,20.91146,25373,1,0.000000,SAMPLE
201,0.00000,21.95313,26926,1,0.000000,SAMPLE
202,0.00000,22.91667,28479,1,0.000000,SAMPLE
203,0.00000,23.88021,30012,0,0.000000,SAMPLE
204,0.00000,10.44271,30012,0,0.000000,SAMPLE
205,0.00000,6.25000,30012,0,0.000000,SAMPLE
206,0.00000,4.24479,30012,0,0.000000,SAMPLE
207,0.00000,3.02083,30012,0,0.000000,SAMPLE
208,0.00000,2.21354,30012,0,0.000000,SAMPLE
209,0.00000,1.66667,30012,0,0.000000,SAMPLE
210,0.00000,1.27604,29773,1,0.000000,SAMPLE
211,0.00000,-1.92708,26667,1,0.000000,SAMPLE
212,0.00000,-2.05729,23561,1,0.000000,SAMPLE
213,0.00000,-2.08333,20454,1,0.000000,SAMPLE
214,0.00000,-0.80729,17993,1,0.000000,SAMPLE
215,0.00000,1.92708,18625,1,0.000000,SAMPLE
216,0.00000,28.48959,21731,1,0.000000,SAMPLE
217,0.00000,12.78646,21814,1,0.000000,SAMPLE
218,0.00000,7.44792,21814,1,0.000000,SAMPLE
219,0.00000,5.00000,21814,1,0.000000,SAMPLE
220,0.00000,3.59375,21814,1,0.000000,SAMPLE
221,0.00000,2.65625,21814,1,0.000000,SAMPLE
222,0.00000,2.05729,21814,1,0.000000,SAMPLE
223,0.00000,1.58854,21814,1,0.000000,SAMPLE
224,0.00000,16.48438,24218,1,0.000000,SAMPLE
225,0.00000,19.81771,25518,1,0.000000,SAMPLE
226,0.00000,10.13021,25518,1,0.000000,SAMPLE
227,0.00000,6.58854,25518,1,0.000000,SAMPLE
228,0.00000,4.71354,25518,1,0.000000,SAMPLE
229,0.00000,3.51562,25518,1,0.000000,SAMPLE
230,0.00000,2.68229,25518,1,0.000000,SAMPLE
231,0.00000,2.08333,25518,1,0.000000,SAMPLE
232,0.00000,1.64062,25518,1,0.000000,SAMPLE
233,0.00000,5.18229,26449,1,0.000000,SAMPLE
234,0.00000,20.75521,28442,1,0.000000,SAMPLE
235,0.00000,20.23438,29488,1,0.000000,SAMPLE
236,0.00000,10.75521,29488,1,0.000000,SAMPLE
237,0.00000,7.18750,29488,1,0.000000,SAMPLE
238,0.00000,5.18229,29488,1,0.000000,SAMPLE
239,0.00000,3.93229,29488,1,0.000000,SAMPLE
240,0.00000,3.02083,29488,1,0.000000,SAMPLE
241,0.00000,2.39583,29488,1,0.000000,SAMPLE
242,0.00000,1.90104,29488,1,0.000000,SAMPLE
243,0.00000,1.53646,29488,1,0.000000,SAMPLE
244,0.00000,3.75000,30006,0,0.000000,SAMPLE
245,0.00000,2.89063,30006,0,0.000000,SAMPLE
246,0.00000,2.26563,30006,0,0.000000,SAMPLE
247,0.00000,1.82292,30006,0,0.000000,SAMPLE
248,0.00000,1.45833,30006,0,0.000000,SAMPLE
249,0.00000,-0.36458,28923,1,0.000000,SAMPLE
250,0.00000,-0.41667,27323,1,0.000000,SAMPLE
251,0.00000,-0.41667,25732,1,0.000000,SAMPLE
252,0.00000,-0.44271,24141,1,0.000000,SAMPLE
253,0.00000,-0.44271,22534,1,0.000000,SAMPLE
254,0.00000,-0.44271,20943,1,0.000000,SAMPLE
255,0.00000,-0.44271,19352,1,0.000000,SAMPLE
256,0.00000,-0.02604,17998,1,0.000000,SAMPLE
257,0.00000,0.72917,18225,1,0.000000,SAMPLE
258,0.00000,8.93229,19816,1,0.000000,SAMPLE
259,0.00000,21.22396,21407,1,0.000000,SAMPLE
260,0.00000,24.29688,22554,1,0.000000,SAMPLE
261,0.00000,12.42188,22554,1,0.000000,SAMPLE
262,0.00000,8.22917,22554,1,0.000000,SAMPLE
263,0.00000,6.01562,22554,1,0.000000,SAMPLE
264,0.00000,4.60938,22554,1,0.000000,SAMPLE
265,0.00000,3.59375,22554,1,0.000000,SAMPLE
266,0.00000,2.86458,22554,1,0.000000,SAMPLE
267,0.00000,2.34375,22554,1,0.000000,SAMPLE
268,0.00000,1.87500,22554,1,0.000000,SAMPLE
269,0.00000,2.65625,22893,1,0.000000,SAMPLE
270,0.00000,9.81771,24173,1,0.000000,SAMPLE
271,0.00000,18.90625,25449,1,0.000000,SAMPLE
272,0.00000,26.64062,26723,1,0.000000,SAMPLE
273,0.00000,25.00000,27644,1,0.000000,SAMPLE
274,0.00000,13.38542,27644,1,0.000000,SAMPLE
275,0.00000,9.08854,27644,1,0.000000,SAMPLE
276,0.00000,6.71875,27644,1,0.000000,SAMPLE
277,0.00000,5.20833,27644,1,0.000000,SAMPLE
278,0.00000,4.16667,27644,1,0.000000,SAMPLE
279,0.00000,3.35938,27644,1,0.000000,SAMPLE
280,0.00000,2.76042,27644,1,0.000000,SAMPLE
281,0.00000,2.26563,27644,1,0.000000,SAMPLE
282,0.00000,1.90104,27644,1,0.000000,SAMPLE
283,0.00000,2.55208,27926,1,0.000000,SAMPLE
284,-0.00938,7.86458,28945,1,0.000000,SAMPLE
285,0.00000,14.32292,29960,0,0.000000,SAMPLE
286,0.00000,10.13021,29960,0,0.000000,SAMPLE
287,0.00000,7.39583,29960,0,0.000000,SAMPLE
288,-0.00938,5.67708,29960,0,0.000000,SAMPLE
289,0.00000,4.55729,29960,0,0.000000,SAMPLE
290,0.00000,3.69792,29960,0,0.000000,SAMPLE
291,0.00000,3.02083,29960,0,0.000000,SAMPLE
292,0.00000,2.52604,29960,0,0.000000,SAMPLE
293,0.00000,2.10938,29960,0,0.000000,SAMPLE
294,0.00000,1.77083,29960,0,0.000000,SAMPLE
295,0.00000,1.51042,29960,0,0.000000,SAMPLE
296,0.00000,-0.02604,29319,1,0.000000,SAMPLE
297,0.00000,-0.05208,28299,1,0.000000,SAMPLE
298,0.00000,-0.05208,27279,1,0.000000,SAMPLE
299,0.00000,-0.07812,26260,1,0.000000,SAMPLE
300,0.00000,-0.07812,25239,1,0.000000,SAMPLE
301,0.00000,-0.07812,24220,1,0.000000,SAMPLE
302,0.00000,-0.05208,23201,1,0.000000,SAMPLE
303,-0.00938,-0.07812,22182,1,0.000000,SAMPLE
304,-0.00938,-0.07812,21162,1,0.000000,SAMPLE
305,0.00000,-0.10417,20143,1,0.000000,SAMPLE
306,0.00000,-0.10417,19124,1,0.000000,SAMPLE
307,0.00000,-0.10417,18105,1,0.000000,SAMPLE
308,0.00000,0.36458,18000,1,0.000000,SAMPLE
309,0.00000,3.75000,18908,1,0.000000,SAMPLE
310,0.00000,9.60938,19928,1,0.000000,SAMPLE
311,0.00000,16.71875,20947,1,0.000000,SAMPLE
312,0.00000,23.38542,21966,1,0.000000,SAMPLE
313,0.00000,27.99479,22986,1,0.000000,SAMPLE
314,0.00000,25.67709,23721,1,0.000000,SAMPLE
315,0.00000,14.81771,23721,1,0.000000,SAMPLE
316,0.00000,10.44271,23721,1,0.000000,SAMPLE
317,0.00000,7.94271,23721,1,0.000000,SAMPLE
318,0.00000,6.25000,23721,1,0.000000,SAMPLE
319,0.00000,5.05208,23721,1,0.000000,SAMPLE
320,0.00000,4.21875,23721,1,0.000000,SAMPLE
321,0.00000,3.51562,23721,1,0.000000,SAMPLE
322,0.00000,2.94271,23721,1,0.000000,SAMPLE
323,-0.00938,2.50000,23721,1,0.000000,SAMPLE
324,0.00000,2.16146,23721,1,0.000000,SAMPLE
325,0.00000,1.84896,23721,1,0.000000,SAMPLE
326,0.00000,2.31771,23943,1,0.000000,SAMPLE
327,0.00000,6.35417,24759,1,0.000000,SAMPLE
328,0.00000,11.19792,25574,1,0.000000,SAMPLE
329,0.00000,16.22396,26390,1,0.000000,SAMPLE
330,0.00000,20.70312,27209,1,0.000000,SAMPLE
331,0.00000,24.03646,28025,1,0.000000,SAMPLE
332,0.00000,26.25000,28841,1,0.000000,SAMPLE
333,0.00000,27.65625,29656,1,0.000000,SAMPLE
334,0.00000,20.72917,30003,0,0.000000,SAMPLE
335,0.00000,13.64583,30003,0,0.000000,SAMPLE
336,0.00000,10.13021,30003,0,0.000000,SAMPLE
337,0.00000,7.94271,30003,0,0.000000,SAMPLE
338,0.00000,6.40625,30003,0,0.000000,SAMPLE
339,0.00000,5.31250,30003,0,0.000000,SAMPLE
340,0.00000,4.47917,30003,0,0.000000,SAMPLE
341,0.00000,3.77604,30003,0,0.000000,SAMPLE
342,0.00000,3.22917,30003,0,0.000000,SAMPLE
343,0.00000,2.78646,30003,0,0.000000,SAMPLE
344,0.00000,2.36979,30003,0,0.000000,SAMPLE
345,0.00000,2.05729,30003,0,0.000000,SAMPLE
346,0.00000,1.82292,30003,0,0.000000,SAMPLE
347,0.00000,1.58854,30003,0,0.000000,SAMPLE
348,0.00000,0.44271,29615,1,0.000000,SAMPLE
349,0.00000,0.41667,28800,1,0.000000,SAMPLE
350,0.00000,0.41667,27983,1,0.000000,SAMPLE
351,0.00000,0.41667,27167,1,0.000000,SAMPLE
352,0.00000,0.39063,26351,1,0.000000,SAMPLE
353,0.00000,0.39063,25536,1,0.000000,SAMPLE
354,0.00000,0.39063,24720,1,0.000000,SAMPLE
355,0.00000,0.39063,23904,1,0.000000,SAMPLE
356,0.00000,0.39063,23088,1,0.000000,SAMPLE
357,0.00000,0.36458,22273,1,0.000000,SAMPLE
358,0.00000,0.36458,21457,1,0.000000,SAMPLE
359,0.00000,0.36458,20641,1,0.000000,SAMPLE
360,0.00000,0.36458,19824,1,0.000000,SAMPLE
361,0.00000,0.36458,19009,1,0.000000,SAMPLE
362,0.00000,0.33854,18193,1,0.000000,SAMPLE
363,0.00000,0.72917,18000,1,0.000000,SAMPLE
364,0.00000,2.78646,18612,1,0.000000,SAMPLE
365,0.00000,6.95313,19428,1,0.000000,SAMPLE
366,0.00000,12.03125,20244,1,0.000000,SAMPLE
367,0.00000,17.47396,21060,1,0.000000,SAMPLE
368,0.00000,22.44792,21875,1,0.000000,SAMPLE
369,0.00000,26.22396,22691,1,0.000000,SAMPLE
370,0.00000,28.72396,23508,1,0.000000,SAMPLE
371,0.00000,26.32813,24096,1,0.000000,SAMPLE
372,0.00000,16.30209,24096,1,0.000000,SAMPLE
373,0.00000,11.84896,24096,1,0.000000,SAMPLE
374,0.00000,9.21875,24096,1,0.000000,SAMPLE
375,0.00000,7.44792,24096,1,0.000000,SAMPLE
376,0.00000,6.14583,24096,1,0.000000,SAMPLE
377,0.00000,5.18229,24096,1,0.000000,SAMPLE
378,0.00000,4.42708,24096,1,0.000000,SAMPLE
379,0.00000,3.80208,24096,1,0.000000,SAMPLE
380,0.00000,3.28125,24096,1,0.000000,SAMPLE
381,0.00000,2.83854,24096,1,0.000000,SAMPLE
382,0.00000,2.50000,24096,1,0.000000,SAMPLE
383,0.00000,2.16146,24096,1,0.000000,SAMPLE
384,0.00000,1.90104,24096,1,0.000000,SAMPLE
385,0.00000,1.66667,24096,1,0.000000,SAMPLE
386,0.00000,2.05729,24279,1,0.000000,SAMPLE
387,0.00000,5.18229,24932,1,0.000000,SAMPLE
388,0.00000,8.77604,25585,1,0.000000,SAMPLE
389,0.00000,12.70833,26238,1,0.000000,SAMPLE
390,-0.00938,16.58854,26894,1,0.000000,SAMPLE
391,0.00000,20.07812,27546,1,0.000000,SAMPLE
392,0.00000,22.81250,28198,1,0.000000,SAMPLE
393,0.00000,24.81771,28850,1,0.000000,SAMPLE
394,-0.00938,26.27604,29503,1,0.000000,SAMPLE
395,0.00000,24.71354,29990,0,0.000000,SAMPLE
396,0.00000,16.27604,29990,0,0.000000,SAMPLE
397,0.00000,12.18750,29990,0,0.000000,SAMPLE
398,0.00000,9.63542,29990,0,0.000000,SAMPLE
399,0.00000,7.91667,29990,0,0.000000,SAMPLE
400,0.00000,6.64063,29990,0,0.000000,SAMPLE
401,0.00000,5.62500,29990,0,0.000000,SAMPLE
402,0.00000,4.84375,29990,0,0.000000,SAMPLE
403,0.00000,4.21875,29990,0,0.000000,SAMPLE
404,0.00000,3.67188,29990,0,0.000000,SAMPLE
405,0.00000,3.20312,29990,0,0.000000,SAMPLE
406,0.00000,2.83854,29990,0,0.000000,SAMPLE
407,0.00000,2.50000,29990,0,0.000000,SAMPLE
408,0.00000,2.18750,29990,0,0.000000,SAMPLE
409,0.00000,1.95312,29990,0,0.000000,SAMPLE
410,0.00000,1.74479,29990,0,0.000000,SAMPLE
411,0.00000,1.53646,29990,0,0.000000,SAMPLE
412,0.00000,0.39063,29558,1,0.000000,SAMPLE
413,0.00000,0.39063,28905,1,0.000000,SAMPLE
414,0.00000,0.39063,28253,1,0.000000,SAMPLE
415,0.00000,0.36458,27600,1,0.000000,SAMPLE
416,0.00000,0.36458,26948,1,0.000000,SAMPLE
417,0.00000,0.33854,26295,1,0.000000,SAMPLE
418,0.00000,0.36458,25643,1,0.000000,SAMPLE
419,0.00000,0.33854,24990,1,0.000000,SAMPLE
420,0.00000,0.36458,24337,1,0.000000,SAMPLE
421,0.00000,0.36458,23684,1,0.000000,SAMPLE
422,0.00000,0.33854,23031,1,0.000000,SAMPLE
423,0.00000,0.33854,22379,1,0.000000,SAMPLE
424,0.00000,0.33854,21726,1,0.000000,SAMPLE
425,-0.00938,0.33854,21074,1,0.000000,SAMPLE
426,0.00000,0.33854,20421,1,0.000000,SAMPLE
427,0.00000,0.31250,19769,1,0.000000,SAMPLE
428,0.00000,0.31250,19116,1,0.000000,SAMPLE
429,0.00000,0.33854,18463,1,0.000000,SAMPLE
430,0.00000,0.59896,17995,1,0.000000,SAMPLE
431,0.00000,0.88542,18167,1,0.000000,SAMPLE
432,0.00000,3.69792,18819,1,0.000000,SAMPLE
433,0.00000,7.16146,19471,1,0.000000,SAMPLE
434,0.00000,11.25000,20132,1,0.000000,SAMPLE
435,0.00000,15.57292,20785,1,0.000000,SAMPLE
436,-0.00938,19.79167,21438,1,0.000000,SAMPLE
437,0.00000,23.41146,22090,1,0.000000,SAMPLE
438,0.00000,26.17188,22742,1,0.000000,SAMPLE
439,0.00000,28.15104,23394,1,0.000000,SAMPLE
440,0.00000,29.40104,24048,1,0.000000,SAMPLE
441,0.00000,24.37500,24389,1,0.000000,SAMPLE
442,0.00000,16.74479,24389,1,0.000000,SAMPLE
443,0.00000,12.81250,24389,1,0.000000,SAMPLE
444,0.00000,10.33854,24389,1,0.000000,SAMPLE
445,0.00000,8.59375,24389,1,0.000000,SAMPLE
446,0.00000,7.29167,24389,1,0.000000,SAMPLE
447,0.00000,6.27604,24389,1,0.000000,SAMPLE
448,0.00000,5.46875,24389,1,0.000000,SAMPLE
449,-0.00938,4.81771,24389,1,0.000000,SAMPLE
450,0.00000,4.27083,24389,1,0.000000,SAMPLE
451,0.00000,3.77604,24389,1,0.000000,SAMPLE
452,0.00000,3.35938,24389,1,0.000000,SAMPLE
453,-0.00938,3.02083,24389,1,0.000000,SAMPLE
454,0.00000,2.70833,24389,1,0.000000,SAMPLE
455,0.00000,2.42188,24389,1,0.000000,SAMPLE
456,-0.00938,2.21354,24389,1,0.000000,SAMPLE
457,0.00000,1.97917,24389,1,0.000000,SAMPLE
458,0.00000,1.77083,24389,1,0.000000,SAMPLE
459,0.00000,2.60417,24629,1,0.000000,SAMPLE
460,0.00000,5.10417,25153,1,0.000000,SAMPLE
461,-0.00938,7.99479,25675,1,0.000000,SAMPLE
462,0.00000,11.09375,26198,1,0.000000,SAMPLE
463,-0.00938,14.29688,26719,1,0.000000,SAMPLE
464,0.00000,17.34375,27241,1,0.000000,SAMPLE
465,-0.00938,20.05209,27763,1,0.000000,SAMPLE
466,-0.00938,22.31771,28284,1,0.000000,SAMPLE
467,0.00000,24.06250,28807,1,0.000000,SAMPLE
468,0.00000,25.36459,29329,1,0.000000,SAMPLE
469,-0.00938,26.38021,29850,1,0.000000,SAMPLE
470,-0.00938,20.52084,29989,0,0.000000,SAMPLE
471,0.00000,15.26042,29989,0,0.000000,SAMPLE
472,0.00000,12.16146,29989,0,0.000000,SAMPLE
473,0.00000,10.02604,29989,0,0.000000,SAMPLE
474,-0.00938,8.48958,29989,0,0.000000,SAMPLE
475,0.00000,7.29167,29989,0,0.000000,SAMPLE
476,0.00000,6.32813,29989,0,0.000000,SAMPLE
477,0.00000,5.52083,29989,0,0.000000,SAMPLE
478,0.00000,4.86979,29989,0,0.000000,SAMPLE
479,0.00000,4.32292,29989,0,0.000000,SAMPLE
480,0.00000,3.85417,29989,0,0.000000,SAMPLE
481,0.00000,3.46354,29989,0,0.000000,SAMPLE
482,0.00000,3.09896,29989,0,0.000000,SAMPLE
483,0.00000,2.78646,29989,0,0.000000,SAMPLE
484,0.00000,2.50000,29989,0,0.000000,SAMPLE
485,0.00000,2.23958,29989,0,0.000000,SAMPLE
486,0.00000,2.03125,29989,0,0.000000,SAMPLE
487,0.00000,1.82292,29989,0,0.000000,SAMPLE
488,0.00000,1.66667,29989,0,0.000000,SAMPLE
489,0.00000,1.51042,29989,0,0.000000,NA
490,0.00000,1.38021,29989,0,0.000000,NA
491,0.00000,1.01562,29989,0,0.000000,NA
492,-0.00938,0.52083,29989,0,0.000000,NA
493,-0.00938,0.49479,29989,0,0.000000,NA
494,0.00000,0.49479,29989,0,0.000000,NA
495,0.00000,0.46875,29944,1,0.000000,NA
496,0.00000,-0.46875,29422,1,0.000000,NA
497,0.00000,-0.57292,28901,1,0.000000,NA
498,0.00000,-0.67708,28378,1,0.000000,NA
499,-0.00938,-0.78125,27857,1,0.000000,NA
500,-0.00938,-0.91146,27332,1,0.000000,NA
501,0.00000,-1.06771,26810,1,0.000000,NA
502,0.00000,-1.19792,26288,1,0.000000,NA
503,-0.00938,-1.22396,25766,1,0.000000,NA
504,0.00000,-1.19792,25244,1,0.000000,NA
505,0.00000,-1.19792,24722,1,0.000000,NA
506,-0.00938,-1.19792,24200,1,0.000000,NA
507,-0.00938,-1.17188,23678,1,0.000000,NA
508,0.00000,-1.17188,23157,1,0.000000,NA
509,0.00000,-1.17188,22634,1,0.000000,NA
510,0.00000,-1.11979,22112,1,0.000000,NA
511,0.00000,-1.09375,21590,1,0.000000,NA
512,0.00000,-1.11979,21068,1,0.000000,NA
513,-0.00938,-1.09375,20546,1,0.000000,NA
514,0.00000,-1.09375,20022,1,0.000000,NA
515,0.00000,-1.01562,19499,1,0.000000,NA
516,-0.00938,-1.01562,18978,1,0.000000,NA
517,0.00000,-1.11979,18456,1,0.000000,NA
518,0.00000,-0.67708,18001,1,0.000000,NA
519,0.00000,-0.31250,18061,1,0.000000,NA
520,0.00000,0.70312,18583,1,0.000000,NA
521,-0.00938,1.79688,19106,1,0.000000,NA
522,-0.00938,2.99479,19627,1,0.000000,NA
523,0.00000,4.40104,20149,1,0.000000,NA
524,0.00000,6.04167,20672,1,0.000000,NA
525,0.00000,8.02083,21193,1,0.000000,NA
526,0.00000,10.44271,21714,1,0.000000,NA
527,0.00000,13.38542,22238,1,0.000000,NA
528,0.00000,17.10938,22759,1,0.000000,NA
529,0.00000,21.97917,23281,1,0.000000,NA
530,0.00000,28.48959,23804,1,0.000000,NA
531,0.00000,30.18229,23869,1,0.000000,NA
532,0.00000,30.18229,23869,1,0.000000,NA
533,0.00000,30.15625,23869,1,0.000000,NA
534,0.00000,30.13021,23869,1,0.000000,NA
535,0.00000,30.13021,23869,1,0.000000,NA
536,0.00000,30.13021,23869,1,0.000000,NA
537,0.00000,30.10417,23869,1,0.000000,NA
538,0.00000,30.10417,23869,1,0.000000,NA
539,0.00000,30.07813,23869,1,0.000000,NA
540,0.00000,30.07813,23869,1,0.000000,NA
541,-0.00938,30.07813,23869,1,0.000000,NA
542,0.00000,30.05208,23869,1,0.000000,NA
543,0.00000,30.05208,23869,1,0.000000,NA
544,0.00000,30.05208,23869,1,0.000000,NA
545,0.00000,30.02604,23869,1,0.000000,NA
546,-0.00938,30.02604,23869,1,0.000000,NA
547,0.00000,30.02604,23869,1,0.000000,NA
548,0.00000,30.02604,23869,1,0.000000,NA
549,0.00000,30.02604,23869,1,0.000000,NA
550,0.00000,30.00000,23869,1,0.000000,NA
551,-0.00938,29.97396,23868,1,0.000000,NA
552,0.00000,29.97396,23868,1,0.000000,NA
553,0.00000,29.97396,23868,1,0.000000,NA
554,0.00000,29.97396,23868,1,0.000000,NA
555,0.00000,29.97396,23868,1,0.000000,NA
556,0.00000,29.97396,23868,1,0.000000,NA
557,0.00000,29.94792,23868,1,0.000000,NA
558,0.00000,29.94792,23868,1,0.000000,NA
559,0.00000,29.94792,23868,1,0.000000,NA
560,0.00000,29.92188,23868,1,0.000000,NA
561,0.00000,29.92188,23868,1,0.000000,NA
562,0.00000,29.92188,23868,1,0.000000,NA
563,0.00000,29.92188,23868,1,0.000000,NA
564,0.00000,29.89583,23868,1,0.000000,NA
565,0.00000,29.89583,23868,1,0.000000,NA
566,0.00000,29.89583,23868,1,0.000000,NA
567,0.00000,29.86979,23868,1,0.000000,NA
568,0.00000,29.86979,23868,1,0.000000,NA
569,0.00000,29.86979,23868,1,0.000000,NA
570,-0.00938,29.86979,23868,1,0.000000,NA
571,0.00000,30.52083,23909,1,0.000000,NA
572,0.00000,30.52083,23909,1,0.000000,NA
573,0.00000,30.52083,23909,1,0.000000,NA
574,0.00000,30.49479,23909,1,0.000000,NA
575,0.00000,30.49479,23909,1,0.000000,NA
576,0.00000,30.49479,23909,1,0.000000,NA
577,0.00000,30.46875,23909,1,0.000000,NA
578,0.00000,30.46875,23909,1,0.000000,NA
579,0.00000,30.49479,23909,1,0.000000,NA
580,0.00000,30.46875,23909,1,0.000000,NA
581,0.00000,30.46875,23909,1,0.000000,NA
582,0.00000,30.44271,23909,1,0.000000,NA
583,0.00000,30.46875,23909,1,0.000000,NA
584,0.00000,30.46875,23909,1,0.000000,NA
585,-0.00938,30.44271,23909,1,0.000000,NA
586,0.00000,30.44271,23909,1,0.000000,NA
587,0.00000,30.44271,23909,1,0.000000,NA
588,0.00000,30.41667,23909,1,0.000000,NA
589,0.00000,30.41667,23909,1,0.000000,NA
590,0.00000,30.41667,23909,1,0.000000,NA
591,0.00000,30.46875,23911,1,0.000000,NA
592,-0.00938,30.46875,23911,1,0.000000,NA
593,0.00000,30.44271,23911,1,0.000000,NA
594,0.00000,30.44271,23911,1,0.000000,NA
595,0.00000,30.44271,23911,1,0.000000,NA
596,0.00000,30.41667,23911,1,0.000000,NA
597,0.00000,30.41667,23911,1,0.000000,NA
598,0.00000,30.41667,23911,1,0.000000,NA
599,0.00000,30.41667,23911,1,0.000000,NA
600,0.00000,30.39062,23911,1,0.000000,NA
601,0.00000,30.41667,23911,1,0.000000,NA
602,0.00000,30.39062,23911,1,0.000000,NA
603,0.00000,30.41667,23911,1,0.000000,NA
604,0.00000,30.39062,23911,1,0.000000,NA
605,0.00000,30.36458,23911,1,0.000000,NA
606,-0.00938,30.39062,23911,1,0.000000,NA
607,0.00000,30.39062,23911,1,0.000000,NA
608,-0.00938,30.36458,23911,1,0.000000,NA
609,0.00000,30.36458,23911,1,0.000000,NA
610,0.00000,30.36458,23911,1,0.000000,NA
611,0.00000,30.44271,23916,1,0.000000,NA
612,0.00000,30.46875,23916,1,0.000000,NA
613,0.00000,30.44271,23916,1,0.000000,NA
614,0.00000,30.44271,23916,1,0.000000,NA
615,0.00000,30.44271,23916,1,0.000000,NA
616,-0.00938,30.44271,23916,1,0.000000,NA
617,0.00000,30.44271,23916,1,0.000000,NA
618,0.00000,30.41667,23916,1,0.000000,NA
619,0.00000,30.39062,23916,1,0.000000,NA
620,0.00000,30.41667,23916,1,0.000000,NA
621,0.00000,30.41667,23916,1,0.000000,NA
622,0.00000,30.41667,23916,1,0.000000,NA
623,-0.00938,30.41667,23916,1,0.000000,NA
624,0.00000,30.41667,23916,1,0.000000,NA
625,0.00000,30.39062,23916,1,0.000000,NA
626,0.00000,30.39062,23916,1,0.000000,NA
627,-0.00938,30.39062,23916,1,0.000000,NA
628,0.00000,30.39062,23916,1,0.000000,NA
629,0.00000,30.36458,23916,1,0.000000,NA
630,-0.00938,30.39062,23916,1,0.000000,NA
631,0.00000,30.39062,23916,1,0.000000,NA
632,0.00000,30.36458,23916,1,0.000000,NA
633,0.00000,30.36458,23916,1,0.000000,NA
634,0.00000,30.36458,23916,1,0.000000,NA
635,0.00000,30.36458,23916,1,0.000000,NA
636,0.00000,30.36458,23916,1,0.000000,NA
637,0.00000,30.36458,23916,1,0.000000,NA
638,0.00000,30.36458,23916,1,0.000000,NA
639,0.00000,30.33854,23916,1,0.000000,NA
640,0.00000,30.36458,23916,1,0.000000,NA
641,0.00000,30.33854,23916,1,0.000000,NA
642,0.00000,30.33854,23916,1,0.000000,NA
643,0.00000,30.33854,23916,1,0.000000,NA
644,0.00000,30.33854,23916,1,0.000000,NA
645,0.00000,30.33854,23916,1,0.000000,NA
646,0.00000,30.31250,23916,1,0.000000,NA
647,0.00000,30.33854,23916,1,0.000000,NA
648,0.00000,30.31250,23916,1,0.000000,NA
649,0.00000,30.31250,23916,1,0.000000,NA
650,-0.00938,30.31250,23916,1,0.000000,NA
651,0.00000,30.33854,23916,1,0.000000,NA
652,0.00000,30.31250,23916,1,0.000000,NA
653,0.00000,30.31250,23916,1,0.000000,NA
654,-0.00938,30.31250,23916,1,0.000000,NA
655,0.00000,30.28646,23916,1,0.000000,NA
656,0.00000,30.31250,23916,1,0.000000,NA
657,0.00000,30.28646,23916,1,0.000000,NA
658,0.00000,30.28646,23916,1,0.000000,NA
659,0.00000,30.28646,23916,1,0.000000,NA
660,0.00000,30.28646,23916,1,0.000000,NA
661,0.00000,30.28646,23916,1,0.000000,NA
662,0.00000,30.28646,23916,1,0.000000,NA
663,0.00000,30.26042,23916,1,0.000000,NA
664,0.00000,30.28646,23916,1,0.000000,NA
665,0.00000,30.26042,23916,1,0.000000,NA
666,0.00000,30.28646,23916,1,0.000000,NA
667,0.00000,30.28646,23916,1,0.000000,NA
668,0.00000,30.26042,23916,1,0.000000,NA
669,0.00000,30.26042,23916,1,0.000000,NA
670,0.00000,30.26042,23916,1,0.000000,NA
671,0.00000,30.26042,23916,1,0.000000,NA
672,0.00000,30.26042,23916,1,0.000000,NA
673,0.00000,30.26042,23916,1,0.000000,NA
674,0.00000,30.26042,23916,1,0.000000,NA
675,0.00000,30.26042,23916,1,0.000000,NA
676,0.00000,30.23438,23916,1,0.000000,NA
677,0.00000,30.26042,23916,1,0.000000,NA
678,0.00000,30.23438,23916,1,0.000000,NA
679,0.00000,30.23438,23916,1,0.000000,NA
680,0.00000,30.26042,23916,1,0.000000,NA
681,0.00000,30.20834,23916,1,0.000000,NA
682,0.00000,30.23438,23916,1,0.000000,NA
683,0.00000,30.23438,23916,1,0.000000,NA
684,0.00000,30.23438,23916,1,0.000000,NA
685,0.00000,30.20834,23916,1,0.000000,NA
686,0.00000,30.20834,23916,1,0.000000,NA
687,0.00000,30.23438,23916,1,0.000000,NA
688,0.00000,30.20834,23916,1,0.000000,NA
689,0.00000,30.23438,23916,1,0.000000,NA
690,-0.00938,30.20834,23916,1,0.000000,NA
691,0.00000,30.18229,23916,1,0.000000,NA
692,0.00000,30.18229,23916,1,0.000000,NA
693,0.00000,30.18229,23916,1,0.000000,NA
694,0.00000,30.20834,23916,1,0.000000,NA
695,0.00000,30.20834,23916,1,0.000000,NA
696,0.00000,30.18229,23916,1,0.000000,NA
697,0.00000,30.20834,23916,1,0.000000,NA
698,0.00000,30.18229,23916,1,0.000000,NA
699,0.00000,30.18229,23916,1,0.000000,NA
700,0.00000,30.18229,23916,1,0.000000,NA
701,-0.00938,30.18229,23916,1,0.000000,NA
702,0.00000,30.18229,23916,1,0.000000,NA
703,-0.00938,30.18229,23916,1,0.000000,NA
704,0.00000,30.18229,23916,1,0.000000,NA
705,0.00000,30.15625,23916,1,0.000000,NA
706,0.00000,30.15625,23916,1,0.000000,NA
707,0.00000,30.15625,23916,1,0.000000,NA
708,0.00000,30.15625,23916,1,0.000000,NA
709,0.00000,30.15625,23916,1,0.000000,NA
710,0.00000,30.15625,23916,1,0.000000,NA
711,0.00000,30.15625,23916,1,0.000000,NA
712,0.00000,30.15625,23916,1,0.000000,NA
713,0.00000,30.15625,23916,1,0.000000,NA
714,0.00000,30.15625,23916,1,0.000000,NA
715,0.00000,30.15625,23916,1,0.000000,NA
716,0.00000,30.13021,23916,1,0.000000,NA
717,0.00000,30.15625,23916,1,0.000000,NA
718,-0.00938,30.13021,23916,1,0.000000,NA
719,0.00000,30.13021,23916,1,0.000000,NA
720,0.00000,30.13021,23916,1,0.000000,NA
721,0.00000,30.13021,23916,1,0.000000,NA
722,0.00000,30.13021,23916,1,0.000000,NA
723,0.00000,30.13021,23916,1,0.000000,NA
724,0.00000,30.13021,23916,1,0.000000,NA
725,0.00000,30.10417,23916,1,0.000000,NA
726,0.00000,30.13021,23916,1,0.000000,NA
727,0.00000,30.10417,23916,1,0.000000,NA
728,0.00000,30.10417,23916,1,0.000000,NA
729,0.00000,30.13021,23916,1,0.000000,NA
730,0.00000,30.13021,23916,1,0.000000,NA
731,0.00000,30.13021,23916,1,0.000000,NA
732,0.00000,30.10417,23916,1,0.000000,NA
733,0.00000,30.10417,23916,1,0.000000,NA
734,0.00000,30.10417,23916,1,0.000000,NA
735,0.00000,30.10417,23916,1,0.000000,NA
736,0.00000,30.10417,23916,1,0.000000,NA
737,0.00000,30.07813,23916,1,0.000000,NA
738,0.00000,30.10417,23916,1,0.000000,NA
739,0.00000,30.07813,23916,1,0.000000,NA
740,0.00000,30.07813,23916,1,0.000000,NA
741,0.00000,30.07813,23916,1,0.000000,NA
742,0.00000,30.10417,23916,1,0.000000,NA
743,0.00000,30.10417,23916,1,0.000000,NA
744,0.00000,30.07813,23916,1,0.000000,NA
745,0.00000,30.07813,23916,1,0.000000,NA
746,0.00000,30.07813,23916,1,0.000000,NA
747,0.00000,30.07813,23916,1,0.000000,NA
748,0.00000,30.07813,23916,1,0.000000,NA
749,0.00000,30.07813,23916,1,0.000000,NA
750,-0.00938,30.07813,23916,1,0.000000,NA
751,-0.00938,30.07813,23916,1,0.000000,NA
752,0.00000,30.05208,23916,1,0.000000,NA
753,-0.00938,30.05208,23916,1,0.000000,NA
754,0.00000,30.05208,23916,1,0.000000,NA
755,-0.00938,30.05208,23916,1,0.000000,NA
756,0.00000,30.05208,23916,1,0.000000,NA
757,0.00000,30.05208,23916,1,0.000000,NA
758,-0.00938,30.05208,23916,1,0.000000,NA
759,0.00000,30.05208,23916,1,0.000000,NA
760,0.00000,30.05208,23916,1,0.000000,NA
761,0.00000,30.02604,23916,1,0.000000,NA
762,0.00000,30.02604,23916,1,0.000000,NA
763,0.00000,30.02604,23916,1,0.000000,NA
764,0.00000,30.02604,23916,1,0.000000,NA
765,0.00000,30.05208,23916,1,0.000000,NA
766,0.00000,30.02604,23916,1,0.000000,NA
767,0.00000,30.05208,23916,1,0.000000,NA
768,-0.00938,30.02604,23916,1,0.000000,NA
769,0.00000,30.02604,23916,1,0.000000,NA
770,0.00000,30.02604,23916,1,0.000000,NA
771,0.00000,30.02604,23916,1,0.000000,NA
772,0.00000,30.02604,23916,1,0.000000,NA
773,0.00000,30.02604,23916,1,0.000000,NA
774,0.00000,30.02604,23916,1,0.000000,NA
775,0.00000,30.02604,23916,1,0.000000,NA
776,0.00000,30.02604,23916,1,0.000000,NA
777,0.00000,30.02604,23916,1,0.000000,NA
778,0.00000,30.02604,23916,1,0.000000,NA
779,0.00000,30.00000,23916,1,0.000000,NA
780,0.00000,30.02604,23916,1,0.000000,NA
781,0.00000,30.00000,23916,1,0.000000,NA
782,0.00000,30.00000,23916,1,0.000000,NA
783,0.00000,30.00000,23916,1,0.000000,NA
784,0.00000,30.00000,23916,1,0.000000,NA
785,-0.00938,30.00000,23916,1,0.000000,NA
786,0.00000,29.97396,23916,1,0.000000,NA
787,0.00000,30.00000,23916,1,0.000000,NA
788,0.00000,30.00000,23916,1,0.000000,NA
789,0.00000,30.00000,23916,1,0.000000,NA
790,0.00000,29.97396,23916,1,0.000000,NA
791,0.00000,30.00000,23916,1,0.000000,NA
792,0.00000,30.00000,23916,1,0.000000,NA
793,0.00000,29.97396,23916,1,0.000000,NA
794,0.00000,29.97396,23916,1,0.000000,NA
795,0.00000,29.97396,23916,1,0.000000,NA
796,0.00000,29.97396,23916,1,0.000000,NA
797,0.00000,29.97396,23916,1,0.000000,NA
798,0.00000,29.97396,23916,1,0.000000,NA
799,0.00000,29.97396,23916,1,0.000000,NA
800,0.00000,29.97396,23916,1,0.000000,NA
801,0.00000,29.97396,23916,1,0.000000,NA
802,0.00000,29.97396,23916,1,0.000000,NA
803,0.00000,29.94792,23916,1,0.000000,NA
804,0.00000,29.97396,23916,1,0.000000,NA
805,0.00000,29.97396,23916,1,0.000000,NA
806,0.00000,29.97396,23916,1,0.000000,NA
807,0.00000,29.97396,23916,1,0.000000,NA
808,0.00000,29.94792,23916,1,0.000000,NA
809,0.00000,29.97396,23916,1,0.000000,NA
810,0.00000,29.94792,23916,1,0.000000,NA
811,0.00000,30.49479,23949,1,0.000000,NA
812,0.00000,30.49479,23949,1,0.000000,NA
813,0.00000,30.49479,23949,1,0.000000,NA
814,0.00000,30.46875,23949,1,0.000000,NA
815,0.00000,30.46875,23949,1,0.000000,NA
816,0.00000,30.49479,23949,1,0.000000,NA
817,0.00000,30.49479,23949,1,0.000000,NA
818,0.00000,30.46875,23949,1,0.000000,NA
819,0.00000,30.46875,23949,1,0.000000,NA
820,0.00000,30.46875,23949,1,0.000000,NA
821,0.00000,30.46875,23949,1,0.000000,NA
822,0.00000,30.46875,23949,1,0.000000,NA
823,0.00000,30.46875,23949,1,0.000000,NA
824,0.00000,30.46875,23949,1,0.000000,NA
825,-0.00938,30.46875,23949,1,0.000000,NA
826,0.00000,30.46875,23949,1,0.000000,NA
827,0.00000,30.46875,23949,1,0.000000,NA
828,0.00000,30.46875,23949,1,0.000000,NA
829,-0.00938,30.46875,23949,1,0.000000,NA
830,0.00000,30.44271,23949,1,0.000000,NA
831,-0.00938,30.44271,23948,1,0.000000,NA
832,0.00000,30.46875,23948,1,0.000000,NA
833,0.00000,30.44271,23948,1,0.000000,NA
834,0.00000,30.44271,23948,1,0.000000,NA
835,0.00000,30.44271,23948,1,0.000000,NA
836,0.00000,30.41667,23948,1,0.000000,NA
837,0.00000,30.44271,23948,1,0.000000,NA
838,0.00000,30.44271,23948,1,0.000000,NA
839,0.00000,30.44271,23948,1,0.000000,NA
840,0.00000,30.41667,23948,1,0.000000,NA
841,0.00000,30.44271,23948,1,0.000000,NA
842,0.00000,30.41667,23948,1,0.000000,NA
843,0.00000,30.41667,23948,1,0.000000,NA
844,0.00000,30.41667,23948,1,0.000000,NA
845,0.00000,30.41667,23948,1,0.000000,NA
846,-0.00938,30.39062,23948,1,0.000000,NA
847,0.00000,30.41667,23948,1,0.000000,NA
848,0.00000,30.44271,23948,1,0.000000,NA
849,0.00000,30.41667,23948,1,0.000000,NA
850,0.00000,30.41667,23948,1,0.000000,NA
851,0.00000,30.41667,23948,1,0.000000,NA
852,0.00000,30.39062,23948,1,0.000000,NA
853,0.00000,30.39062,23948,1,0.000000,NA
854,0.00000,30.41667,23948,1,0.000000,NA
855,0.00000,30.39062,23948,1,0.000000,NA
856,0.00000,30.39062,23948,1,0.000000,NA
857,0.00000,30.39062,23948,1,0.000000,NA
858,0.00000,30.39062,23948,1,0.000000,NA
859,0.00000,30.39062,23948,1,0.000000,NA
860,0.00000,30.39062,23948,1,0.000000,NA
861,0.00000,30.39062,23948,1,0.000000,NA
862,0.00000,30.41667,23948,1,0.000000,NA
863,0.00000,30.39062,23948,1,0.000000,NA
864,0.00000,30.36458,23948,1,0.000000,NA
865,0.00000,30.36458,23948,1,0.000000,NA
866,0.00000,30.39062,23948,1,0.000000,NA
867,0.00000,30.36458,23948,1,0.000000,NA
868,0.00000,30.36458,23948,1,0.000000,NA
869,0.00000,30.39062,23948,1,0.000000,NA
870,0.00000,30.36458,23948,1,0.000000,NA
871,0.00000,30.39062,23948,1,0.000000,NA
872,0.00000,30.36458,23948,1,0.000000,NA
873,0.00000,30.39062,23948,1,0.000000,NA
874,0.00000,30.36458,23948,1,0.000000,NA
875,0.00000,30.39062,23948,1,0.000000,NA
876,0.00000,30.36458,23948,1,0.000000,NA
877,0.00000,30.36458,23948,1,0.000000,NA
878,0.00000,30.36458,23948,1,0.000000,NA
879,0.00000,30.36458,23948,1,0.000000,NA
880,0.00000,30.36458,23948,1,0.000000,NA
881,0.00000,30.33854,23948,1,0.000000,NA
882,0.00000,30.36458,23948,1,0.000000,NA
883,0.00000,30.36458,23948,1,0.000000,NA
884,0.00000,30.36458,23948,1,0.000000,NA
885,0.00000,30.33854,23948,1,0.000000,NA
886,0.00000,30.36458,23948,1,0.000000,NA
887,0.00000,30.33854,23948,1,0.000000,NA
888,0.00000,30.33854,23948,1,0.000000,NA
889,0.00000,30.36458,23948,1,0.000000,NA
890,0.00000,30.36458,23948,1,0.000000,NA
891,0.00000,30.33854,23948,1,0.000000,NA
892,0.00000,30.33854,23948,1,0.000000,NA
893,0.00000,30.33854,23948,1,0.000000,NA
894,0.00000,30.33854,23948,1,0.000000,NA
895,0.00000,30.33854,23948,1,0.000000,NA
896,0.00000,30.33854,23948,1,0.000000,NA
897,0.00000,30.33854,23948,1,0.000000,NA
898,0.00000,30.31250,23948,1,0.000000,NA
899,0.00000,30.31250,23948,1,0.000000,NA
900,0.00000,30.33854,23948,1,0.000000,NA
901,0.00000,30.31250,23948,1,0.000000,NA
902,0.00000,30.31250,23948,1,0.000000,NA
903,0.00000,30.31250,23948,1,0.000000,NA
904,-0.00938,30.33854,23948,1,0.000000,NA
905,0.00000,30.31250,23948,1,0.000000,NA
906,0.00000,30.31250,23948,1,0.000000,NA
907,0.00000,30.31250,23948,1,0.000000,NA
908,0.00000,30.31250,23948,1,0.000000,NA
909,0.00000,30.31250,23948,1,0.000000,NA
910,0.00000,30.31250,23948,1,0.000000,NA
911,0.00000,30.31250,23948,1,0.000000,NA
912,0.00000,30.31250,23948,1,0.000000,NA
913,0.00000,30.31250,23948,1,0.000000,NA
914,0.00000,30.31250,23948,1,0.000000,NA
915,0.00000,30.31250,23948,1,0.000000,NA
916,0.00000,30.31250,23948,1,0.000000,NA
917,0.00000,30.31250,23948,1,0.000000,NA
918,0.00000,30.28646,23948,1,0.000000,NA
919,0.00000,30.31250,23948,1,0.000000,NA
920,0.00000,30.28646,23948,1,0.000000,NA
921,0.00000,30.31250,23948,1,0.000000,NA
922,0.00000,30.31250,23948,1,0.000000,NA
923,0.00000,30.28646,23948,1,0.000000,NA
924,0.00000,30.28646,23948,1,0.000000,NA
925,0.00000,30.28646,23948,1,0.000000,NA
926,0.00000,30.28646,23948,1,0.000000,NA
927,0.00000,30.28646,23948,1,0.000000,NA
928,0.00000,30.28646,23948,1,0.000000,NA
929,0.00000,30.28646,23948,1,0.000000,NA
930,0.00000,30.28646,23948,1,0.000000,NA
931,0.00000,30.26042,23948,1,0.000000,NA
932,0.00000,30.28646,23948,1,0.000000,NA
933,0.00000,30.26042,23948,1,0.000000,NA
934,0.00000,30.26042,23948,1,0.000000,NA
935,0.00000,30.26042,23948,1,0.000000,NA
936,0.00000,30.28646,23948,1,0.000000,NA
937,0.00000,30.28646,23948,1,0.000000,NA
938,0.00000,30.26042,23948,1,0.000000,NA
939,0.00000,30.26042,23948,1,0.000000,NA
940,0.00000,30.26042,23948,1,0.000000,NA
941,0.00000,30.26042,23948,1,0.000000,NA
942,0.00000,30.26042,23948,1,0.000000,NA
943,0.00000,30.26042,23948,1,0.000000,NA
944,0.00000,30.26042,23948,1,0.000000,NA
945,0.00000,30.26042,23948,1,0.000000,NA
946,0.00000,30.26042,23948,1,0.000000,NA
947,0.00000,30.26042,23948,1,0.000000,NA
948,0.00000,30.26042,23948,1,0.000000,NA
949,0.00000,30.26042,23948,1,0.000000,NA
950,0.00000,30.23438,23948,1,0.000000,NA
951,0.00000,30.26042,23948,1,0.000000,NA
952,-0.00938,30.23438,23948,1,0.000000,NA
953,0.00000,30.26042,23948,1,0.000000,NA
954,0.00000,30.23438,23948,1,0.000000,NA
955,0.00000,30.23438,23948,1,0.000000,NA
956,0.00000,30.23438,23948,1,0.000000,NA
957,0.00000,30.23438,23948,1,0.000000,NA
958,0.00000,30.23438,23948,1,0.000000,NA
959,0.00000,30.26042,23948,1,0.000000,NA
960,0.00000,30.23438,23948,1,0.000000,NA
961,0.00000,30.23438,23948,1,0.000000,NA
962,0.00000,30.23438,23948,1,0.000000,NA
963,0.00000,30.23438,23948,1,0.000000,NA
964,0.00000,30.23438,23948,1,0.000000,NA
965,0.00000,30.20834,23948,1,0.000000,NA
966,0.00000,30.23438,23948,1,0.000000,NA
967,0.00000,30.20834,23948,1,0.000000,NA
968,-0.00938,30.20834,23948,1,0.000000,NA
969,0.00000,30.23438,23948,1,0.000000,NA
970,0.00000,30.20834,23948,1,0.000000,NA
971,0.00000,30.20834,23948,1,0.000000,NA
972,0.00000,30.20834,23948,1,0.000000,NA
973,0.00000,30.20834,23948,1,0.000000,NA
974,0.00000,30.20834,23948,1,0.000000,NA
975,0.00000,30.23438,23948,1,0.000000,NA
976,0.00000,30.20834,23948,1,0.000000,NA
977,0.00000,30.20834,23948,1,0.000000,NA
978,0.00000,30.20834,23948,1,0.000000,NA
979,0.00000,30.20834,23948,1,0.000000,NA
980,0.00000,30.20834,23948,1,0.000000,NA
981,0.00000,30.18229,23948,1,0.000000,NA
982,0.00000,30.20834,23948,1,0.000000,NA
983,0.00000,30.18229,23948,1,0.000000,NA
984,0.00000,30.20834,23948,1,0.000000,NA
985,0.00000,30.18229,23948,1,0.000000,NA
986,0.00000,30.18229,23948,1,0.000000,NA
987,0.00000,30.18229,23948,1,0.000000,NA
988,0.00000,30.18229,23948,1,0.000000,NA
989,0.00000,30.18229,23948,1,0.000000,NA
990,0.00000,30.18229,23948,1,0.000000,NA
991,0.00000,30.18229,23948,1,0.000000,NA
992,0.00000,30.18229,23948,1,0.000000,NA
993,0.00000,30.15625,23948,1,0.000000,NA
994,0.00000,30.18229,23948,1,0.000000,NA
995,0.00000,30.18229,23948,1,0.000000,NA
996,-0.00938,30.18229,23948,1,0.000000,NA
997,0.00000,30.18229,23948,1,0.000000,NA
998,0.00000,30.18229,23948,1,0.000000,NA
999,-0.00938,30.18229,23948,1,0.000000,NA
1000,0.00000,30.18229,23948,1,0.000000,NA
1001,0.00000,30.18229,23948,1,0.000000,NA
1002,0.00000,30.15625,23948,1,0.000000,NA
1003,0.00000,30.18229,23948,1,0.000000,NA
1004,0.00000,30.18229,23948,1,0.000000,NA
1005,0.00000,30.15625,23948,1,0.000000,NA
1006,0.00000,30.18229,23948,1,0.000000,NA
1007,0.00000,30.15625,23948,1,0.000000,NA
1008,0.00000,30.15625,23948,1,0.000000,NA
1009,0.00000,30.15625,23948,1,0.000000,NA
1010,0.00000,30.13021,23948,1,0.000000,NA
1011,0.00000,30.15625,23948,1,0.000000,NA
1012,0.00000,30.15625,23948,1,0.000000,NA
1013,0.00000,30.13021,23948,1,0.000000,NA
1014,0.00000,30.15625,23948,1,0.000000,NA
1015,0.00000,30.15625,23948,1,0.000000,NA
1016,0.00000,30.15625,23948,1,0.000000,NA
1017,0.00000,30.13021,23948,1,0.000000,NA
1018,0.00000,30.13021,23948,1,0.000000,NA
1019,0.00000,30.13021,23948,1,0.000000,NA
1020,0.00000,30.15625,23948,1,0.000000,NA
1021,-0.00938,30.15625,23948,1,0.000000,NA
1022,0.00000,30.13021,23948,1,0.000000,NA
1023,0.00000,30.13021,23948,1,0.000000,NA
1024,-0.00938,30.13021,23948,1,0.000000,NA
1025,0.00000,30.13021,23948,1,0.000000,NA
1026,0.00000,30.13021,23948,1,0.000000,NA
1027,0.00000,30.13021,23948,1,0.000000,NA
1028,0.00000,30.13021,23948,1,0.000000,NA
1029,-0.00938,30.13021,23948,1,0.000000,NA
1030,0.00000,30.13021,23948,1,0.000000,NA
1031,0.00000,30.13021,23948,1,0.000000,NA
1032,0.00000,30.13021,23948,1,0.000000,NA
1033,0.00000,30.13021,23948,1,0.000000,NA
1034,0.00000,30.10417,23948,1,0.000000,NA
1035,0.00000,30.13021,23948,1,0.000000,NA
1036,0.00000,30.13021,23948,1,0.000000,NA
1037,0.00000,30.10417,23948,1,0.000000,NA
1038,0.00000,30.10417,23948,1,0.000000,NA
1039,0.00000,30.10417,23948,1,0.000000,NA
1040,0.00000,30.13021,23948,1,0.000000,NA
1041,0.00000,30.13021,23948,1,0.000000,NA
1042,0.00000,30.10417,23948,1,0.000000,NA
1043,0.00000,30.10417,23948,1,0.000000,NA
1044,0.00000,30.10417,23948,1,0.000000,NA
1045,0.00000,30.10417,23948,1,0.000000,NA
1046,0.00000,30.10417,23948,1,0.000000,NA
1047,0.00000,30.07813,23948,1,0.000000,NA
1048,0.00000,30.07813,23948,1,0.000000,NA
1049,0.00000,30.07813,23948,1,0.000000,NA
1050,0.00000,30.10417,23948,1,0.000000,NA
1051,0.00000,30.10417,23948,1,0.000000,NA
1052,-0.00938,30.07813,23948,1,0.000000,NA
1053,0.00000,30.07813,23948,1,0.000000,NA
1054,0.00000,30.07813,23948,1,0.000000,NA
1055,0.00000,30.07813,23948,1,0.000000,NA
1056,0.00000,30.07813,23948,1,0.000000,NA
1057,0.00000,30.07813,23948,1,0.000000,NA
1058,0.00000,30.07813,23948,1,0.000000,NA
1059,0.00000,30.05208,23948,1,0.000000,NA
1060,0.00000,30.07813,23948,1,0.000000,NA
1061,0.00000,30.07813,23948,1,0.000000,NA
1062,0.00000,30.07813,23948,1,0.000000,NA
1063,0.00000,30.07813,23948,1,0.000000,NA
1064,0.00000,30.07813,23948,1,0.000000,NA
1065,0.00000,30.07813,23948,1,0.000000,NA
1066,-0.00938,30.07813,23948,1,0.000000,NA
1067,0.00000,30.07813,23948,1,0.000000,NA
1068,0.00000,30.07813,23948,1,0.000000,NA
1069,0.00000,30.07813,23948,1,0.000000,NA
1070,0.00000,30.05208,23948,1,0.000000,NA
1071,0.00000,30.07813,23948,1,0.000000,NA
1072,0.00000,30.05208,23948,1,0.000000,NA
1073,0.00000,30.05208,23948,1,0.000000,NA
1074,0.00000,30.07813,23948,1,0.000000,NA
1075,0.00000,30.07813,23948,1,0.000000,NA
1076,0.00000,30.05208,23948,1,0.000000,NA
1077,0.00000,30.02604,23948,1,0.000000,NA
1078,0.00000,30.05208,23948,1,0.000000,NA
1079,0.00000,30.05208,23948,1,0.000000,NA
1080,0.00000,30.05208,23948,1,0.000000,NA
1081,0.00000,30.05208,23948,1,0.000000,NA
1082,0.00000,30.05208,23948,1,0.000000,NA
1083,0.00000,30.05208,23948,1,0.000000,NA
1084,0.00000,30.05208,23948,1,0.000000,NA
1085,0.00000,30.05208,23948,1,0.000000,NA
1086,0.00000,30.02604,23948,1,0.000000,NA
1087,0.00000,30.02604,23948,1,0.000000,NA
1088,0.00000,30.05208,23948,1,0.000000,NA
1089,0.00000,30.05208,23948,1,0.000000,NA
1090,0.00000,30.05208,23948,1,0.000000,NA
1091,0.00000,30.02604,23948,1,0.000000,NA
1092,0.00000,30.05208,23948,1,0.000000,NA
1093,0.00000,30.02604,23948,1,0.000000,NA
1094,0.00000,30.02604,23948,1,0.000000,NA
1095,0.00000,30.02604,23948,1,0.000000,NA
1096,0.00000,30.02604,23948,1,0.000000,NA
1097,0.00000,30.02604,23948,1,0.000000,NA
1098,0.00000,30.02604,23948,1,0.000000,NA
1099,0.00000,30.02604,23948,1,0.000000,NA
1100,0.00000,30.05208,23948,1,0.000000,NA
1101,0.00000,30.02604,23948,1,0.000000,NA
1102,0.00000,30.02604,23948,1,0.000000,NA
1103,0.00000,30.02604,23948,1,0.000000,NA
1104,0.00000,30.00000,23948,1,0.000000,NA
1105,0.00000,30.00000,23948,1,0.000000,NA
1106,0.00000,30.02604,23948,1,0.000000,NA
1107,0.00000,30.00000,23948,1,0.000000,NA
1108,0.00000,30.00000,23948,1,0.000000,NA
1109,0.00000,30.02604,23948,1,0.000000,NA
1110,0.00000,30.02604,23948,1,0.000000,NA
1111,0.00000,30.00000,23948,1,0.000000,NA
1112,0.00000,30.00000,23948,1,0.000000,NA
1113,0.00000,30.02604,23948,1,0.000000,NA
1114,0.00000,30.00000,23948,1,0.000000,NA
1115,0.00000,30.02604,23948,1,0.000000,NA
1116,0.00000,30.00000,23948,1,0.000000,NA
1117,0.00000,30.00000,23948,1,0.000000,NA
1118,0.00000,30.00000,23948,1,0.000000,NA
1119,0.00000,30.00000,23948,1,0.000000,NA
1120,0.00000,30.00000,23948,1,0.000000,NA
1121,0.00000,30.00000,23948,1,0.000000,NA
1122,0.00000,29.97396,23948,1,0.000000,NA
1123,0.00000,29.97396,23948,1,0.000000,NA
1124,0.00000,30.00000,23948,1,0.000000,NA
1125,0.00000,30.00000,23948,1,0.000000,NA
1126,-0.00938,29.97396,23948,1,0.000000,NA
1127,0.00000,29.97396,23948,1,0.000000,NA
1128,0.00000,30.00000,23948,1,0.000000,NA
1129,0.00000,29.97396,23948,1,0.000000,NA
1130,0.00000,29.97396,23948,1,0.000000,NA
1131,0.00000,30.44271,23977,1,0.000000,NA
1132,0.00000,30.44271,23977,1,0.000000,NA
1133,0.00000,30.44271,23977,1,0.000000,NA
1134,0.00000,30.44271,23977,1,0.000000,NA
1135,0.00000,30.44271,23977,1,0.000000,NA
1136,0.00000,30.44271,23977,1,0.000000,NA
1137,0.00000,30.41667,23977,1,0.000000,NA
1138,0.00000,30.44271,23977,1,0.000000,NA
1139,0.00000,30.41667,23977,1,0.000000,NA
1140,-0.00938,30.41667,23977,1,0.000000,NA
1141,0.00000,30.44271,23977,1,0.000000,NA
1142,-0.00938,30.41667,23977,1,0.000000,NA
1143,0.00000,30.41667,23977,1,0.000000,NA
1144,0.00000,30.41667,23977,1,0.000000,NA
1145,0.00000,30.41667,23977,1,0.000000,NA
1146,0.00000,30.44271,23977,1,0.000000,NA
1147,0.00000,30.41667,23977,1,0.000000,NA
1148,0.00000,30.41667,23977,1,0.000000,NA
1149,0.00000,30.41667,23977,1,0.000000,NA
1150,0.00000,30.41667,23977,1,0.000000,NA
1151,0.00000,30.41667,23977,1,0.000000,NA
1152,0.00000,30.44271,23977,1,0.000000,NA	
