#2023-08-10T19:44:43
0,0.00000,0.15625,30000,0,0.000000,NA
1,0.00000,0.05208,30000,0,0.000000,NA
2,0.00000,0.00000,30000,0,0.000000,NA
3,0.00000,0.02604,30000,0,0.000000,NA
4,0.00000,0.02604,30000,0,0.000000,NA
5,0.00000,0.02604,30000,0,0.000000,NA
6,0.00000,0.02604,30000,0,0.000000,NA
7,0.00000,-0.72917,28559,1,0.000000,CLEANSE_SYSTEM
8,0.00000,-0.91146,27006,1,0.000000,CLEANSE_SYSTEM
9,0.00000,-1.01562,25453,1,0.000000,CLEANSE_SYSTEM
10,0.00000,-1.40625,23900,1,0.000000,CLEANSE_SYSTEM
11,0.00000,-1.48438,22346,1,0.000000,CLEANSE_SYSTEM
12,0.00000,-1.61458,20791,1,0.000000,CLEANSE_SYSTEM
13,0.00000,-1.74479,19238,1,0.000000,CLEANSE_SYSTEM
14,0.00000,-1.79688,17999,1,0.000000,CLEANSE_SYSTEM
15,0.00000,-0.93750,18301,1,0.000000,CLEANSE_SYSTEM
16,0.00000,0.49479,19855,1,0.000000,CLEANSE_SYSTEM
17,0.00000,1.06771,21408,1,0.000000,CLEANSE_SYSTEM
18,0.00000,0.98958,22961,1,0.000000,CLEANSE_SYSTEM
19,0.00000,0.15625,24514,1,0.000000,CLEANSE_SYSTEM
20,0.00000,0.20833,26067,1,0.000000,CLEANSE_SYSTEM
21,0.00000,0.67708,27622,1,0.000000,CLEANSE_SYSTEM
22,0.00000,0.91146,29175,1,0.000000,CLEANSE_SYSTEM
23,0.00000,0.62500,30017,0,0.000000,CLEANSE_SYSTEM
24,0.00000,-0.70312,29288,1,0.000000,CLEANSE_SYSTEM
25,0.00000,-1.53646,27735,1,0.000000,CLEANSE_SYSTEM
26,0.00000,-1.92708,26182,1,0.000000,CLEANSE_SYSTEM
27,0.00000,-1.71875,24629,1,0.000000,CLEANSE_SYSTEM
28,0.00000,-1.97917,23076,1,0.000000,CLEANSE_SYSTEM
29,0.00000,-2.18750,21523,1,0.000000,CLEANSE_SYSTEM
30,0.00000,-2.16146,19969,1,0.000000,CLEANSE_SYSTEM
31,0.00000,-2.21354,18415,1,0.000000,CLEANSE_SYSTEM
32,0.00000,-1.17188,17998,1,0.000000,CLEANSE_SYSTEM
33,0.00000,0.33854,18883,1,0.000000,CLEANSE_SYSTEM
34,0.00000,1.51042,20458,1,0.000000,CLEANSE_SYSTEM
35,0.00000,1.56250,22011,1,0.000000,CLEANSE_SYSTEM
36,0.00000,0.46875,23564,1,0.000000,CLEANSE_SYSTEM
37,0.00000,1.22396,25117,1,0.000000,CLEANSE_SYSTEM
38,0.00000,1.38021,26670,1,0.000000,CLEANSE_SYSTEM
39,0.00000,1.51042,28223,1,0.000000,CLEANSE_SYSTEM
40,0.00000,1.97917,29776,1,0.000000,CLEANSE_SYSTEM
41,0.00000,0.36458,30001,0,0.000000,CLEANSE_SYSTEM
42,0.00000,-1.40625,28805,1,0.000000,CLEANSE_SYSTEM
43,0.00000,-2.00521,27252,1,0.000000,CLEANSE_SYSTEM
44,0.00000,-1.87500,25690,1,0.000000,CLEANSE_SYSTEM
45,0.00000,-2.13542,24136,1,0.000000,CLEANSE_SYSTEM
46,0.00000,-2.16146,22583,1,0.000000,CLEANSE_SYSTEM
47,0.00000,-2.23958,21030,1,0.000000,CLEANSE_SYSTEM
48,0.00000,-2.23958,19476,1,0.000000,CLEANSE_SYSTEM
49,0.00000,-2.29167,17998,1,0.000000,CLEANSE_SYSTEM
50,0.00000,-0.57292,17998,1,0.000000,CLEANSE_SYSTEM
51,0.00000,1.17188,19344,1,0.000000,CLEANSE_SYSTEM
52,0.00000,1.82292,20898,1,0.000000,CLEANSE_SYSTEM
53,0.00000,1.17188,22451,1,0.000000,CLEANSE_SYSTEM
54,0.00000,1.56250,24007,1,0.000000,CLEANSE_SYSTEM
55,0.00000,2.05729,25560,1,0.000000,CLEANSE_SYSTEM
56,0.00000,2.57813,27113,1,0.000000,CLEANSE_SYSTEM
57,0.00000,2.83854,28667,1,0.000000,CLEANSE_SYSTEM
58,0.00000,2.57813,29999,0,0.000000,CLEANSE_SYSTEM
59,0.00000,0.52083,29999,0,0.000000,CLEANSE_SYSTEM
60,0.00000,-1.48438,28653,1,0.000000,CLEANSE_SYSTEM
61,0.00000,-1.97917,27100,1,0.000000,CLEANSE_SYSTEM
62,0.00000,-2.21354,25547,1,0.000000,CLEANSE_SYSTEM
63,0.00000,-2.21354,23994,1,0.000000,CLEANSE_SYSTEM
64,0.00000,-2.29167,22431,1,0.000000,CLEANSE_SYSTEM
65,0.00000,-2.31771,20878,1,0.000000,CLEANSE_SYSTEM
66,0.00000,-2.34375,19325,1,0.000000,CLEANSE_SYSTEM
67,0.00000,-2.18750,17998,1,0.000000,CLEANSE_SYSTEM
68,0.00000,-0.52083,17998,1,0.000000,CLEANSE_SYSTEM
69,0.00000,1.06771,19500,1,0.000000,CLEANSE_SYSTEM
70,0.00000,1.77083,21054,1,0.000000,CLEANSE_SYSTEM
71,0.00000,1.30208,22608,1,0.000000,CLEANSE_SYSTEM
72,0.00000,1.40625,24161,1,0.000000,CLEANSE_SYSTEM
73,0.00000,2.03125,25713,1,0.000000,CLEANSE_SYSTEM
74,0.00000,2.44792,27270,1,0.000000,CLEANSE_SYSTEM
75,0.00000,2.78646,28823,1,0.000000,CLEANSE_SYSTEM
76,0.00000,2.10938,30001,0,0.000000,CLEANSE_SYSTEM
77,0.00000,0.44271,30001,0,0.000000,CLEANSE_SYSTEM
78,0.00000,-1.61458,28498,1,0.000000,CLEANSE_SYSTEM
79,0.00000,-2.05729,26944,1,0.000000,CLEANSE_SYSTEM
80,0.00000,-2.21354,25389,1,0.000000,CLEANSE_SYSTEM
81,0.00000,-2.31771,23836,1,0.000000,CLEANSE_SYSTEM
82,0.00000,-2.31771,22283,1,0.000000,CLEANSE_SYSTEM
83,0.00000,-2.34375,20730,1,0.000000,CLEANSE_SYSTEM
84,0.00000,-2.36979,19168,1,0.000000,CLEANSE_SYSTEM
85,0.00000,-1.92708,17998,1,0.000000,CLEANSE_SYSTEM
86,0.00000,-0.49479,18111,1,0.000000,CLEANSE_SYSTEM
87,0.00000,1.40625,19664,1,0.000000,CLEANSE_SYSTEM
88,0.00000,1.27604,21217,1,0.000000,CLEANSE_SYSTEM
89,0.00000,1.04167,22770,1,0.000000,CLEANSE_SYSTEM
90,0.00000,1.56250,24325,1,0.000000,CLEANSE_SYSTEM
91,0.00000,2.16146,25878,1,0.000000,CLEANSE_SYSTEM
92,0.00000,2.44792,27431,1,0.000000,CLEANSE_SYSTEM
93,0.00000,2.50000,28984,1,0.000000,CLEANSE_SYSTEM
94,0.00000,1.48438,29999,0,0.000000,CLEANSE_SYSTEM
95,0.00000,-0.07812,29732,1,0.000000,CLEANSE_SYSTEM
96,0.00000,-1.77083,28178,1,0.000000,CLEANSE_SYSTEM
97,0.00000,-2.08333,26625,1,0.000000,CLEANSE_SYSTEM
98,0.00000,-2.21354,25072,1,0.000000,CLEANSE_SYSTEM
99,0.00000,-2.26563,23517,1,0.000000,CLEANSE_SYSTEM
100,0.00000,-2.31771,21965,1,0.000000,CLEANSE_SYSTEM
101,-0.00938,-2.31771,20412,1,0.000000,CLEANSE_SYSTEM
102,0.00000,-2.34375,18858,1,0.000000,CLEANSE_SYSTEM
103,0.00000,-1.38021,17998,1,0.000000,CLEANSE_SYSTEM
104,-0.00938,0.39063,18429,1,0.000000,CLEANSE_SYSTEM
105,0.00000,1.56250,19983,1,0.000000,CLEANSE_SYSTEM
106,-0.00938,1.22396,21536,1,0.000000,CLEANSE_SYSTEM
107,-0.00938,1.22396,23089,1,0.000000,CLEANSE_SYSTEM
108,0.00000,1.90104,24642,1,0.000000,CLEANSE_SYSTEM
109,-0.00938,2.36979,26197,1,0.000000,CLEANSE_SYSTEM
110,0.00000,2.55208,27751,1,0.000000,CLEANSE_SYSTEM
111,-0.00938,2.57813,29304,1,0.000000,CLEANSE_SYSTEM
112,0.00000,1.09375,30001,0,0.000000,CLEANSE_SYSTEM
113,-0.00938,-0.80729,29439,1,0.000000,CLEANSE_SYSTEM
114,0.00000,-1.84896,27877,1,0.000000,CLEANSE_SYSTEM
115,0.00000,-2.13542,26324,1,0.000000,CLEANSE_SYSTEM
116,0.00000,-2.23958,24770,1,0.000000,CLEANSE_SYSTEM
117,0.00000,-2.29167,23217,1,0.000000,CLEANSE_SYSTEM
118,0.00000,-2.31771,21662,1,0.000000,CLEANSE_SYSTEM
119,0.00000,-2.31771,20109,1,0.000000,CLEANSE_SYSTEM
120,0.00000,-2.34375,18556,1,0.000000,CLEANSE_SYSTEM
121,-0.00938,-1.04167,17998,1,0.000000,CLEANSE_SYSTEM
122,0.00000,0.70312,18728,1,0.000000,CLEANSE_SYSTEM
123,0.00000,1.48438,20281,1,0.000000,CLEANSE_SYSTEM
124,0.00000,1.14583,21837,1,0.000000,CLEANSE_SYSTEM
125,0.00000,1.19792,23390,1,0.000000,CLEANSE_SYSTEM
126,0.00000,1.82292,24943,1,0.000000,CLEANSE_SYSTEM
127,0.00000,2.44792,26496,1,0.000000,CLEANSE_SYSTEM
128,0.00000,2.76042,28051,1,0.000000,CLEANSE_SYSTEM
129,0.00000,2.81250,29604,1,0.000000,CLEANSE_SYSTEM
130,0.00000,0.91146,29999,0,0.000000,CLEANSE_SYSTEM
131,0.00000,-1.04167,29269,1,0.000000,CLEANSE_SYSTEM
132,0.00000,-1.90104,27716,1,0.000000,CLEANSE_SYSTEM
133,0.00000,-2.13542,26163,1,0.000000,CLEANSE_SYSTEM
134,0.00000,-2.23958,24600,1,0.000000,CLEANSE_SYSTEM
135,0.00000,-2.26563,23047,1,0.000000,CLEANSE_SYSTEM
136,0.00000,-2.29167,21493,1,0.000000,CLEANSE_SYSTEM
137,0.00000,-2.29167,19940,1,0.000000,CLEANSE_SYSTEM
138,0.00000,-2.34375,18386,1,0.000000,CLEANSE_SYSTEM
139,0.00000,-0.88542,17998,1,0.000000,CLEANSE_SYSTEM
140,-0.00938,0.85938,18883,1,0.000000,CLEANSE_SYSTEM
141,0.00000,1.11979,20437,1,0.000000,CLEANSE_SYSTEM
142,-0.00938,1.04167,21990,1,0.000000,CLEANSE_SYSTEM
143,-0.00938,1.14583,23543,1,0.000000,CLEANSE_SYSTEM
144,-0.00938,2.03125,25098,1,0.000000,CLEANSE_SYSTEM
145,-0.00938,2.50000,26651,1,0.000000,CLEANSE_SYSTEM
146,-0.00938,2.63021,28205,1,0.000000,CLEANSE_SYSTEM
147,-0.00938,2.60417,29759,1,0.000000,CLEANSE_SYSTEM
148,-0.00938,0.67708,30000,0,0.000000,CLEANSE_SYSTEM
149,0.00000,-1.38021,28960,1,0.000000,CLEANSE_SYSTEM
150,-0.00938,-2.00521,27407,1,0.000000,CLEANSE_SYSTEM
151,-0.00938,-2.18750,25853,1,0.000000,CLEANSE_SYSTEM
152,0.00000,-2.29167,24301,1,0.000000,CLEANSE_SYSTEM
153,0.00000,-2.31771,22748,1,0.000000,CLEANSE_SYSTEM
154,0.00000,-2.34375,21185,1,0.000000,CLEANSE_SYSTEM
155,-0.00938,-2.36979,19632,1,0.000000,CLEANSE_SYSTEM
156,0.00000,-2.39583,18077,1,0.000000,CLEANSE_SYSTEM
157,0.00000,-0.67708,17998,1,0.000000,CLEANSE_SYSTEM
158,0.00000,1.09375,19192,1,0.000000,CLEANSE_SYSTEM
159,-0.00938,1.66667,20745,1,0.000000,CLEANSE_SYSTEM
160,-0.00938,1.30208,22298,1,0.000000,CLEANSE_SYSTEM
161,-0.00938,1.30208,23851,1,0.000000,CLEANSE_SYSTEM
162,-0.00938,1.95312,25405,1,0.000000,CLEANSE_SYSTEM
163,-0.00938,2.36979,26959,1,0.000000,CLEANSE_SYSTEM
164,0.00000,2.78646,28514,1,0.000000,CLEANSE_SYSTEM
165,-0.00938,2.96875,30011,0,0.000000,CLEANSE_SYSTEM
166,-0.00938,0.65104,30011,0,0.000000,CLEANSE_SYSTEM
167,0.00000,-1.45833,28811,1,0.000000,CLEANSE_SYSTEM
168,0.00000,-2.03125,27258,1,0.000000,CLEANSE_SYSTEM
169,0.00000,-2.23958,25705,1,0.000000,CLEANSE_SYSTEM
170,0.00000,-2.34375,24152,1,0.000000,CLEANSE_SYSTEM
171,0.00000,-2.34375,22598,1,0.000000,CLEANSE_SYSTEM
172,0.00000,-2.36979,21045,1,0.000000,CLEANSE_SYSTEM
173,0.00000,-2.39583,19492,1,0.000000,CLEANSE_SYSTEM
174,0.00000,-2.42188,18000,1,0.000000,CLEANSE_SYSTEM
175,0.00000,-0.62500,18000,1,0.000000,CLEANSE_SYSTEM
176,-0.00938,1.17188,19350,1,0.000000,CLEANSE_SYSTEM
177,0.00000,1.69271,20904,1,0.000000,CLEANSE_SYSTEM
178,0.00000,1.25000,22457,1,0.000000,CLEANSE_SYSTEM
179,-0.00938,1.32813,24010,1,0.000000,CLEANSE_SYSTEM
180,0.00000,1.92708,25564,1,0.000000,CLEANSE_SYSTEM
181,-0.00938,2.34375,27117,1,0.000000,CLEANSE_SYSTEM
182,-0.00938,2.73438,28670,1,0.000000,CLEANSE_SYSTEM
183,-0.00938,2.55208,29989,0,0.000000,CLEANSE_SYSTEM
184,0.00000,0.46875,29989,0,0.000000,CLEANSE_SYSTEM
185,0.00000,-1.56250,28663,1,0.000000,CLEANSE_SYSTEM
186,0.00000,-2.08333,27110,1,0.000000,CLEANSE_SYSTEM
187,0.00000,-2.26563,25557,1,0.000000,CLEANSE_SYSTEM
188,0.00000,-2.34375,24004,1,0.000000,CLEANSE_SYSTEM
189,0.00000,-2.36979,22451,1,0.000000,CLEANSE_SYSTEM
190,0.00000,-2.39583,20897,1,0.000000,CLEANSE_SYSTEM
191,0.00000,-2.42188,19344,1,0.000000,CLEANSE_SYSTEM
192,0.00000,-2.26563,17998,1,0.000000,CLEANSE_SYSTEM
193,0.00000,-0.57292,17998,1,0.000000,CLEANSE_SYSTEM
194,0.00000,1.38021,19509,1,0.000000,CLEANSE_SYSTEM
195,0.00000,1.79688,21062,1,0.000000,CLEANSE_SYSTEM
196,0.00000,1.82292,22616,1,0.000000,CLEANSE_SYSTEM
197,-0.00938,2.13542,24169,1,0.000000,CLEANSE_SYSTEM
198,-0.00938,2.57813,25722,1,0.000000,CLEANSE_SYSTEM
199,0.00000,2.89063,27275,1,0.000000,CLEANSE_SYSTEM
200,-0.00938,2.86458,28828,1,0.000000,CLEANSE_SYSTEM
201,-0.00938,2.05729,30001,0,0.000000,CLEANSE_SYSTEM
202,0.00000,0.39063,30001,0,0.000000,CLEANSE_SYSTEM
203,0.00000,-1.69271,28485,1,0.000000,CLEANSE_SYSTEM
204,0.00000,-2.16146,26928,1,0.000000,CLEANSE_SYSTEM
205,0.00000,-2.29167,25374,1,0.000000,CLEANSE_SYSTEM
206,0.00000,-2.34375,23821,1,0.000000,CLEANSE_SYSTEM
207,0.00000,-2.39583,22268,1,0.000000,CLEANSE_SYSTEM
208,0.00000,-2.42188,20715,1,0.000000,CLEANSE_SYSTEM
209,0.00000,-2.44792,19162,1,0.000000,CLEANSE_SYSTEM
210,0.00000,-1.97917,17998,1,0.000000,CLEANSE_SYSTEM
211,0.00000,-0.52083,18111,1,0.000000,CLEANSE_SYSTEM
212,-0.00938,1.66667,19664,1,0.000000,CLEANSE_SYSTEM
213,-0.00938,2.29167,21217,1,0.000000,CLEANSE_SYSTEM
214,0.00000,2.55208,22775,1,0.000000,CLEANSE_SYSTEM
215,0.00000,2.68229,24328,1,0.000000,CLEANSE_SYSTEM
216,-0.00938,2.73438,25880,1,0.000000,CLEANSE_SYSTEM
217,0.00000,2.78646,27433,1,0.000000,CLEANSE_SYSTEM
218,0.00000,2.78646,28987,1,0.000000,CLEANSE_SYSTEM
219,0.00000,1.74479,30000,0,0.000000,CLEANSE_SYSTEM
220,0.00000,0.33854,29900,1,0.000000,CLEANSE_SYSTEM
221,0.00000,-1.97917,28348,1,0.000000,CLEANSE_SYSTEM
222,0.00000,-3.59375,26795,1,0.000000,CLEANSE_SYSTEM
223,0.00000,-4.86979,25240,1,0.000000,CLEANSE_SYSTEM
224,0.00000,-5.85938,23677,1,0.000000,CLEANSE_SYSTEM
225,0.00000,-6.61458,22124,1,0.000000,CLEANSE_SYSTEM
226,0.00000,-7.29167,20571,1,0.000000,CLEANSE_SYSTEM
227,0.00000,-7.89062,19018,1,0.000000,CLEANSE_SYSTEM
228,0.00000,-8.22917,17998,1,0.000000,CLEANSE_SYSTEM
229,0.00000,-8.17708,17998,1,0.000000,CLEANSE_SYSTEM
230,0.00000,-8.15104,17998,1,0.000000,CLEANSE_SYSTEM
231,0.00000,-8.15104,17998,1,0.000000,CLEANSE_SYSTEM
232,0.00000,-8.15104,17998,1,0.000000,CLEANSE_SYSTEM
233,0.00000,-8.17708,17998,1,0.000000,CLEANSE_SYSTEM
234,0.00000,-8.17708,17998,1,0.000000,CLEANSE_SYSTEM
235,0.00000,-8.15104,17998,1,0.000000,CLEANSE_SYSTEM
236,0.00000,-8.15104,17998,1,0.000000,CLEANSE_SYSTEM
237,0.00000,-8.15104,17998,1,0.000000,CLEANSE_SYSTEM
238,0.00000,-8.15104,17998,1,0.000000,CLEANSE_SYSTEM
239,0.00000,-8.15104,17998,1,0.000000,CLEANSE_SYSTEM
240,0.00000,-8.15104,17998,1,0.000000,CLEANSE_SYSTEM
241,0.00000,-8.15104,17998,1,0.000000,CLEANSE_SYSTEM
242,0.00000,-8.15104,17998,1,0.000000,CLEANSE_SYSTEM
243,0.00000,-8.15104,17998,1,0.000000,CLEANSE_SYSTEM
244,0.00000,-8.15104,17998,1,0.000000,CLEANSE_SYSTEM
245,0.00000,-8.15104,17998,1,0.000000,CLEANSE_SYSTEM
246,0.00000,-8.15104,17998,1,0.000000,CLEANSE_SYSTEM
247,0.00000,-8.15104,17998,1,0.000000,CLEANSE_SYSTEM
248,0.00000,-8.15104,17998,1,0.000000,CLEANSE_SYSTEM
249,0.00000,-7.05729,18514,1,0.000000,CLEANSE_SYSTEM
250,0.00000,-3.80208,20067,1,0.000000,CLEANSE_SYSTEM
251,0.00000,0.33854,21621,1,0.000000,CLEANSE_SYSTEM
252,0.00000,1.64062,23175,1,0.000000,CLEANSE_SYSTEM
253,0.00000,2.21354,24728,1,0.000000,CLEANSE_SYSTEM
254,0.00000,2.36979,26291,1,0.000000,CLEANSE_SYSTEM
255,0.00000,2.65625,27845,1,0.000000,CLEANSE_SYSTEM
256,0.00000,2.70833,29398,1,0.000000,CLEANSE_SYSTEM
257,-0.00938,1.19792,29978,0,0.000000,CLEANSE_SYSTEM
258,0.00000,-2.18750,29430,1,0.000000,CLEANSE_SYSTEM
259,0.00000,-4.19271,27876,1,0.000000,CLEANSE_SYSTEM
260,0.00000,-5.41667,26323,1,0.000000,CLEANSE_SYSTEM
261,0.00000,-6.40625,24769,1,0.000000,CLEANSE_SYSTEM
262,0.00000,-7.21354,23216,1,0.000000,CLEANSE_SYSTEM
263,0.00000,-7.91667,21662,1,0.000000,CLEANSE_SYSTEM
264,0.00000,-8.51563,20100,1,0.000000,CLEANSE_SYSTEM
265,0.00000,-8.93229,18546,1,0.000000,CLEANSE_SYSTEM
266,0.00000,-9.06250,18000,1,0.000000,CLEANSE_SYSTEM
267,0.00000,-9.03646,18000,1,0.000000,CLEANSE_SYSTEM
268,0.00000,-9.03646,18000,1,0.000000,CLEANSE_SYSTEM
269,0.00000,-9.03646,18000,1,0.000000,CLEANSE_SYSTEM
270,0.00000,-9.03646,18000,1,0.000000,CLEANSE_SYSTEM
271,0.00000,-9.03646,18000,1,0.000000,CLEANSE_SYSTEM
272,0.00000,-9.03646,18000,1,0.000000,CLEANSE_SYSTEM
273,0.00000,-9.03646,18000,1,0.000000,CLEANSE_SYSTEM
274,0.00000,-9.03646,18000,1,0.000000,CLEANSE_SYSTEM
275,0.00000,-9.03646,18000,1,0.000000,CLEANSE_SYSTEM
276,0.00000,-9.03646,18000,1,0.000000,CLEANSE_SYSTEM
277,0.00000,-9.03646,18000,1,0.000000,CLEANSE_SYSTEM
278,0.00000,-9.03646,18000,1,0.000000,CLEANSE_SYSTEM
279,0.00000,-9.01042,18000,1,0.000000,CLEANSE_SYSTEM
280,0.00000,-9.01042,18000,1,0.000000,CLEANSE_SYSTEM
281,0.00000,-9.01042,18000,1,0.000000,CLEANSE_SYSTEM
282,0.00000,-9.01042,18000,1,0.000000,CLEANSE_SYSTEM
283,0.00000,-9.01042,18000,1,0.000000,CLEANSE_SYSTEM
284,0.00000,-9.01042,18000,1,0.000000,CLEANSE_SYSTEM
285,0.00000,-9.01042,18000,1,0.000000,CLEANSE_SYSTEM
286,0.00000,-9.01042,18000,1,0.000000,CLEANSE_SYSTEM
287,0.00000,-7.42188,18993,1,0.000000,CLEANSE_SYSTEM
288,0.00000,-3.28125,20546,1,0.000000,CLEANSE_SYSTEM
289,0.00000,0.72917,22099,1,0.000000,CLEANSE_SYSTEM
290,0.00000,1.53646,23654,1,0.000000,CLEANSE_SYSTEM
291,0.00000,1.45833,25206,1,0.000000,CLEANSE_SYSTEM
292,0.00000,1.95312,26759,1,0.000000,CLEANSE_SYSTEM
293,0.00000,2.73438,28313,1,0.000000,CLEANSE_SYSTEM
294,0.00000,2.86458,29875,1,0.000000,CLEANSE_SYSTEM
295,0.00000,0.46875,30000,0,0.000000,CLEANSE_SYSTEM
296,0.00000,-4.03646,28811,1,0.000000,CLEANSE_SYSTEM
297,0.00000,-5.59896,27258,1,0.000000,CLEANSE_SYSTEM
298,0.00000,-6.58854,25705,1,0.000000,CLEANSE_SYSTEM
299,0.00000,-7.50000,24150,1,0.000000,CLEANSE_SYSTEM
300,0.00000,-8.28125,22597,1,0.000000,CLEANSE_SYSTEM
301,0.00000,-8.80208,21044,1,0.000000,CLEANSE_SYSTEM
302,0.00000,-9.27083,19490,1,0.000000,CLEANSE_SYSTEM
303,0.00000,-9.76563,18000,1,0.000000,CLEANSE_SYSTEM
304,0.00000,-9.71354,18000,1,0.000000,CLEANSE_SYSTEM
305,0.00000,-9.68750,18000,1,0.000000,CLEANSE_SYSTEM
306,0.00000,-9.68750,18000,1,0.000000,CLEANSE_SYSTEM
307,0.00000,-9.68750,18000,1,0.000000,CLEANSE_SYSTEM
308,0.00000,-9.68750,18000,1,0.000000,CLEANSE_SYSTEM
309,0.00000,-9.68750,18000,1,0.000000,CLEANSE_SYSTEM
310,0.00000,-9.68750,18000,1,0.000000,CLEANSE_SYSTEM
311,0.00000,-9.68750,18000,1,0.000000,CLEANSE_SYSTEM
312,0.00000,-9.68750,18000,1,0.000000,CLEANSE_SYSTEM
313,0.00000,-9.68750,18000,1,0.000000,CLEANSE_SYSTEM
314,0.00000,-9.68750,18000,1,0.000000,CLEANSE_SYSTEM
315,0.00000,-9.68750,18000,1,0.000000,CLEANSE_SYSTEM
316,0.00000,-9.68750,18000,1,0.000000,CLEANSE_SYSTEM
317,0.00000,-9.68750,18000,1,0.000000,CLEANSE_SYSTEM
318,0.00000,-9.68750,18000,1,0.000000,CLEANSE_SYSTEM
319,0.00000,-9.68750,18000,1,0.000000,CLEANSE_SYSTEM
320,0.00000,-9.68750,18000,1,0.000000,CLEANSE_SYSTEM
321,0.00000,-9.68750,18000,1,0.000000,CLEANSE_SYSTEM
322,0.00000,-9.68750,18000,1,0.000000,CLEANSE_SYSTEM
323,0.00000,-9.66146,18000,1,0.000000,CLEANSE_SYSTEM
324,0.00000,-9.66146,18048,1,0.000000,CLEANSE_SYSTEM
325,0.00000,-5.78125,19602,1,0.000000,CLEANSE_SYSTEM
326,0.00000,0.36458,21155,1,0.000000,CLEANSE_SYSTEM
327,0.00000,1.56250,22708,1,0.000000,CLEANSE_SYSTEM
328,0.00000,1.71875,24262,1,0.000000,CLEANSE_SYSTEM
329,0.00000,2.13542,25815,1,0.000000,CLEANSE_SYSTEM
330,0.00000,2.05729,27368,1,0.000000,CLEANSE_SYSTEM
331,0.00000,1.58854,28922,1,0.000000,CLEANSE_SYSTEM
332,0.00000,1.11979,30000,0,0.000000,CLEANSE_SYSTEM
333,0.00000,-2.21354,29576,1,0.000000,CLEANSE_SYSTEM
334,0.00000,-5.00000,28013,1,0.000000,CLEANSE_SYSTEM
335,0.00000,-6.27604,26460,1,0.000000,CLEANSE_SYSTEM
336,0.00000,-7.08333,24906,1,0.000000,CLEANSE_SYSTEM
337,0.00000,-7.86458,23352,1,0.000000,CLEANSE_SYSTEM
338,0.00000,-8.54167,21799,1,0.000000,CLEANSE_SYSTEM
339,0.00000,-9.06250,20246,1,0.000000,CLEANSE_SYSTEM
340,0.00000,-9.55729,18692,1,0.000000,CLEANSE_SYSTEM
341,0.00000,-9.71354,18000,1,0.000000,CLEANSE_SYSTEM
342,0.00000,-9.68750,18000,1,0.000000,CLEANSE_SYSTEM
343,0.00000,-9.68750,18000,1,0.000000,CLEANSE_SYSTEM
344,0.00000,-9.66146,18000,1,0.000000,CLEANSE_SYSTEM
345,0.00000,-9.66146,18000,1,0.000000,CLEANSE_SYSTEM
346,0.00000,-9.66146,18000,1,0.000000,CLEANSE_SYSTEM
347,0.00000,-9.66146,18000,1,0.000000,CLEANSE_SYSTEM
348,0.00000,-9.66146,18000,1,0.000000,CLEANSE_SYSTEM
349,0.00000,-9.66146,18000,1,0.000000,CLEANSE_SYSTEM
350,0.00000,-9.66146,18000,1,0.000000,CLEANSE_SYSTEM
351,0.00000,-9.66146,18000,1,0.000000,CLEANSE_SYSTEM
352,0.00000,-9.66146,18000,1,0.000000,CLEANSE_SYSTEM
353,0.00000,-9.66146,18000,1,0.000000,CLEANSE_SYSTEM
354,0.00000,-9.63542,18000,1,0.000000,CLEANSE_SYSTEM
355,0.00000,-9.63542,18000,1,0.000000,CLEANSE_SYSTEM
356,0.00000,-9.63542,18000,1,0.000000,CLEANSE_SYSTEM
357,0.00000,-9.63542,18000,1,0.000000,CLEANSE_SYSTEM
358,0.00000,-9.63542,18000,1,0.000000,CLEANSE_SYSTEM
359,0.00000,-9.63542,18000,1,0.000000,CLEANSE_SYSTEM
360,0.00000,-9.63542,18000,1,0.000000,CLEANSE_SYSTEM
361,0.00000,-9.63542,18000,1,0.000000,CLEANSE_SYSTEM
362,0.00000,-7.81250,18846,1,0.000000,CLEANSE_SYSTEM
363,-0.00938,-0.59896,20399,1,0.000000,CLEANSE_SYSTEM
364,0.00000,1.14583,21962,1,0.000000,CLEANSE_SYSTEM
365,0.00000,1.58854,23515,1,0.000000,CLEANSE_SYSTEM
366,0.00000,1.19792,25069,1,0.000000,CLEANSE_SYSTEM
367,0.00000,1.84896,26622,1,0.000000,CLEANSE_SYSTEM
368,0.00000,2.03125,28175,1,0.000000,CLEANSE_SYSTEM
369,0.00000,1.30208,29729,1,0.000000,CLEANSE_SYSTEM
370,0.00000,0.36458,30000,0,0.000000,CLEANSE_SYSTEM
371,0.00000,-3.77604,28738,1,0.000000,CLEANSE_SYSTEM
372,0.00000,-5.23438,27185,1,0.000000,CLEANSE_SYSTEM
373,0.00000,-6.30208,25632,1,0.000000,CLEANSE_SYSTEM
374,0.00000,-7.16146,24069,1,0.000000,CLEANSE_SYSTEM
375,0.00000,-7.91667,22514,1,0.000000,CLEANSE_SYSTEM
376,0.00000,-8.38542,20961,1,0.000000,CLEANSE_SYSTEM
377,0.00000,-8.90625,19408,1,0.000000,CLEANSE_SYSTEM
378,0.00000,-9.32292,17982,1,0.000000,CLEANSE_SYSTEM
379,0.00000,-9.24479,17982,1,0.000000,CLEANSE_SYSTEM
380,0.00000,-9.24479,17982,1,0.000000,CLEANSE_SYSTEM
381,0.00000,-9.24479,17982,1,0.000000,CLEANSE_SYSTEM
382,0.00000,-9.24479,17982,1,0.000000,CLEANSE_SYSTEM
383,0.00000,-9.21875,17982,1,0.000000,CLEANSE_SYSTEM
384,0.00000,-9.24479,17982,1,0.000000,CLEANSE_SYSTEM
385,0.00000,-9.24479,17982,1,0.000000,CLEANSE_SYSTEM
386,0.00000,-9.24479,17982,1,0.000000,CLEANSE_SYSTEM
387,0.00000,-9.24479,17982,1,0.000000,CLEANSE_SYSTEM
388,0.00000,-9.21875,17982,1,0.000000,CLEANSE_SYSTEM
389,0.00000,-9.24479,17982,1,0.000000,CLEANSE_SYSTEM
390,0.00000,-9.24479,17982,1,0.000000,CLEANSE_SYSTEM
391,0.00000,-9.24479,17982,1,0.000000,CLEANSE_SYSTEM
392,0.00000,-9.24479,17982,1,0.000000,CLEANSE_SYSTEM
393,0.00000,-9.24479,17982,1,0.000000,CLEANSE_SYSTEM
394,0.00000,-9.21875,17982,1,0.000000,CLEANSE_SYSTEM
395,0.00000,-9.24479,17982,1,0.000000,CLEANSE_SYSTEM
396,0.00000,-9.21875,17982,1,0.000000,CLEANSE_SYSTEM
397,0.00000,-9.24479,17982,1,0.000000,CLEANSE_SYSTEM
398,0.00000,-9.24479,17982,1,0.000000,CLEANSE_SYSTEM
399,0.00000,-9.21875,18096,1,0.000000,CLEANSE_SYSTEM
400,0.00000,-2.81250,19650,1,0.000000,CLEANSE_SYSTEM
401,0.00000,0.57292,21203,1,0.000000,CLEANSE_SYSTEM
402,0.00000,0.98958,22756,1,0.000000,CLEANSE_SYSTEM
403,0.00000,1.74479,24309,1,0.000000,CLEANSE_SYSTEM
404,0.00000,1.51042,25885,1,0.000000,CLEANSE_SYSTEM
405,0.00000,2.21354,27438,1,0.000000,CLEANSE_SYSTEM
406,0.00000,2.42188,28991,1,0.000000,CLEANSE_SYSTEM
407,0.00000,0.93750,30021,0,0.000000,CLEANSE_SYSTEM
408,0.00000,-1.95312,29489,1,0.000000,CLEANSE_SYSTEM
409,0.00000,-4.24479,27935,1,0.000000,CLEANSE_SYSTEM
410,0.00000,-5.33854,26382,1,0.000000,CLEANSE_SYSTEM
411,0.00000,-6.27604,24829,1,0.000000,CLEANSE_SYSTEM
412,0.00000,-6.95313,23276,1,0.000000,CLEANSE_SYSTEM
413,0.00000,-7.52604,21721,1,0.000000,CLEANSE_SYSTEM
414,0.00000,-8.07292,20160,1,0.000000,CLEANSE_SYSTEM
415,0.00000,-8.56771,18607,1,0.000000,CLEANSE_SYSTEM
416,0.00000,-8.75000,17999,1,0.000000,CLEANSE_SYSTEM
417,0.00000,-8.75000,17999,1,0.000000,CLEANSE_SYSTEM
418,0.00000,-8.75000,17999,1,0.000000,CLEANSE_SYSTEM
419,0.00000,-8.75000,17999,1,0.000000,CLEANSE_SYSTEM
420,0.00000,-8.75000,17999,1,0.000000,CLEANSE_SYSTEM
421,0.00000,-8.75000,17999,1,0.000000,CLEANSE_SYSTEM
422,0.00000,-8.75000,17999,1,0.000000,CLEANSE_SYSTEM
423,0.00000,-8.75000,17999,1,0.000000,CLEANSE_SYSTEM
424,0.00000,-8.75000,17999,1,0.000000,CLEANSE_SYSTEM
425,0.00000,-8.77604,17999,1,0.000000,CLEANSE_SYSTEM
426,0.00000,-8.77604,17999,1,0.000000,CLEANSE_SYSTEM
427,0.00000,-8.77604,17999,1,0.000000,CLEANSE_SYSTEM
428,0.00000,-8.75000,17999,1,0.000000,CLEANSE_SYSTEM
429,0.00000,-8.75000,17999,1,0.000000,CLEANSE_SYSTEM
430,0.00000,-8.75000,17999,1,0.000000,CLEANSE_SYSTEM
431,0.00000,-8.75000,17999,1,0.000000,CLEANSE_SYSTEM
432,0.00000,-8.75000,17999,1,0.000000,CLEANSE_SYSTEM
433,0.00000,-8.75000,17999,1,0.000000,CLEANSE_SYSTEM
434,0.00000,-8.75000,17999,1,0.000000,CLEANSE_SYSTEM
435,0.00000,-8.75000,17999,1,0.000000,CLEANSE_SYSTEM
436,0.00000,-8.75000,17999,1,0.000000,CLEANSE_SYSTEM
437,0.00000,-6.79688,18927,1,0.000000,CLEANSE_SYSTEM
438,0.00000,-0.88542,20480,1,0.000000,CLEANSE_SYSTEM
439,0.00000,0.85938,22033,1,0.000000,CLEANSE_SYSTEM
440,0.00000,1.40625,23586,1,0.000000,CLEANSE_SYSTEM
441,0.00000,1.48438,25139,1,0.000000,CLEANSE_SYSTEM
442,0.00000,1.95312,26694,1,0.000000,CLEANSE_SYSTEM
443,0.00000,2.50000,28247,1,0.000000,CLEANSE_SYSTEM
444,0.00000,1.51042,29808,1,0.000000,CLEANSE_SYSTEM
445,0.00000,0.33854,30000,0,0.000000,CLEANSE_SYSTEM
446,0.00000,-3.20312,28654,1,0.000000,CLEANSE_SYSTEM
447,0.00000,-4.45312,27101,1,0.000000,CLEANSE_SYSTEM
448,0.00000,-5.46875,25548,1,0.000000,CLEANSE_SYSTEM
449,0.00000,-6.22396,23995,1,0.000000,CLEANSE_SYSTEM
450,0.00000,-6.90104,22441,1,0.000000,CLEANSE_SYSTEM
451,0.00000,-7.52604,20886,1,0.000000,CLEANSE_SYSTEM
452,0.00000,-8.07292,19333,1,0.000000,CLEANSE_SYSTEM
453,0.00000,-8.43750,17999,1,0.000000,CLEANSE_SYSTEM
454,0.00000,-8.43750,17999,1,0.000000,CLEANSE_SYSTEM
455,0.00000,-8.41146,17999,1,0.000000,CLEANSE_SYSTEM
456,0.00000,-8.41146,17999,1,0.000000,CLEANSE_SYSTEM
457,0.00000,-8.41146,17999,1,0.000000,CLEANSE_SYSTEM
458,0.00000,-8.41146,17999,1,0.000000,CLEANSE_SYSTEM
459,0.00000,-8.41146,17999,1,0.000000,CLEANSE_SYSTEM
460,0.00000,-8.41146,17999,1,0.000000,CLEANSE_SYSTEM
461,0.00000,-8.41146,17999,1,0.000000,CLEANSE_SYSTEM
462,0.00000,-8.41146,17999,1,0.000000,CLEANSE_SYSTEM
463,0.00000,-8.41146,17999,1,0.000000,CLEANSE_SYSTEM
464,0.00000,-8.41146,17999,1,0.000000,CLEANSE_SYSTEM
465,0.00000,-8.41146,17999,1,0.000000,CLEANSE_SYSTEM
466,0.00000,-8.41146,17999,1,0.000000,CLEANSE_SYSTEM
467,0.00000,-8.38542,17999,1,0.000000,CLEANSE_SYSTEM
468,0.00000,-8.38542,17999,1,0.000000,CLEANSE_SYSTEM
469,0.00000,-8.41146,17999,1,0.000000,CLEANSE_SYSTEM
470,0.00000,-8.38542,17999,1,0.000000,CLEANSE_SYSTEM
471,0.00000,-8.41146,17999,1,0.000000,CLEANSE_SYSTEM
472,0.00000,-8.38542,17999,1,0.000000,CLEANSE_SYSTEM
473,0.00000,-8.38542,17999,1,0.000000,CLEANSE_SYSTEM
474,0.00000,-8.38542,18209,1,0.000000,CLEANSE_SYSTEM
475,0.00000,-3.85417,19763,1,0.000000,CLEANSE_SYSTEM
476,0.00000,-0.18229,21316,1,0.000000,CLEANSE_SYSTEM
477,0.00000,1.38021,22869,1,0.000000,CLEANSE_SYSTEM
478,0.00000,2.08333,24423,1,0.000000,CLEANSE_SYSTEM
479,0.00000,1.61458,25976,1,0.000000,CLEANSE_SYSTEM
480,0.00000,2.16146,27530,1,0.000000,CLEANSE_SYSTEM
481,0.00000,2.23958,29083,1,0.000000,CLEANSE_SYSTEM
482,0.00000,1.09375,29981,0,0.000000,CLEANSE_SYSTEM
483,0.00000,-1.19792,29581,1,0.000000,CLEANSE_SYSTEM
484,0.00000,-3.69792,28020,1,0.000000,CLEANSE_SYSTEM
485,0.00000,-4.94792,26466,1,0.000000,CLEANSE_SYSTEM
486,0.00000,-5.75521,24913,1,0.000000,CLEANSE_SYSTEM
487,0.00000,-6.58854,23360,1,0.000000,CLEANSE_SYSTEM
488,0.00000,-7.23958,21807,1,0.000000,CLEANSE_SYSTEM
489,0.00000,-7.83854,20252,1,0.000000,CLEANSE_SYSTEM
490,0.00000,-8.17708,18699,1,0.000000,CLEANSE_SYSTEM
491,0.00000,-8.38542,18000,1,0.000000,CLEANSE_SYSTEM
492,0.00000,-8.38542,18000,1,0.000000,CLEANSE_SYSTEM
493,0.00000,-8.38542,18000,1,0.000000,CLEANSE_SYSTEM
494,0.00000,-8.38542,18000,1,0.000000,CLEANSE_SYSTEM
495,0.00000,-8.38542,18000,1,0.000000,CLEANSE_SYSTEM
496,0.00000,-8.38542,18000,1,0.000000,CLEANSE_SYSTEM
497,0.00000,-8.38542,18000,1,0.000000,CLEANSE_SYSTEM
498,0.00000,-8.38542,18000,1,0.000000,CLEANSE_SYSTEM
499,0.00000,-8.38542,18000,1,0.000000,CLEANSE_SYSTEM
500,0.00000,-8.38542,18000,1,0.000000,CLEANSE_SYSTEM
501,0.00000,-8.38542,18000,1,0.000000,CLEANSE_SYSTEM
502,0.00000,-8.38542,18000,1,0.000000,CLEANSE_SYSTEM
503,0.00000,-8.38542,18000,1,0.000000,CLEANSE_SYSTEM
504,0.00000,-8.38542,18000,1,0.000000,CLEANSE_SYSTEM
505,0.00000,-8.38542,18000,1,0.000000,CLEANSE_SYSTEM
506,0.00000,-8.38542,18000,1,0.000000,CLEANSE_SYSTEM
507,0.00000,-8.38542,18000,1,0.000000,CLEANSE_SYSTEM
508,0.00000,-8.38542,18000,1,0.000000,CLEANSE_SYSTEM
509,0.00000,-8.38542,18000,1,0.000000,CLEANSE_SYSTEM
510,0.00000,-8.38542,18000,1,0.000000,CLEANSE_SYSTEM
511,0.00000,-8.38542,18000,1,0.000000,CLEANSE_SYSTEM
512,0.00000,-6.90104,18837,1,0.000000,CLEANSE_SYSTEM
513,0.00000,-1.48438,20391,1,0.000000,CLEANSE_SYSTEM
514,0.00000,0.75521,21953,1,0.000000,CLEANSE_SYSTEM
515,0.00000,2.00521,23506,1,0.000000,CLEANSE_SYSTEM
516,0.00000,1.56250,25059,1,0.000000,CLEANSE_SYSTEM
517,0.00000,2.05729,26612,1,0.000000,CLEANSE_SYSTEM
518,0.00000,2.26563,28167,1,0.000000,CLEANSE_SYSTEM
519,0.00000,2.55208,29720,1,0.000000,CLEANSE_SYSTEM
520,0.00000,0.67708,30000,0,0.000000,CLEANSE_SYSTEM
521,0.00000,0.36458,30000,0,0.000000,CLEANSE_SYSTEM
522,0.00000,0.33854,30000,0,0.000000,CLEANSE_SYSTEM
523,0.00000,0.31250,30000,0,0.000000,CLEANSE_SYSTEM
524,0.00000,0.28646,30000,0,0.000000,CLEANSE_SYSTEM
525,0.00000,0.28646,30000,0,0.000000,CLEANSE_SYSTEM
526,0.00000,0.28646,30000,0,0.000000,CLEANSE_SYSTEM
527,0.00000,0.26042,30000,0,0.000000,CLEANSE_SYSTEM
528,0.00000,0.28646,30000,0,0.000000,CLEANSE_SYSTEM
529,0.00000,0.28646,30000,0,0.000000,CLEANSE_SYSTEM
530,0.00000,0.28646,30000,0,0.000000,CLEANSE_SYSTEM
531,0.00000,0.26042,30000,0,0.000000,CLEANSE_SYSTEM
532,0.00000,0.26042,30000,0,0.000000,CLEANSE_SYSTEM
533,0.00000,0.26042,30000,0,0.000000,CLEANSE_SYSTEM
534,0.00000,0.26042,30000,0,0.000000,CLEANSE_SYSTEM
535,0.00000,0.26042,30000,0,0.000000,CLEANSE_SYSTEM
536,0.00000,0.26042,30000,0,0.000000,CLEANSE_SYSTEM
537,0.00000,0.26042,30000,0,0.000000,CLEANSE_SYSTEM
538,0.00000,0.26042,30000,0,0.000000,CLEANSE_SYSTEM
539,0.00000,0.26042,30000,0,0.000000,CLEANSE_SYSTEM
540,0.00000,0.26042,30000,0,0.000000,CLEANSE_SYSTEM
541,0.00000,0.26042,30000,0,0.000000,CLEANSE_SYSTEM
542,0.00000,0.26042,30000,0,0.000000,CLEANSE_SYSTEM
543,0.00000,0.26042,30000,0,0.000000,CLEANSE_SYSTEM
544,0.00000,0.26042,30000,0,0.000000,CLEANSE_SYSTEM
545,0.00000,0.26042,30000,0,0.000000,CLEANSE_SYSTEM
546,0.00000,0.26042,30000,0,0.000000,CLEANSE_SYSTEM
547,0.00000,0.26042,30000,0,0.000000,CLEANSE_SYSTEM
548,0.00000,0.26042,30000,0,0.000000,CLEANSE_SYSTEM
549,0.00000,0.26042,30000,0,0.000000,CLEANSE_SYSTEM
550,0.00000,0.26042,30000,0,0.000000,CLEANSE_SYSTEM
551,0.00000,0.26042,30000,0,0.000000,CLEANSE_SYSTEM
552,0.00000,0.26042,30000,0,0.000000,CLEANSE_SYSTEM
553,0.00000,0.26042,30000,0,0.000000,CLEANSE_SYSTEM
554,0.00000,0.26042,30000,0,0.000000,CLEANSE_SYSTEM
555,0.00000,0.26042,30000,0,0.000000,CLEANSE_SYSTEM
556,0.00000,0.26042,30000,0,0.000000,CLEANSE_SYSTEM
557,0.00000,0.26042,30000,0,0.000000,CLEANSE_SYSTEM
558,0.00000,0.26042,30000,0,0.000000,CLEANSE_SYSTEM
559,0.00000,0.26042,30000,0,0.000000,CLEANSE_SYSTEM
560,0.00000,0.26042,30000,0,0.000000,CLEANSE_SYSTEM
561,0.00000,0.26042,30000,0,0.000000,CLEANSE_SYSTEM
562,0.00000,0.26042,30000,0,0.000000,CLEANSE_SYSTEM
563,0.00000,0.26042,30000,0,0.000000,CLEANSE_SYSTEM
564,0.00000,0.26042,30000,0,0.000000,CLEANSE_SYSTEM
565,0.00000,0.26042,30000,0,0.000000,CLEANSE_SYSTEM
566,0.00000,0.26042,30000,0,0.000000,CLEANSE_SYSTEM
567,0.00000,0.26042,30000,0,0.000000,CLEANSE_SYSTEM
568,0.00000,0.26042,30000,0,0.000000,CLEANSE_SYSTEM
569,0.00000,0.26042,30000,0,0.000000,CLEANSE_SYSTEM
570,0.00000,0.26042,30000,0,0.000000,CLEANSE_SYSTEM
571,0.00000,0.23438,30000,0,0.000000,CLEANSE_SYSTEM
572,0.00000,0.26042,30000,0,0.000000,CLEANSE_SYSTEM
573,0.00000,0.26042,30000,0,0.000000,CLEANSE_SYSTEM
574,0.00000,0.26042,30000,0,0.000000,CLEANSE_SYSTEM
575,0.00000,0.26042,30000,0,0.000000,CLEANSE_SYSTEM
576,0.00000,0.26042,30000,0,0.000000,CLEANSE_SYSTEM
577,0.00000,0.26042,30000,0,0.000000,CLEANSE_SYSTEM
578,0.00000,0.26042,30000,0,0.000000,CLEANSE_SYSTEM
579,0.00000,0.23438,30000,0,0.000000,CLEANSE_SYSTEM
580,0.00000,0.26042,30000,0,0.000000,CLEANSE_SYSTEM
581,0.00000,0.26042,30000,0,0.000000,CLEANSE_SYSTEM
582,0.00000,0.26042,30000,0,0.000000,CLEANSE_SYSTEM
583,0.00000,0.26042,30000,0,0.000000,CLEANSE_SYSTEM
584,0.00000,0.26042,30000,0,0.000000,CLEANSE_SYSTEM
585,0.00000,0.26042,30000,0,0.000000,CLEANSE_SYSTEM
586,0.00000,0.26042,30000,0,0.000000,CLEANSE_SYSTEM
587,0.00000,0.23438,30000,0,0.000000,CLEANSE_SYSTEM
588,0.00000,0.26042,30000,0,0.000000,CLEANSE_SYSTEM
589,0.00000,0.26042,30000,0,0.000000,CLEANSE_SYSTEM
590,0.00000,0.26042,30000,0,0.000000,CLEANSE_SYSTEM
591,0.00000,0.23438,30000,0,0.000000,CLEANSE_SYSTEM
592,0.00000,0.26042,30000,0,0.000000,CLEANSE_SYSTEM
593,0.00000,0.26042,30000,0,0.000000,CLEANSE_SYSTEM
594,0.00000,0.26042,30000,0,0.000000,CLEANSE_SYSTEM
595,0.00000,0.23438,30000,0,0.000000,CLEANSE_SYSTEM
596,0.00000,0.26042,30000,0,0.000000,CLEANSE_SYSTEM
597,0.00000,0.23438,30000,0,0.000000,CLEANSE_SYSTEM
598,0.00000,0.26042,30000,0,0.000000,CLEANSE_SYSTEM
599,0.00000,0.26042,30000,0,0.000000,CLEANSE_SYSTEM
600,0.00000,0.26042,30000,0,0.000000,CLEANSE_SYSTEM
601,0.00000,0.23438,30000,0,0.000000,CLEANSE_SYSTEM
602,0.00000,0.23438,30000,0,0.000000,CLEANSE_SYSTEM
603,0.00000,0.23438,30000,0,0.000000,CLEANSE_SYSTEM
604,0.00000,0.23438,30000,0,0.000000,CLEANSE_SYSTEM
605,0.00000,0.26042,30000,0,0.000000,CLEANSE_SYSTEM
606,0.00000,0.26042,30000,0,0.000000,CLEANSE_SYSTEM
607,0.00000,0.26042,30000,0,0.000000,CLEANSE_SYSTEM
608,0.00000,0.23438,30000,0,0.000000,CLEANSE_SYSTEM
609,0.00000,0.23438,30000,0,0.000000,CLEANSE_SYSTEM
610,0.00000,0.26042,30000,0,0.000000,CLEANSE_SYSTEM
611,0.00000,0.26042,30000,0,0.000000,CLEANSE_SYSTEM
612,0.00000,0.26042,30000,0,0.000000,CLEANSE_SYSTEM
613,0.00000,0.26042,30000,0,0.000000,CLEANSE_SYSTEM
614,0.00000,0.26042,30000,0,0.000000,CLEANSE_SYSTEM
615,0.00000,0.23438,30000,0,0.000000,CLEANSE_SYSTEM
616,0.00000,0.23438,30000,0,0.000000,CLEANSE_SYSTEM
617,0.00000,0.23438,30000,0,0.000000,CLEANSE_SYSTEM
618,0.00000,0.23438,30000,0,0.000000,CLEANSE_SYSTEM
619,0.00000,0.23438,30000,0,0.000000,CLEANSE_SYSTEM
620,0.00000,0.23438,30000,0,0.000000,CLEANSE_SYSTEM
621,0.00000,0.23438,30000,0,0.000000,CLEANSE_SYSTEM
622,0.00000,0.26042,30000,0,0.000000,CLEANSE_SYSTEM
623,0.00000,0.23438,30000,0,0.000000,CLEANSE_SYSTEM
624,0.00000,0.23438,30000,0,0.000000,CLEANSE_SYSTEM
625,0.00000,0.23438,30000,0,0.000000,CLEANSE_SYSTEM
626,0.00000,0.23438,30000,0,0.000000,CLEANSE_SYSTEM
627,0.00000,0.26042,30000,0,0.000000,CLEANSE_SYSTEM
628,0.00000,0.23438,30000,0,0.000000,CLEANSE_SYSTEM
629,0.00000,0.23438,30000,0,0.000000,CLEANSE_SYSTEM
630,0.00000,0.26042,30000,0,0.000000,CLEANSE_SYSTEM
631,0.00000,0.23438,30000,0,0.000000,CLEANSE_SYSTEM
632,0.00000,0.26042,30000,0,0.000000,CLEANSE_SYSTEM
633,0.00000,0.23438,30000,0,0.000000,CLEANSE_SYSTEM
634,0.00000,0.26042,30000,0,0.000000,CLEANSE_SYSTEM
635,0.00000,0.23438,30000,0,0.000000,CLEANSE_SYSTEM
636,0.00000,0.23438,30000,0,0.000000,CLEANSE_SYSTEM
637,0.00000,0.26042,30000,0,0.000000,CLEANSE_SYSTEM
638,0.00000,0.23438,30000,0,0.000000,CLEANSE_SYSTEM
639,0.00000,0.23438,30000,0,0.000000,CLEANSE_SYSTEM
640,0.00000,0.26042,30000,0,0.000000,CLEANSE_SYSTEM
641,0.00000,0.23438,30000,0,0.000000,CLEANSE_SYSTEM
642,0.00000,0.23438,30000,0,0.000000,CLEANSE_SYSTEM
643,0.00000,0.23438,30000,0,0.000000,CLEANSE_SYSTEM
644,0.00000,0.23438,30000,0,0.000000,CLEANSE_SYSTEM
645,0.00000,0.23438,30000,0,0.000000,CLEANSE_SYSTEM
646,0.00000,0.23438,30000,0,0.000000,CLEANSE_SYSTEM
647,0.00000,0.23438,30000,0,0.000000,CLEANSE_SYSTEM
648,0.00000,0.23438,30000,0,0.000000,CLEANSE_SYSTEM
649,0.00000,0.23438,30000,0,0.000000,CLEANSE_SYSTEM
650,0.00000,0.23438,30000,0,0.000000,CLEANSE_SYSTEM
651,0.00000,0.23438,30000,0,0.000000,CLEANSE_SYSTEM
652,0.00000,0.23438,30000,0,0.000000,CLEANSE_SYSTEM
653,0.00000,0.23438,30000,0,0.000000,CLEANSE_SYSTEM
654,0.00000,0.23438,30000,0,0.000000,CLEANSE_SYSTEM
655,0.00000,0.23438,30000,0,0.000000,CLEANSE_SYSTEM
656,0.00000,0.23438,30000,0,0.000000,CLEANSE_SYSTEM
657,0.00000,0.23438,30000,0,0.000000,CLEANSE_SYSTEM
658,0.00000,0.23438,30000,0,0.000000,CLEANSE_SYSTEM
659,0.00000,0.23438,30000,0,0.000000,CLEANSE_SYSTEM
660,0.00000,0.23438,30000,0,0.000000,CLEANSE_SYSTEM
661,0.00000,0.23438,30000,0,0.000000,CLEANSE_SYSTEM
662,0.00000,0.23438,30000,0,0.000000,CLEANSE_SYSTEM
663,0.00000,0.23438,30000,0,0.000000,CLEANSE_SYSTEM
664,0.00000,0.23438,30000,0,0.000000,CLEANSE_SYSTEM
665,0.00000,0.23438,30000,0,0.000000,CLEANSE_SYSTEM
666,0.00000,0.23438,30000,0,0.000000,CLEANSE_SYSTEM
667,0.00000,0.23438,30000,0,0.000000,CLEANSE_SYSTEM
668,0.00000,0.23438,30000,0,0.000000,CLEANSE_SYSTEM
669,0.00000,0.23438,30000,0,0.000000,CLEANSE_SYSTEM
670,0.00000,0.23438,30000,0,0.000000,CLEANSE_SYSTEM
671,0.00000,0.23438,30000,0,0.000000,CLEANSE_SYSTEM
672,0.00000,0.23438,30000,0,0.000000,CLEANSE_SYSTEM
673,0.00000,0.23438,30000,0,0.000000,CLEANSE_SYSTEM
674,0.00000,0.23438,30000,0,0.000000,CLEANSE_SYSTEM
675,0.00000,0.26042,30000,0,0.000000,CLEANSE_SYSTEM
676,0.00000,0.23438,30000,0,0.000000,CLEANSE_SYSTEM
677,0.00000,0.23438,30000,0,0.000000,CLEANSE_SYSTEM
678,0.00000,0.23438,30000,0,0.000000,CLEANSE_SYSTEM
679,0.00000,0.23438,30000,0,0.000000,CLEANSE_SYSTEM
680,0.00000,0.23438,30000,0,0.000000,CLEANSE_SYSTEM
681,0.00000,0.23438,30000,0,0.000000,CLEANSE_SYSTEM
682,0.00000,0.23438,30000,0,0.000000,CLEANSE_SYSTEM
683,0.00000,0.23438,30000,0,0.000000,CLEANSE_SYSTEM
684,0.00000,0.23438,30000,0,0.000000,CLEANSE_SYSTEM
685,0.00000,0.23438,30000,0,0.000000,CLEANSE_SYSTEM
686,0.00000,0.23438,30000,0,0.000000,CLEANSE_SYSTEM
687,0.00000,0.23438,30000,0,0.000000,CLEANSE_SYSTEM
688,0.00000,0.23438,30000,0,0.000000,CLEANSE_SYSTEM
689,0.00000,0.23438,30000,0,0.000000,CLEANSE_SYSTEM
690,0.00000,0.26042,30000,0,0.000000,CLEANSE_SYSTEM
691,0.00000,0.23438,30000,0,0.000000,CLEANSE_SYSTEM
692,0.00000,0.23438,30000,0,0.000000,CLEANSE_SYSTEM
693,0.00000,0.23438,30000,0,0.000000,CLEANSE_SYSTEM
694,0.00000,0.23438,30000,0,0.000000,CLEANSE_SYSTEM
695,0.00000,0.23438,30000,0,0.000000,CLEANSE_SYSTEM
696,0.00000,0.23438,30000,0,0.000000,CLEANSE_SYSTEM
697,0.00000,0.23438,30000,0,0.000000,CLEANSE_SYSTEM
698,0.00000,0.23438,30000,0,0.000000,CLEANSE_SYSTEM
699,0.00000,0.23438,30000,0,0.000000,CLEANSE_SYSTEM
700,0.00000,0.23438,30000,0,0.000000,CLEANSE_SYSTEM
701,0.00000,0.23438,30000,0,0.000000,CLEANSE_SYSTEM
702,0.00000,0.23438,30000,0,0.000000,CLEANSE_SYSTEM
703,0.00000,0.23438,30000,0,0.000000,CLEANSE_SYSTEM
704,0.00000,0.23438,30000,0,0.000000,CLEANSE_SYSTEM
705,0.00000,0.23438,30000,0,0.000000,CLEANSE_SYSTEM
706,0.00000,0.23438,30000,0,0.000000,CLEANSE_SYSTEM
707,0.00000,0.23438,30000,0,0.000000,CLEANSE_SYSTEM
708,0.00000,0.23438,30000,0,0.000000,CLEANSE_SYSTEM
709,0.00000,0.23438,30000,0,0.000000,CLEANSE_SYSTEM
710,0.00000,0.23438,30000,0,0.000000,CLEANSE_SYSTEM
711,0.00000,0.23438,30000,0,0.000000,CLEANSE_SYSTEM
712,0.00000,0.23438,30000,0,0.000000,CLEANSE_SYSTEM
713,0.00000,0.23438,30000,0,0.000000,CLEANSE_SYSTEM
714,0.00000,0.23438,30000,0,0.000000,CLEANSE_SYSTEM
715,0.00000,0.23438,30000,0,0.000000,CLEANSE_SYSTEM
716,0.00000,0.23438,30000,0,0.000000,CLEANSE_SYSTEM
717,0.00000,0.23438,30000,0,0.000000,CLEANSE_SYSTEM
718,0.00000,0.23438,30000,0,0.000000,CLEANSE_SYSTEM
719,0.00000,0.23438,30000,0,0.000000,CLEANSE_SYSTEM
720,0.00000,0.23438,30000,0,0.000000,CLEANSE_SYSTEM
721,0.00000,0.23438,30000,0,0.000000,CLEANSE_SYSTEM
722,0.00000,0.23438,30000,0,0.000000,CLEANSE_SYSTEM
723,0.00000,0.23438,30000,0,0.000000,CLEANSE_SYSTEM
724,0.00000,0.23438,30000,0,0.000000,CLEANSE_SYSTEM
725,0.00000,0.23438,30000,0,0.000000,CLEANSE_SYSTEM
726,0.00000,0.23438,30000,0,0.000000,CLEANSE_SYSTEM
727,0.00000,0.23438,30000,0,0.000000,CLEANSE_SYSTEM
728,0.00000,0.23438,30000,0,0.000000,CLEANSE_SYSTEM
729,0.00000,0.23438,30000,0,0.000000,CLEANSE_SYSTEM
730,0.00000,0.23438,30000,0,0.000000,CLEANSE_SYSTEM
731,0.00000,0.23438,30000,0,0.000000,CLEANSE_SYSTEM
732,0.00000,0.23438,30000,0,0.000000,CLEANSE_SYSTEM
733,0.00000,0.23438,30000,0,0.000000,CLEANSE_SYSTEM
734,0.00000,0.23438,30000,0,0.000000,CLEANSE_SYSTEM
735,0.00000,0.23438,30000,0,0.000000,CLEANSE_SYSTEM
736,0.00000,0.23438,30000,0,0.000000,CLEANSE_SYSTEM
737,0.00000,0.23438,30000,0,0.000000,CLEANSE_SYSTEM
738,0.00000,0.23438,30000,0,0.000000,CLEANSE_SYSTEM
739,0.00000,0.23438,30000,0,0.000000,CLEANSE_SYSTEM
740,0.00000,0.23438,30000,0,0.000000,CLEANSE_SYSTEM
741,0.00000,0.23438,30000,0,0.000000,CLEANSE_SYSTEM
742,0.00000,0.23438,30000,0,0.000000,CLEANSE_SYSTEM
743,0.00000,0.23438,30000,0,0.000000,CLEANSE_SYSTEM
744,0.00000,0.23438,30000,0,0.000000,CLEANSE_SYSTEM
745,0.00000,0.23438,30000,0,0.000000,CLEANSE_SYSTEM
746,0.00000,0.23438,30000,0,0.000000,CLEANSE_SYSTEM
747,0.00000,0.23438,30000,0,0.000000,CLEANSE_SYSTEM
748,0.00000,0.23438,30000,0,0.000000,CLEANSE_SYSTEM
749,0.00000,0.23438,30000,0,0.000000,CLEANSE_SYSTEM
750,0.00000,0.20833,30000,0,0.000000,CLEANSE_SYSTEM
751,0.00000,0.23438,30000,0,0.000000,CLEANSE_SYSTEM
752,0.00000,0.23438,30000,0,0.000000,CLEANSE_SYSTEM
753,0.00000,0.23438,30000,0,0.000000,CLEANSE_SYSTEM
754,0.00000,0.23438,30000,0,0.000000,CLEANSE_SYSTEM
755,0.00000,0.23438,30000,0,0.000000,CLEANSE_SYSTEM
756,0.00000,0.23438,30000,0,0.000000,CLEANSE_SYSTEM
757,0.00000,0.23438,30000,0,0.000000,CLEANSE_SYSTEM
758,-0.00938,0.23438,30000,0,0.000000,CLEANSE_SYSTEM
759,0.00000,0.23438,30000,0,0.000000,CLEANSE_SYSTEM
760,0.00000,0.23438,30000,0,0.000000,CLEANSE_SYSTEM
761,0.00000,0.23438,30000,0,0.000000,CLEANSE_SYSTEM
762,0.00000,0.23438,30000,0,0.000000,CLEANSE_SYSTEM
763,0.00000,0.23438,30000,0,0.000000,CLEANSE_SYSTEM
764,0.00000,0.23438,30000,0,0.000000,CLEANSE_SYSTEM
765,0.00000,0.23438,30000,0,0.000000,CLEANSE_SYSTEM
766,0.00000,0.23438,30000,0,0.000000,CLEANSE_SYSTEM
767,0.00000,0.23438,30000,0,0.000000,CLEANSE_SYSTEM
768,0.00000,0.23438,30000,0,0.000000,CLEANSE_SYSTEM
769,0.00000,0.20833,30000,0,0.000000,CLEANSE_SYSTEM
770,0.00000,0.23438,30000,0,0.000000,CLEANSE_SYSTEM
771,0.00000,0.23438,30000,0,0.000000,CLEANSE_SYSTEM
772,0.00000,0.23438,30000,0,0.000000,CLEANSE_SYSTEM
773,0.00000,0.23438,30000,0,0.000000,CLEANSE_SYSTEM
774,0.00000,0.23438,30000,0,0.000000,CLEANSE_SYSTEM
775,0.00000,0.23438,30000,0,0.000000,CLEANSE_SYSTEM
776,0.00000,0.23438,30000,0,0.000000,CLEANSE_SYSTEM
777,0.00000,0.23438,30000,0,0.000000,CLEANSE_SYSTEM
778,0.00000,0.23438,30000,0,0.000000,CLEANSE_SYSTEM
779,0.00000,0.23438,30000,0,0.000000,CLEANSE_SYSTEM
780,0.00000,0.23438,30000,0,0.000000,CLEANSE_SYSTEM
781,0.00000,0.23438,30000,0,0.000000,CLEANSE_SYSTEM
782,0.00000,0.23438,30000,0,0.000000,CLEANSE_SYSTEM
783,0.00000,0.23438,30000,0,0.000000,CLEANSE_SYSTEM
784,0.00000,0.23438,30000,0,0.000000,CLEANSE_SYSTEM
785,0.00000,0.23438,30000,0,0.000000,CLEANSE_SYSTEM
786,0.00000,0.23438,30000,0,0.000000,CLEANSE_SYSTEM
787,0.00000,0.23438,30000,0,0.000000,CLEANSE_SYSTEM
788,0.00000,0.23438,30000,0,0.000000,CLEANSE_SYSTEM
789,0.00000,0.23438,30000,0,0.000000,CLEANSE_SYSTEM
790,0.00000,0.23438,30000,0,0.000000,CLEANSE_SYSTEM
791,0.00000,0.23438,30000,0,0.000000,CLEANSE_SYSTEM
792,0.00000,0.23438,30000,0,0.000000,CLEANSE_SYSTEM
793,0.00000,0.23438,30000,0,0.000000,CLEANSE_SYSTEM
794,0.00000,0.23438,30000,0,0.000000,CLEANSE_SYSTEM
795,0.00000,0.23438,30000,0,0.000000,CLEANSE_SYSTEM
796,0.00000,0.23438,30000,0,0.000000,CLEANSE_SYSTEM
797,0.00000,0.23438,30000,0,0.000000,CLEANSE_SYSTEM
798,0.00000,0.20833,30000,0,0.000000,CLEANSE_SYSTEM
799,0.00000,0.23438,30000,0,0.000000,CLEANSE_SYSTEM
800,0.00000,0.23438,30000,0,0.000000,CLEANSE_SYSTEM
801,0.00000,0.23438,30000,0,0.000000,CLEANSE_SYSTEM
802,0.00000,0.23438,30000,0,0.000000,CLEANSE_SYSTEM
803,0.00000,0.23438,30000,0,0.000000,CLEANSE_SYSTEM
804,0.00000,0.23438,30000,0,0.000000,CLEANSE_SYSTEM
805,0.00000,0.23438,30000,0,0.000000,CLEANSE_SYSTEM
806,0.00000,0.20833,30000,0,0.000000,CLEANSE_SYSTEM
807,0.00000,0.23438,30000,0,0.000000,CLEANSE_SYSTEM
808,0.00000,0.20833,30000,0,0.000000,CLEANSE_SYSTEM
809,0.00000,0.23438,30000,0,0.000000,CLEANSE_SYSTEM
810,-0.00938,0.20833,30000,0,0.000000,CLEANSE_SYSTEM
811,0.00000,0.23438,30000,0,0.000000,CLEANSE_SYSTEM
812,0.00000,0.23438,30000,0,0.000000,CLEANSE_SYSTEM
813,0.00000,0.20833,30000,0,0.000000,CLEANSE_SYSTEM
814,0.00000,0.23438,30000,0,0.000000,CLEANSE_SYSTEM
815,0.00000,0.20833,30000,0,0.000000,CLEANSE_SYSTEM
816,0.00000,0.23438,30000,0,0.000000,CLEANSE_SYSTEM
817,0.00000,0.23438,30000,0,0.000000,CLEANSE_SYSTEM
818,0.00000,0.23438,30000,0,0.000000,CLEANSE_SYSTEM
819,0.00000,0.23438,30000,0,0.000000,CLEANSE_SYSTEM
820,0.00000,0.20833,30000,0,0.000000,CLEANSE_SYSTEM
821,0.00000,-1.32813,28979,1,0.000000,CLEANSE_SYSTEM
822,0.00000,-1.87500,27426,1,0.000000,CLEANSE_SYSTEM
823,0.00000,-2.03125,25873,1,0.000000,CLEANSE_SYSTEM
824,0.00000,-2.23958,24312,1,0.000000,CLEANSE_SYSTEM
825,0.00000,-2.34375,22759,1,0.000000,CLEANSE_SYSTEM
826,0.00000,-2.31771,21206,1,0.000000,CLEANSE_SYSTEM
827,0.00000,-2.34375,19651,1,0.000000,CLEANSE_SYSTEM
828,0.00000,-2.36979,18098,1,0.000000,CLEANSE_SYSTEM
829,0.00000,-0.88542,18000,1,0.000000,CLEANSE_SYSTEM
830,0.00000,0.93750,19041,1,0.000000,CLEANSE_SYSTEM
831,0.00000,2.05729,20594,1,0.000000,CLEANSE_SYSTEM
832,0.00000,2.03125,22147,1,0.000000,CLEANSE_SYSTEM
833,0.00000,2.23958,23700,1,0.000000,CLEANSE_SYSTEM
834,0.00000,2.44792,25256,1,0.000000,CLEANSE_SYSTEM
835,0.00000,2.65625,26810,1,0.000000,CLEANSE_SYSTEM
836,0.00000,2.70833,28363,1,0.000000,CLEANSE_SYSTEM
837,0.00000,2.78646,29917,1,0.000000,CLEANSE_SYSTEM
838,0.00000,0.49479,30020,0,0.000000,CLEANSE_SYSTEM
839,0.00000,-1.61458,28809,1,0.000000,CLEANSE_SYSTEM
840,0.00000,-2.18750,27256,1,0.000000,CLEANSE_SYSTEM
841,0.00000,-1.90104,25703,1,0.000000,CLEANSE_SYSTEM
842,0.00000,-2.18750,24149,1,0.000000,CLEANSE_SYSTEM
843,0.00000,-2.34375,22596,1,0.000000,CLEANSE_SYSTEM
844,0.00000,-2.31771,21041,1,0.000000,CLEANSE_SYSTEM
845,0.00000,-2.36979,19487,1,0.000000,CLEANSE_SYSTEM
846,0.00000,-2.39583,17998,1,0.000000,CLEANSE_SYSTEM
847,0.00000,-0.59896,17998,1,0.000000,CLEANSE_SYSTEM
848,0.00000,1.38021,19344,1,0.000000,CLEANSE_SYSTEM
849,0.00000,1.87500,20898,1,0.000000,CLEANSE_SYSTEM
850,0.00000,1.84896,22451,1,0.000000,CLEANSE_SYSTEM
851,0.00000,2.36979,24004,1,0.000000,CLEANSE_SYSTEM
852,0.00000,2.94271,25558,1,0.000000,CLEANSE_SYSTEM
853,0.00000,3.15104,27111,1,0.000000,CLEANSE_SYSTEM
854,0.00000,3.12500,28667,1,0.000000,CLEANSE_SYSTEM
855,0.00000,2.73438,30000,0,0.000000,CLEANSE_SYSTEM
856,0.00000,0.52083,30000,0,0.000000,CLEANSE_SYSTEM
857,0.00000,-1.79688,28655,1,0.000000,CLEANSE_SYSTEM
858,0.00000,-2.23958,27102,1,0.000000,CLEANSE_SYSTEM
859,0.00000,-2.29167,25548,1,0.000000,CLEANSE_SYSTEM
860,0.00000,-2.39583,23995,1,0.000000,CLEANSE_SYSTEM
861,0.00000,-2.39583,22442,1,0.000000,CLEANSE_SYSTEM
862,0.00000,-2.42188,20889,1,0.000000,CLEANSE_SYSTEM
863,0.00000,-2.44792,19336,1,0.000000,CLEANSE_SYSTEM
864,0.00000,-2.21354,17998,1,0.000000,CLEANSE_SYSTEM
865,0.00000,-0.49479,17998,1,0.000000,CLEANSE_SYSTEM
866,0.00000,1.71875,19499,1,0.000000,CLEANSE_SYSTEM
867,0.00000,2.55208,21052,1,0.000000,CLEANSE_SYSTEM
868,0.00000,2.65625,22605,1,0.000000,CLEANSE_SYSTEM
869,0.00000,2.63021,24159,1,0.000000,CLEANSE_SYSTEM
870,0.00000,2.81250,25712,1,0.000000,CLEANSE_SYSTEM
871,0.00000,2.91667,27265,1,0.000000,CLEANSE_SYSTEM
872,0.00000,2.96875,28818,1,0.000000,CLEANSE_SYSTEM
873,0.00000,2.10938,30002,0,0.000000,CLEANSE_SYSTEM
874,0.00000,0.33854,30002,0,0.000000,CLEANSE_SYSTEM
875,0.00000,-1.87500,28512,1,0.000000,CLEANSE_SYSTEM
876,0.00000,-2.26563,26958,1,0.000000,CLEANSE_SYSTEM
877,0.00000,-2.31771,25405,1,0.000000,CLEANSE_SYSTEM
878,0.00000,-2.39583,23852,1,0.000000,CLEANSE_SYSTEM
879,0.00000,-2.42188,22298,1,0.000000,CLEANSE_SYSTEM
880,0.00000,-2.44792,20745,1,0.000000,CLEANSE_SYSTEM
881,0.00000,-2.44792,19192,1,0.000000,CLEANSE_SYSTEM
882,0.00000,-1.87500,17999,1,0.000000,CLEANSE_SYSTEM
883,0.00000,-0.49479,18125,1,0.000000,CLEANSE_SYSTEM
884,0.00000,1.95312,19687,1,0.000000,CLEANSE_SYSTEM
885,0.00000,1.92708,21240,1,0.000000,CLEANSE_SYSTEM
886,0.00000,2.00521,22794,1,0.000000,CLEANSE_SYSTEM
887,0.00000,2.52604,24347,1,0.000000,CLEANSE_SYSTEM
888,0.00000,2.81250,25900,1,0.000000,CLEANSE_SYSTEM
889,0.00000,2.81250,27453,1,0.000000,CLEANSE_SYSTEM
890,0.00000,2.78646,29006,1,0.000000,CLEANSE_SYSTEM
891,0.00000,1.45833,29998,0,0.000000,CLEANSE_SYSTEM
892,0.00000,-0.39063,29719,1,0.000000,CLEANSE_SYSTEM
893,0.00000,-2.03125,28165,1,0.000000,CLEANSE_SYSTEM
894,0.00000,-2.23958,26607,1,0.000000,CLEANSE_SYSTEM
895,0.00000,-2.34375,25054,1,0.000000,CLEANSE_SYSTEM
896,0.00000,-2.39583,23501,1,0.000000,CLEANSE_SYSTEM
897,0.00000,-2.42188,21948,1,0.000000,CLEANSE_SYSTEM
898,0.00000,-2.44792,20395,1,0.000000,CLEANSE_SYSTEM
899,0.00000,-2.47396,18842,1,0.000000,CLEANSE_SYSTEM
900,0.00000,-1.19792,17998,1,0.000000,CLEANSE_SYSTEM
901,0.00000,0.46875,18419,1,0.000000,CLEANSE_SYSTEM
902,0.00000,2.08333,19972,1,0.000000,CLEANSE_SYSTEM
903,0.00000,2.47396,21526,1,0.000000,CLEANSE_SYSTEM
904,0.00000,2.65625,23083,1,0.000000,CLEANSE_SYSTEM
905,0.00000,2.73438,24636,1,0.000000,CLEANSE_SYSTEM
906,0.00000,2.76042,26190,1,0.000000,CLEANSE_SYSTEM
907,0.00000,2.78646,27743,1,0.000000,CLEANSE_SYSTEM
908,0.00000,2.78646,29296,1,0.000000,CLEANSE_SYSTEM
909,0.00000,1.01562,30000,0,0.000000,CLEANSE_SYSTEM
910,0.00000,-1.14583,29427,1,0.000000,CLEANSE_SYSTEM
911,0.00000,-2.10938,27873,1,0.000000,CLEANSE_SYSTEM
912,0.00000,-2.31771,26320,1,0.000000,CLEANSE_SYSTEM
913,0.00000,-2.39583,24765,1,0.000000,CLEANSE_SYSTEM
914,0.00000,-2.42188,23210,1,0.000000,CLEANSE_SYSTEM
915,0.00000,-2.44792,21656,1,0.000000,CLEANSE_SYSTEM
916,0.00000,-2.47396,20103,1,0.000000,CLEANSE_SYSTEM
917,0.00000,-2.47396,18550,1,0.000000,CLEANSE_SYSTEM
918,0.00000,-0.88542,17998,1,0.000000,CLEANSE_SYSTEM
919,0.00000,1.01562,18728,1,0.000000,CLEANSE_SYSTEM
920,0.00000,2.21354,20281,1,0.000000,CLEANSE_SYSTEM
921,0.00000,2.57813,21834,1,0.000000,CLEANSE_SYSTEM
922,0.00000,2.70833,23387,1,0.000000,CLEANSE_SYSTEM
923,0.00000,2.78646,24942,1,0.000000,CLEANSE_SYSTEM
924,0.00000,2.78646,26497,1,0.000000,CLEANSE_SYSTEM
925,0.00000,2.81250,28051,1,0.000000,CLEANSE_SYSTEM
926,0.00000,2.81250,29604,1,0.000000,CLEANSE_SYSTEM
927,0.00000,0.65104,30000,0,0.000000,CLEANSE_SYSTEM
928,0.00000,-1.56250,29130,1,0.000000,CLEANSE_SYSTEM
929,0.00000,-2.21354,27577,1,0.000000,CLEANSE_SYSTEM
930,0.00000,-2.34375,26023,1,0.000000,CLEANSE_SYSTEM
931,0.00000,-2.42188,24470,1,0.000000,CLEANSE_SYSTEM
932,0.00000,-2.44792,22915,1,0.000000,CLEANSE_SYSTEM
933,0.00000,-2.47396,21361,1,0.000000,CLEANSE_SYSTEM
934,0.00000,-2.50000,19800,1,0.000000,CLEANSE_SYSTEM
935,0.00000,-2.50000,18247,1,0.000000,CLEANSE_SYSTEM
936,0.00000,-0.65104,17998,1,0.000000,CLEANSE_SYSTEM
937,0.00000,1.53646,19037,1,0.000000,CLEANSE_SYSTEM
938,0.00000,2.23958,20590,1,0.000000,CLEANSE_SYSTEM
939,0.00000,1.71875,22143,1,0.000000,CLEANSE_SYSTEM
940,0.00000,2.08333,23696,1,0.000000,CLEANSE_SYSTEM
941,0.00000,2.68229,25249,1,0.000000,CLEANSE_SYSTEM
942,0.00000,2.94271,26804,1,0.000000,CLEANSE_SYSTEM
943,0.00000,2.89063,28357,1,0.000000,CLEANSE_SYSTEM
944,0.00000,2.81250,29913,0,0.000000,CLEANSE_SYSTEM
945,0.00000,0.31250,30000,0,0.000000,CLEANSE_SYSTEM
946,0.00000,-1.77083,28809,1,0.000000,CLEANSE_SYSTEM
947,0.00000,-2.21354,27256,1,0.000000,CLEANSE_SYSTEM
948,0.00000,-2.34375,25703,1,0.000000,CLEANSE_SYSTEM
949,0.00000,-2.39583,24149,1,0.000000,CLEANSE_SYSTEM
950,0.00000,-2.44792,22596,1,0.000000,CLEANSE_SYSTEM
951,0.00000,-2.47396,21042,1,0.000000,CLEANSE_SYSTEM
952,0.00000,-2.47396,19489,1,0.000000,CLEANSE_SYSTEM
953,0.00000,-2.50000,17998,1,0.000000,CLEANSE_SYSTEM
954,0.00000,-0.54688,17998,1,0.000000,CLEANSE_SYSTEM
955,0.00000,1.77083,19344,1,0.000000,CLEANSE_SYSTEM
956,0.00000,2.44792,20898,1,0.000000,CLEANSE_SYSTEM
957,0.00000,2.65625,22451,1,0.000000,CLEANSE_SYSTEM
958,0.00000,2.73438,24004,1,0.000000,CLEANSE_SYSTEM
959,0.00000,2.78646,25558,1,0.000000,CLEANSE_SYSTEM
960,0.00000,2.81250,27111,1,0.000000,CLEANSE_SYSTEM
961,0.00000,2.81250,28672,1,0.000000,CLEANSE_SYSTEM
962,0.00000,2.44792,30000,0,0.000000,CLEANSE_SYSTEM
963,0.00000,0.18229,30000,0,0.000000,CLEANSE_SYSTEM
964,0.00000,-1.92708,28498,1,0.000000,CLEANSE_SYSTEM
965,0.00000,-2.26563,26945,1,0.000000,CLEANSE_SYSTEM
966,0.00000,-2.36979,25392,1,0.000000,CLEANSE_SYSTEM
967,0.00000,-2.44792,23838,1,0.000000,CLEANSE_SYSTEM
968,0.00000,-2.47396,22285,1,0.000000,CLEANSE_SYSTEM
969,0.00000,-2.50000,20732,1,0.000000,CLEANSE_SYSTEM
970,0.00000,-2.55208,19179,1,0.000000,CLEANSE_SYSTEM
971,0.00000,-1.87500,17998,1,0.000000,CLEANSE_SYSTEM
972,0.00000,-0.52083,18111,1,0.000000,CLEANSE_SYSTEM
973,0.00000,2.00521,19664,1,0.000000,CLEANSE_SYSTEM
974,0.00000,2.55208,21220,1,0.000000,CLEANSE_SYSTEM
975,0.00000,2.70833,22773,1,0.000000,CLEANSE_SYSTEM
976,0.00000,2.76042,24326,1,0.000000,CLEANSE_SYSTEM
977,0.00000,2.81250,25879,1,0.000000,CLEANSE_SYSTEM
978,0.00000,2.83854,27432,1,0.000000,CLEANSE_SYSTEM
979,0.00000,2.86458,28985,1,0.000000,CLEANSE_SYSTEM
980,0.00000,1.48438,30000,0,0.000000,CLEANSE_SYSTEM
981,0.00000,-0.31250,29747,1,0.000000,CLEANSE_SYSTEM
982,0.00000,-2.03125,28194,1,0.000000,CLEANSE_SYSTEM
983,0.00000,-2.31771,26641,1,0.000000,CLEANSE_SYSTEM
984,0.00000,-2.39583,25080,1,0.000000,CLEANSE_SYSTEM
985,0.00000,-2.44792,23527,1,0.000000,CLEANSE_SYSTEM
986,0.00000,-2.44792,21974,1,0.000000,CLEANSE_SYSTEM
987,0.00000,-2.47396,20421,1,0.000000,CLEANSE_SYSTEM
988,0.00000,-2.50000,18868,1,0.000000,CLEANSE_SYSTEM
989,0.00000,-1.30208,17998,1,0.000000,CLEANSE_SYSTEM
990,0.00000,0.54688,18419,1,0.000000,CLEANSE_SYSTEM
991,0.00000,1.69271,19972,1,0.000000,CLEANSE_SYSTEM
992,0.00000,1.90104,21526,1,0.000000,CLEANSE_SYSTEM
993,0.00000,2.26563,23079,1,0.000000,CLEANSE_SYSTEM
994,0.00000,2.44792,24635,1,0.000000,CLEANSE_SYSTEM
995,0.00000,2.50000,26188,1,0.000000,CLEANSE_SYSTEM
996,0.00000,2.44792,27742,1,0.000000,CLEANSE_SYSTEM
997,0.00000,2.44792,29295,1,0.000000,CLEANSE_SYSTEM
998,0.00000,0.75521,30000,0,0.000000,CLEANSE_SYSTEM
999,0.00000,-1.14583,29427,1,0.000000,CLEANSE_SYSTEM
1000,0.00000,-2.10938,27873,1,0.000000,CLEANSE_SYSTEM
1001,0.00000,-2.34375,26320,1,0.000000,CLEANSE_SYSTEM
1002,0.00000,-2.50000,24767,1,0.000000,CLEANSE_SYSTEM
1003,0.00000,-2.50000,23213,1,0.000000,CLEANSE_SYSTEM
1004,0.00000,-2.50000,21658,1,0.000000,CLEANSE_SYSTEM
1005,0.00000,-2.52604,20104,1,0.000000,CLEANSE_SYSTEM
1006,0.00000,-2.52604,18551,1,0.000000,CLEANSE_SYSTEM
1007,0.00000,-0.91146,17998,1,0.000000,CLEANSE_SYSTEM
1008,-0.00938,1.01562,18728,1,0.000000,CLEANSE_SYSTEM
1009,0.00000,2.00521,20282,1,0.000000,CLEANSE_SYSTEM
1010,0.00000,2.29167,21835,1,0.000000,CLEANSE_SYSTEM
1011,0.00000,2.34375,23388,1,0.000000,CLEANSE_SYSTEM
1012,0.00000,2.36979,24942,1,0.000000,CLEANSE_SYSTEM
1013,0.00000,2.39583,26495,1,0.000000,CLEANSE_SYSTEM
1014,0.00000,2.42188,28050,1,0.000000,CLEANSE_SYSTEM
1015,0.00000,2.42188,29604,1,0.000000,CLEANSE_SYSTEM
1016,0.00000,0.44271,30000,0,0.000000,CLEANSE_SYSTEM
1017,0.00000,-1.53646,29117,1,0.000000,CLEANSE_SYSTEM
1018,0.00000,-2.21354,27562,1,0.000000,CLEANSE_SYSTEM
1019,0.00000,-2.39583,26009,1,0.000000,CLEANSE_SYSTEM
1020,0.00000,-2.44792,24455,1,0.000000,CLEANSE_SYSTEM
1021,0.00000,-2.50000,22902,1,0.000000,CLEANSE_SYSTEM
1022,0.00000,-2.52604,21349,1,0.000000,CLEANSE_SYSTEM
1023,0.00000,-2.52604,19796,1,0.000000,CLEANSE_SYSTEM
1024,0.00000,-2.52604,18239,1,0.000000,CLEANSE_SYSTEM
1025,0.00000,-0.67708,17998,1,0.000000,CLEANSE_SYSTEM
1026,0.00000,1.35417,19037,1,0.000000,CLEANSE_SYSTEM
1027,0.00000,2.13542,20591,1,0.000000,CLEANSE_SYSTEM
1028,0.00000,2.18750,22144,1,0.000000,CLEANSE_SYSTEM
1029,0.00000,2.34375,23697,1,0.000000,CLEANSE_SYSTEM
1030,0.00000,2.42188,25250,1,0.000000,CLEANSE_SYSTEM
1031,0.00000,2.44792,26804,1,0.000000,CLEANSE_SYSTEM
1032,0.00000,2.44792,28357,1,0.000000,CLEANSE_SYSTEM
1033,0.00000,2.47396,29910,1,0.000000,CLEANSE_SYSTEM
1034,0.00000,0.23438,30006,0,0.000000,CLEANSE_SYSTEM
1035,0.00000,-1.74479,28815,1,0.000000,CLEANSE_SYSTEM
1036,0.00000,-2.26563,27262,1,0.000000,CLEANSE_SYSTEM
1037,0.00000,-2.39583,25706,1,0.000000,CLEANSE_SYSTEM
1038,0.00000,-2.47396,24153,1,0.000000,CLEANSE_SYSTEM
1039,0.00000,-2.50000,22599,1,0.000000,CLEANSE_SYSTEM
1040,0.00000,-2.55208,21046,1,0.000000,CLEANSE_SYSTEM
1041,0.00000,-2.55208,19493,1,0.000000,CLEANSE_SYSTEM
1042,0.00000,-2.55208,17999,1,0.000000,CLEANSE_SYSTEM
1043,0.00000,-0.57292,17999,1,0.000000,CLEANSE_SYSTEM
1044,0.00000,1.64062,19381,1,0.000000,CLEANSE_SYSTEM
1045,0.00000,1.74479,20934,1,0.000000,CLEANSE_SYSTEM
1046,0.00000,2.21354,22489,1,0.000000,CLEANSE_SYSTEM
1047,0.00000,2.44792,24042,1,0.000000,CLEANSE_SYSTEM
1048,0.00000,2.50000,25595,1,0.000000,CLEANSE_SYSTEM
1049,0.00000,2.44792,27149,1,0.000000,CLEANSE_SYSTEM
1050,0.00000,2.44792,28702,1,0.000000,CLEANSE_SYSTEM
1051,0.00000,1.97917,29994,0,0.000000,CLEANSE_SYSTEM
1052,0.00000,0.07812,29889,1,0.000000,CLEANSE_SYSTEM
1053,0.00000,-2.08333,28336,1,0.000000,CLEANSE_SYSTEM
1054,0.00000,-2.36979,26779,1,0.000000,CLEANSE_SYSTEM
1055,0.00000,-2.44792,25226,1,0.000000,CLEANSE_SYSTEM
1056,0.00000,-2.50000,23671,1,0.000000,CLEANSE_SYSTEM
1057,0.00000,-2.50000,22118,1,0.000000,CLEANSE_SYSTEM
1058,0.00000,-2.52604,20565,1,0.000000,CLEANSE_SYSTEM
1059,0.00000,-2.55208,19012,1,0.000000,CLEANSE_SYSTEM
1060,0.00000,-1.61458,17998,1,0.000000,CLEANSE_SYSTEM
1061,0.00000,-0.05208,18265,1,0.000000,CLEANSE_SYSTEM
1062,0.00000,1.69271,19818,1,0.000000,CLEANSE_SYSTEM
1063,0.00000,2.29167,21372,1,0.000000,CLEANSE_SYSTEM
1064,0.00000,2.42188,22928,1,0.000000,CLEANSE_SYSTEM
1065,0.00000,2.42188,24483,1,0.000000,CLEANSE_SYSTEM
1066,0.00000,2.47396,26037,1,0.000000,CLEANSE_SYSTEM
1067,0.00000,2.47396,27590,1,0.000000,CLEANSE_SYSTEM
1068,0.00000,2.50000,29143,1,0.000000,CLEANSE_SYSTEM
1069,0.00000,0.91146,30000,0,0.000000,CLEANSE_SYSTEM
1070,0.00000,-0.91146,29565,1,0.000000,CLEANSE_SYSTEM
1071,0.00000,-2.13542,28011,1,0.000000,CLEANSE_SYSTEM
1072,0.00000,-2.39583,26458,1,0.000000,CLEANSE_SYSTEM
1073,0.00000,-2.47396,24905,1,0.000000,CLEANSE_SYSTEM
1074,0.00000,-2.50000,23348,1,0.000000,CLEANSE_SYSTEM
1075,0.00000,-2.55208,21795,1,0.000000,CLEANSE_SYSTEM
1076,0.00000,-2.55208,20242,1,0.000000,CLEANSE_SYSTEM
1077,0.00000,-2.57813,18688,1,0.000000,CLEANSE_SYSTEM
1078,0.00000,-1.09375,17998,1,0.000000,CLEANSE_SYSTEM
1079,0.00000,0.78125,18574,1,0.000000,CLEANSE_SYSTEM
1080,0.00000,2.08333,20127,1,0.000000,CLEANSE_SYSTEM
1081,0.00000,2.34375,21680,1,0.000000,CLEANSE_SYSTEM
1082,0.00000,2.42188,23233,1,0.000000,CLEANSE_SYSTEM
1083,0.00000,2.44792,24786,1,0.000000,CLEANSE_SYSTEM
1084,0.00000,2.47396,26344,1,0.000000,CLEANSE_SYSTEM
1085,0.00000,2.47396,27897,1,0.000000,CLEANSE_SYSTEM
1086,0.00000,2.50000,29450,1,0.000000,CLEANSE_SYSTEM
1087,0.00000,0.52083,30000,0,0.000000,CLEANSE_SYSTEM
1088,0.00000,-1.38021,29284,1,0.000000,CLEANSE_SYSTEM
1089,0.00000,-2.18750,27731,1,0.000000,CLEANSE_SYSTEM
1090,0.00000,-2.36979,26178,1,0.000000,CLEANSE_SYSTEM
1091,0.00000,-2.44792,24624,1,0.000000,CLEANSE_SYSTEM
1092,0.00000,-2.47396,23071,1,0.000000,CLEANSE_SYSTEM
1093,0.00000,-2.52604,21515,1,0.000000,CLEANSE_SYSTEM
1094,0.00000,-2.52604,19954,1,0.000000,CLEANSE_SYSTEM
1095,0.00000,-2.55208,18401,1,0.000000,CLEANSE_SYSTEM
1096,0.00000,-0.78125,17998,1,0.000000,CLEANSE_SYSTEM
1097,0.00000,1.38021,18882,1,0.000000,CLEANSE_SYSTEM
1098,0.00000,1.97917,20436,1,0.000000,CLEANSE_SYSTEM
1099,0.00000,1.58854,21989,1,0.000000,CLEANSE_SYSTEM
1100,0.00000,2.47396,23542,1,0.000000,CLEANSE_SYSTEM
1101,0.00000,2.81250,25095,1,0.000000,CLEANSE_SYSTEM
1102,0.00000,2.86458,26648,1,0.000000,CLEANSE_SYSTEM
1103,0.00000,2.81250,28202,1,0.000000,CLEANSE_SYSTEM
1104,0.00000,2.81250,29758,1,0.000000,CLEANSE_SYSTEM
1105,0.00000,0.39063,30000,0,0.000000,CLEANSE_SYSTEM
1106,0.00000,-1.69271,28963,1,0.000000,CLEANSE_SYSTEM
1107,0.00000,-2.26563,27410,1,0.000000,CLEANSE_SYSTEM
1108,0.00000,-2.42188,25857,1,0.000000,CLEANSE_SYSTEM
1109,0.00000,-2.50000,24304,1,0.000000,CLEANSE_SYSTEM
1110,0.00000,-2.52604,22751,1,0.000000,CLEANSE_SYSTEM
1111,0.00000,-2.55208,21197,1,0.000000,CLEANSE_SYSTEM
1112,0.00000,-2.55208,19642,1,0.000000,CLEANSE_SYSTEM
1113,0.00000,-2.55208,18089,1,0.000000,CLEANSE_SYSTEM
1114,0.00000,-0.59896,17998,1,0.000000,CLEANSE_SYSTEM
1115,-0.00938,1.64062,19191,1,0.000000,CLEANSE_SYSTEM
1116,0.00000,2.47396,20744,1,0.000000,CLEANSE_SYSTEM
1117,0.00000,2.65625,22297,1,0.000000,CLEANSE_SYSTEM
1118,0.00000,2.70833,23850,1,0.000000,CLEANSE_SYSTEM
1119,0.00000,2.73438,25403,1,0.000000,CLEANSE_SYSTEM
1120,0.00000,2.76042,26957,1,0.000000,CLEANSE_SYSTEM
1121,0.00000,2.76042,28511,1,0.000000,CLEANSE_SYSTEM
1122,0.00000,2.78646,30015,0,0.000000,CLEANSE_SYSTEM
1123,0.00000,0.20833,30015,0,0.000000,CLEANSE_SYSTEM
1124,0.00000,-1.87500,28638,1,0.000000,CLEANSE_SYSTEM
1125,0.00000,-2.31771,27084,1,0.000000,CLEANSE_SYSTEM
1126,0.00000,-2.42188,25531,1,0.000000,CLEANSE_SYSTEM
1127,0.00000,-2.47396,23978,1,0.000000,CLEANSE_SYSTEM
1128,0.00000,-2.52604,22425,1,0.000000,CLEANSE_SYSTEM
1129,0.00000,-2.55208,20872,1,0.000000,CLEANSE_SYSTEM
1130,0.00000,-2.57813,19318,1,0.000000,CLEANSE_SYSTEM
1131,0.00000,-2.31771,17998,1,0.000000,CLEANSE_SYSTEM
1132,0.00000,-0.52083,17998,1,0.000000,CLEANSE_SYSTEM
1133,0.00000,1.87500,19500,1,0.000000,CLEANSE_SYSTEM
1134,0.00000,2.50000,21056,1,0.000000,CLEANSE_SYSTEM
1135,0.00000,2.65625,22609,1,0.000000,CLEANSE_SYSTEM
1136,0.00000,2.70833,24162,1,0.000000,CLEANSE_SYSTEM
1137,0.00000,2.73438,25715,1,0.000000,CLEANSE_SYSTEM
1138,0.00000,2.73438,27268,1,0.000000,CLEANSE_SYSTEM
1139,0.00000,2.73438,28822,1,0.000000,CLEANSE_SYSTEM
1140,0.00000,1.77083,29985,0,0.000000,CLEANSE_SYSTEM
1141,0.00000,0.07812,29885,1,0.000000,CLEANSE_SYSTEM
1142,0.00000,-2.03125,28332,1,0.000000,CLEANSE_SYSTEM
1143,0.00000,-2.34375,26779,1,0.000000,CLEANSE_SYSTEM
1144,0.00000,-2.44792,25216,1,0.000000,CLEANSE_SYSTEM
1145,0.00000,-2.50000,23663,1,0.000000,CLEANSE_SYSTEM
1146,0.00000,-2.52604,22110,1,0.000000,CLEANSE_SYSTEM
1147,0.00000,-2.55208,20557,1,0.000000,CLEANSE_SYSTEM
1148,0.00000,-2.57813,19004,1,0.000000,CLEANSE_SYSTEM
1149,0.00000,-1.58854,17998,1,0.000000,CLEANSE_SYSTEM
1150,0.00000,0.10417,18265,1,0.000000,CLEANSE_SYSTEM
1151,0.00000,0.96354,19818,1,0.000000,CLEANSE_SYSTEM
1152,0.00000,1.82292,21372,1,0.000000,CLEANSE_SYSTEM
1153,0.00000,2.42188,22925,1,0.000000,CLEANSE_SYSTEM
1154,0.00000,2.57813,24481,1,0.000000,CLEANSE_SYSTEM
1155,0.00000,2.52604,26034,1,0.000000,CLEANSE_SYSTEM
1156,0.00000,2.50000,27587,1,0.000000,CLEANSE_SYSTEM
1157,0.00000,2.52604,29140,1,0.000000,CLEANSE_SYSTEM
1158,0.00000,1.01562,30000,0,0.000000,CLEANSE_SYSTEM
1159,0.00000,-0.91146,29565,1,0.000000,CLEANSE_SYSTEM
1160,0.00000,-2.16146,28011,1,0.000000,CLEANSE_SYSTEM
1161,0.00000,-2.39583,26458,1,0.000000,CLEANSE_SYSTEM
1162,0.00000,-2.52604,24905,1,0.000000,CLEANSE_SYSTEM
1163,0.00000,-2.55208,23352,1,0.000000,CLEANSE_SYSTEM
1164,0.00000,-2.55208,21796,1,0.000000,CLEANSE_SYSTEM
1165,0.00000,-2.57813,20243,1,0.000000,CLEANSE_SYSTEM
1166,0.00000,-2.60417,18690,1,0.000000,CLEANSE_SYSTEM
1167,0.00000,-1.11979,17998,1,0.000000,CLEANSE_SYSTEM
1168,0.00000,0.72917,18573,1,0.000000,CLEANSE_SYSTEM
1169,0.00000,2.00521,20126,1,0.000000,CLEANSE_SYSTEM
1170,0.00000,2.31771,21679,1,0.000000,CLEANSE_SYSTEM
1171,0.00000,2.44792,23233,1,0.000000,CLEANSE_SYSTEM
1172,0.00000,2.50000,24786,1,0.000000,CLEANSE_SYSTEM
1173,0.00000,2.50000,26339,1,0.000000,CLEANSE_SYSTEM
1174,0.00000,2.52604,27896,1,0.000000,CLEANSE_SYSTEM
1175,0.00000,2.55208,29449,1,0.000000,CLEANSE_SYSTEM
1176,0.00000,0.59896,30000,0,0.000000,CLEANSE_SYSTEM
1177,0.00000,-1.40625,29272,1,0.000000,CLEANSE_SYSTEM
1178,0.00000,-2.23958,27716,1,0.000000,CLEANSE_SYSTEM
1179,0.00000,-2.44792,26163,1,0.000000,CLEANSE_SYSTEM
1180,0.00000,-2.52604,24610,1,0.000000,CLEANSE_SYSTEM
1181,0.00000,-2.55208,23057,1,0.000000,CLEANSE_SYSTEM
1182,0.00000,-2.57813,21504,1,0.000000,CLEANSE_SYSTEM
1183,0.00000,-2.60417,19950,1,0.000000,CLEANSE_SYSTEM
1184,0.00000,-2.60417,18394,1,0.000000,CLEANSE_SYSTEM
1185,0.00000,-0.80729,17998,1,0.000000,CLEANSE_SYSTEM
1186,0.00000,1.19792,18882,1,0.000000,CLEANSE_SYSTEM
1187,0.00000,2.13542,20437,1,0.000000,CLEANSE_SYSTEM
1188,0.00000,2.39583,21990,1,0.000000,CLEANSE_SYSTEM
1189,0.00000,2.47396,23543,1,0.000000,CLEANSE_SYSTEM
1190,0.00000,2.52604,25096,1,0.000000,CLEANSE_SYSTEM
1191,0.00000,2.55208,26649,1,0.000000,CLEANSE_SYSTEM
1192,0.00000,2.55208,28202,1,0.000000,CLEANSE_SYSTEM
1193,0.00000,2.57813,29755,1,0.000000,CLEANSE_SYSTEM
1194,0.00000,0.33854,30000,0,0.000000,CLEANSE_SYSTEM
1195,0.00000,-1.69271,28961,1,0.000000,CLEANSE_SYSTEM
1196,0.00000,-2.29167,27407,1,0.000000,CLEANSE_SYSTEM
1197,0.00000,-2.44792,25853,1,0.000000,CLEANSE_SYSTEM
1198,0.00000,-2.52604,24300,1,0.000000,CLEANSE_SYSTEM
1199,0.00000,-2.55208,22747,1,0.000000,CLEANSE_SYSTEM
1200,0.00000,-2.60417,21194,1,0.000000,CLEANSE_SYSTEM
1201,0.00000,-2.60417,19641,1,0.000000,CLEANSE_SYSTEM
1202,0.00000,-2.63021,18087,1,0.000000,CLEANSE_SYSTEM
1203,0.00000,-0.62500,17998,1,0.000000,CLEANSE_SYSTEM
1204,0.00000,1.66667,19198,1,0.000000,CLEANSE_SYSTEM
1205,0.00000,1.90104,20752,1,0.000000,CLEANSE_SYSTEM
1206,0.00000,1.30208,22306,1,0.000000,CLEANSE_SYSTEM
1207,0.00000,1.84896,23859,1,0.000000,CLEANSE_SYSTEM
1208,0.00000,2.42188,25413,1,0.000000,CLEANSE_SYSTEM
1209,0.00000,2.78646,26967,1,0.000000,CLEANSE_SYSTEM
1210,0.00000,2.78646,28520,1,0.000000,CLEANSE_SYSTEM
1211,0.00000,2.78646,30011,0,0.000000,CLEANSE_SYSTEM
1212,0.00000,0.23438,30011,0,0.000000,CLEANSE_SYSTEM
1213,0.00000,-1.87500,28644,1,0.000000,CLEANSE_SYSTEM
1214,0.00000,-2.31771,27088,1,0.000000,CLEANSE_SYSTEM
1215,0.00000,-2.44792,25533,1,0.000000,CLEANSE_SYSTEM
1216,0.00000,-2.50000,23979,1,0.000000,CLEANSE_SYSTEM
1217,0.00000,-2.52604,22426,1,0.000000,CLEANSE_SYSTEM
1218,0.00000,-2.55208,20873,1,0.000000,CLEANSE_SYSTEM
1219,0.00000,-2.55208,19320,1,0.000000,CLEANSE_SYSTEM
1220,0.00000,-2.31771,18000,1,0.000000,CLEANSE_SYSTEM
1221,0.00000,-0.54688,18000,1,0.000000,CLEANSE_SYSTEM
1222,0.00000,1.90104,19504,1,0.000000,CLEANSE_SYSTEM
1223,0.00000,2.47396,21057,1,0.000000,CLEANSE_SYSTEM
1224,0.00000,2.60417,22613,1,0.000000,CLEANSE_SYSTEM
1225,0.00000,2.68229,24168,1,0.000000,CLEANSE_SYSTEM
1226,0.00000,2.70833,25722,1,0.000000,CLEANSE_SYSTEM
1227,0.00000,2.73438,27275,1,0.000000,CLEANSE_SYSTEM
1228,0.00000,2.73438,28828,1,0.000000,CLEANSE_SYSTEM
1229,0.00000,1.79688,29989,0,0.000000,CLEANSE_SYSTEM
1230,0.00000,0.10417,29889,1,0.000000,CLEANSE_SYSTEM
1231,0.00000,-2.03125,28336,1,0.000000,CLEANSE_SYSTEM
1232,0.00000,-2.36979,26782,1,0.000000,CLEANSE_SYSTEM
1233,0.00000,-2.50000,25229,1,0.000000,CLEANSE_SYSTEM
1234,0.00000,-2.55208,23667,1,0.000000,CLEANSE_SYSTEM
1235,0.00000,-2.55208,22114,1,0.000000,CLEANSE_SYSTEM
1236,0.00000,-2.57813,20561,1,0.000000,CLEANSE_SYSTEM
1237,0.00000,-2.57813,19007,1,0.000000,CLEANSE_SYSTEM
1238,0.00000,-1.58854,17998,1,0.000000,CLEANSE_SYSTEM
1239,0.00000,-0.02604,18265,1,0.000000,CLEANSE_SYSTEM
1240,0.00000,2.05729,19818,1,0.000000,CLEANSE_SYSTEM
1241,0.00000,2.50000,21372,1,0.000000,CLEANSE_SYSTEM
1242,0.00000,2.63021,22925,1,0.000000,CLEANSE_SYSTEM
1243,0.00000,2.70833,24479,1,0.000000,CLEANSE_SYSTEM
1244,0.00000,2.73438,26035,1,0.000000,CLEANSE_SYSTEM
1245,0.00000,2.78646,27588,1,0.000000,CLEANSE_SYSTEM
1246,0.00000,2.81250,29142,1,0.000000,CLEANSE_SYSTEM
1247,0.00000,1.17188,30001,0,0.000000,CLEANSE_SYSTEM
1248,0.00000,-0.85938,29593,1,0.000000,CLEANSE_SYSTEM
1249,0.00000,-2.13542,28039,1,0.000000,CLEANSE_SYSTEM
1250,0.00000,-2.39583,26486,1,0.000000,CLEANSE_SYSTEM
1251,0.00000,-2.47396,24932,1,0.000000,CLEANSE_SYSTEM
1252,0.00000,-2.55208,23379,1,0.000000,CLEANSE_SYSTEM
1253,0.00000,-2.57813,21824,1,0.000000,CLEANSE_SYSTEM
1254,0.00000,-2.57813,20262,1,0.000000,CLEANSE_SYSTEM
1255,0.00000,-2.60417,18709,1,0.000000,CLEANSE_SYSTEM
1256,0.00000,-1.14583,17998,1,0.000000,CLEANSE_SYSTEM
1257,0.00000,0.85938,18572,1,0.000000,CLEANSE_SYSTEM
1258,0.00000,1.87500,20125,1,0.000000,CLEANSE_SYSTEM
1259,0.00000,1.45833,21678,1,0.000000,CLEANSE_SYSTEM
1260,0.00000,1.64062,23232,1,0.000000,CLEANSE_SYSTEM
1261,0.00000,2.34375,24785,1,0.000000,CLEANSE_SYSTEM
1262,0.00000,2.81250,26340,1,0.000000,CLEANSE_SYSTEM
1263,0.00000,2.89063,27893,1,0.000000,CLEANSE_SYSTEM
1264,0.00000,2.86458,29449,1,0.000000,CLEANSE_SYSTEM
1265,-0.00938,0.65104,30000,0,0.000000,CLEANSE_SYSTEM
1266,0.00000,-1.40625,29271,1,0.000000,CLEANSE_SYSTEM
1267,0.00000,-2.23958,27718,1,0.000000,CLEANSE_SYSTEM
1268,0.00000,-2.42188,26165,1,0.000000,CLEANSE_SYSTEM
1269,0.00000,-2.50000,24611,1,0.000000,CLEANSE_SYSTEM
1270,0.00000,-2.55208,23058,1,0.000000,CLEANSE_SYSTEM
1271,0.00000,-2.55208,21505,1,0.000000,CLEANSE_SYSTEM
1272,0.00000,-2.57813,19949,1,0.000000,CLEANSE_SYSTEM
1273,0.00000,-2.57813,18396,1,0.000000,CLEANSE_SYSTEM
1274,0.00000,-0.78125,17998,1,0.000000,CLEANSE_SYSTEM
1275,-0.00938,1.32813,18881,1,0.000000,CLEANSE_SYSTEM
1276,0.00000,2.36979,20434,1,0.000000,CLEANSE_SYSTEM
1277,0.00000,2.63021,21988,1,0.000000,CLEANSE_SYSTEM
1278,0.00000,2.70833,23541,1,0.000000,CLEANSE_SYSTEM
1279,0.00000,2.73438,25094,1,0.000000,CLEANSE_SYSTEM
1280,0.00000,2.73438,26647,1,0.000000,CLEANSE_SYSTEM
1281,0.00000,2.78646,28201,1,0.000000,CLEANSE_SYSTEM
1282,0.00000,2.78646,29754,1,0.000000,CLEANSE_SYSTEM
1283,0.00000,0.33854,30000,0,0.000000,CLEANSE_SYSTEM
1284,0.00000,-1.74479,28960,1,0.000000,CLEANSE_SYSTEM
1285,0.00000,-2.29167,27407,1,0.000000,CLEANSE_SYSTEM
1286,0.00000,-2.44792,25853,1,0.000000,CLEANSE_SYSTEM
1287,0.00000,-2.52604,24300,1,0.000000,CLEANSE_SYSTEM
1288,0.00000,-2.55208,22747,1,0.000000,CLEANSE_SYSTEM
1289,0.00000,-2.57813,21194,1,0.000000,CLEANSE_SYSTEM
1290,0.00000,-2.60417,19638,1,0.000000,CLEANSE_SYSTEM
1291,0.00000,-2.63021,18085,1,0.000000,CLEANSE_SYSTEM
1292,0.00000,-0.62500,17998,1,0.000000,CLEANSE_SYSTEM
1293,0.00000,1.66667,19190,1,0.000000,CLEANSE_SYSTEM
1294,0.00000,2.44792,20745,1,0.000000,CLEANSE_SYSTEM
1295,0.00000,2.65625,22298,1,0.000000,CLEANSE_SYSTEM
1296,0.00000,2.70833,23852,1,0.000000,CLEANSE_SYSTEM
1297,0.00000,2.73438,25406,1,0.000000,CLEANSE_SYSTEM
1298,0.00000,2.76042,26959,1,0.000000,CLEANSE_SYSTEM
1299,0.00000,2.78646,28511,1,0.000000,CLEANSE_SYSTEM
1300,0.00000,2.81250,30012,0,0.000000,CLEANSE_SYSTEM
1301,0.00000,0.18229,30012,0,0.000000,CLEANSE_SYSTEM
1302,0.00000,0.00000,30012,0,0.000000,NA
1303,0.00000,0.00000,30012,0,0.000000,NA
1304,0.00000,0.00000,30012,0,0.000000,NA
#2023-08-10T20:34:59
0,0.00000,-0.44271,30000,0,0.000000,NA
1,0.00000,-0.41667,30000,0,0.000000,NA
2,0.00000,-0.41667,30000,0,0.000000,NA
3,0.00000,0.00000,30000,0,0.000000,NA
4,0.00000,0.00000,30000,0,0.000000,NA
5,0.00000,0.00000,30000,0,0.000000,NA
6,0.00000,0.00000,30000,0,0.000000,NA
7,0.00000,-1.71875,28542,1,0.000000,PRIME
8,0.00000,-2.55208,26988,1,0.000000,PRIME
9,0.00000,-3.02083,25435,1,0.000000,PRIME
10,0.00000,-3.90625,23882,1,0.000000,PRIME
11,0.00000,-4.55729,22328,1,0.000000,PRIME
12,0.00000,-5.10417,20775,1,0.000000,PRIME
13,0.00000,-5.52083,19222,1,0.000000,PRIME
14,0.00000,-5.72917,18000,1,0.000000,PRIME
15,0.00000,-5.07813,18000,1,0.000000,PRIME
16,0.00000,-4.45312,18000,1,0.000000,PRIME
17,0.00000,-3.82812,18000,1,0.000000,PRIME
18,0.00000,-3.28125,18000,1,0.000000,PRIME
19,0.00000,-2.76042,18000,1,0.000000,PRIME
20,0.00000,-2.29167,18000,1,0.000000,PRIME
21,0.00000,-1.09375,18426,1,0.000000,PRIME
22,0.00000,0.65104,19979,1,0.000000,PRIME
23,0.00000,0.72917,21533,1,0.000000,PRIME
24,0.00000,0.78125,23086,1,0.000000,PRIME
25,0.00000,0.78125,24640,1,0.000000,PRIME
26,0.00000,0.78125,26193,1,0.000000,PRIME
27,0.00000,0.78125,27748,1,0.000000,PRIME
28,0.00000,0.78125,29302,1,0.000000,PRIME
29,0.00000,0.05208,29987,0,0.000000,PRIME
30,0.00000,-0.80729,29160,1,0.000000,PRIME
31,0.00000,-1.87500,27606,1,0.000000,PRIME
32,0.00000,-2.50000,26053,1,0.000000,PRIME
33,0.00000,-2.94271,24500,1,0.000000,PRIME
34,0.00000,-3.43750,22947,1,0.000000,PRIME
35,0.00000,-4.03646,21394,1,0.000000,PRIME
36,0.00000,-4.55729,19841,1,0.000000,PRIME
37,0.00000,-4.86979,18280,1,0.000000,PRIME
38,0.00000,-4.63542,17998,1,0.000000,PRIME
39,0.00000,-4.21875,17998,1,0.000000,PRIME
40,0.00000,-3.77604,17998,1,0.000000,PRIME
41,0.00000,-3.38542,17998,1,0.000000,PRIME
42,0.00000,-2.99479,17998,1,0.000000,PRIME
43,0.00000,-2.60417,17998,1,0.000000,PRIME
44,0.00000,-2.21354,17998,1,0.000000,PRIME
45,0.00000,-0.70312,18732,1,0.000000,PRIME
46,0.00000,0.54688,20285,1,0.000000,PRIME
47,0.00000,0.72917,21841,1,0.000000,PRIME
48,0.00000,0.80729,23394,1,0.000000,PRIME
49,0.00000,0.80729,24947,1,0.000000,PRIME
50,0.00000,0.83333,26500,1,0.000000,PRIME
51,0.00000,0.83333,28054,1,0.000000,PRIME
52,0.00000,0.83333,29607,1,0.000000,PRIME
53,0.00000,0.15625,30000,0,0.000000,PRIME
54,0.00000,-0.72917,28867,1,0.000000,PRIME
55,0.00000,-1.58854,27314,1,0.000000,PRIME
56,0.00000,-2.18750,25761,1,0.000000,PRIME
57,0.00000,-2.47396,24199,1,0.000000,PRIME
58,0.00000,-2.99479,22646,1,0.000000,PRIME
59,0.00000,-3.48958,21093,1,0.000000,PRIME
60,0.00000,-4.03646,19540,1,0.000000,PRIME
61,0.00000,-4.40104,17998,1,0.000000,PRIME
62,0.00000,-4.06250,17998,1,0.000000,PRIME
63,0.00000,-3.77604,17998,1,0.000000,PRIME
64,0.00000,-3.48958,17998,1,0.000000,PRIME
65,0.00000,-3.20312,17998,1,0.000000,PRIME
66,0.00000,-2.91667,17998,1,0.000000,PRIME
67,0.00000,-2.63021,17998,1,0.000000,PRIME
68,0.00000,-2.36979,17998,1,0.000000,PRIME
69,0.00000,-1.92708,18270,1,0.000000,PRIME
70,-0.00938,0.10417,19823,1,0.000000,PRIME
71,0.00000,0.59896,21376,1,0.000000,PRIME
72,0.00000,0.70312,22929,1,0.000000,PRIME
73,0.00000,0.78125,24482,1,0.000000,PRIME
74,0.00000,0.80729,26035,1,0.000000,PRIME
75,0.00000,0.80729,27589,1,0.000000,PRIME
76,-0.00938,0.83333,29142,1,0.000000,PRIME
77,0.00000,0.46875,30000,0,0.000000,PRIME
78,0.00000,-0.23438,29332,1,0.000000,PRIME
79,0.00000,-1.09375,27779,1,0.000000,PRIME
80,0.00000,-1.71875,26226,1,0.000000,PRIME
81,0.00000,-2.16146,24673,1,0.000000,PRIME
82,0.00000,-2.50000,23119,1,0.000000,PRIME
83,0.00000,-2.96875,21566,1,0.000000,PRIME
84,0.00000,-3.43750,20013,1,0.000000,PRIME
85,0.00000,-3.80208,18459,1,0.000000,PRIME
86,0.00000,-3.80208,17998,1,0.000000,PRIME
87,0.00000,-3.56771,17998,1,0.000000,PRIME
88,0.00000,-3.35938,17998,1,0.000000,PRIME
89,0.00000,-3.09896,17998,1,0.000000,PRIME
90,0.00000,-2.83854,17998,1,0.000000,PRIME
91,0.00000,-2.68229,17998,1,0.000000,PRIME
92,0.00000,-2.50000,17998,1,0.000000,PRIME
93,0.00000,-2.29167,17998,1,0.000000,PRIME
94,-0.00938,-0.93750,19040,1,0.000000,PRIME
95,0.00000,0.31250,20593,1,0.000000,PRIME
96,0.00000,0.65104,22147,1,0.000000,PRIME
97,0.00000,0.57292,23703,1,0.000000,PRIME
98,0.00000,0.78125,25256,1,0.000000,PRIME
99,0.00000,0.93750,26809,1,0.000000,PRIME
100,-0.00938,0.96354,28365,1,0.000000,PRIME
101,0.00000,1.01562,29918,0,0.000000,PRIME
102,0.00000,-0.02604,30000,0,0.000000,PRIME
103,0.00000,-0.83333,28540,1,0.000000,PRIME
104,0.00000,-1.45833,26987,1,0.000000,PRIME
105,0.00000,-1.84896,25434,1,0.000000,PRIME
106,0.00000,-2.13542,23881,1,0.000000,PRIME
107,0.00000,-2.50000,22320,1,0.000000,PRIME
108,0.00000,-2.86458,20766,1,0.000000,PRIME
109,0.00000,-3.22917,19213,1,0.000000,PRIME
110,0.00000,-3.41146,17998,1,0.000000,PRIME
111,0.00000,-3.12500,17998,1,0.000000,PRIME
112,0.00000,-2.76042,17998,1,0.000000,PRIME
113,0.00000,-2.42188,17998,1,0.000000,PRIME
114,0.00000,-2.23958,17998,1,0.000000,PRIME
115,0.00000,-0.26042,19503,1,0.000000,PRIME
116,0.00000,0.59896,21056,1,0.000000,PRIME
117,0.00000,0.70312,22612,1,0.000000,PRIME
118,0.00000,0.85938,24165,1,0.000000,PRIME
119,0.00000,1.04167,25718,1,0.000000,PRIME
120,-0.00938,1.14583,27271,1,0.000000,PRIME
121,-0.00938,0.31250,28824,1,0.000000,PRIME
122,0.00000,0.31250,30000,0,0.000000,PRIME
123,-0.00938,0.05208,29634,1,0.000000,PRIME
124,-0.00938,-0.93750,28081,1,0.000000,PRIME
125,0.00000,-1.51042,26528,1,0.000000,PRIME
126,-0.00938,-1.84896,24975,1,0.000000,PRIME
127,-0.00938,-2.21354,23413,1,0.000000,PRIME
128,0.00000,-2.78646,21860,1,0.000000,PRIME
129,-0.00938,-3.20312,20307,1,0.000000,PRIME
130,0.00000,-3.59375,18754,1,0.000000,PRIME
131,-0.00938,-3.69792,17998,1,0.000000,PRIME
132,0.00000,-3.46354,17998,1,0.000000,PRIME
133,-0.00938,-3.22917,17998,1,0.000000,PRIME
134,-0.00938,-3.09896,17998,1,0.000000,PRIME
135,0.00000,-2.91667,17998,1,0.000000,PRIME
136,-0.00938,-2.76042,17998,1,0.000000,PRIME
137,-0.00938,-2.57813,17998,1,0.000000,PRIME
138,0.00000,-2.39583,17998,1,0.000000,PRIME
139,0.00000,-2.23958,18115,1,0.000000,PRIME
140,0.00000,0.02604,19669,1,0.000000,PRIME
141,0.00000,0.52083,21222,1,0.000000,PRIME
142,-0.00938,0.52083,22775,1,0.000000,PRIME
143,0.00000,0.78125,24328,1,0.000000,PRIME
144,-0.00938,0.96354,25881,1,0.000000,PRIME
145,-0.00938,0.93750,27435,1,0.000000,PRIME
146,-0.00938,0.31250,28988,1,0.000000,PRIME
147,0.00000,0.44271,30000,0,0.000000,PRIME
148,0.00000,0.07812,29485,1,0.000000,PRIME
149,-0.00938,-0.85938,27932,1,0.000000,PRIME
150,0.00000,-1.40625,26379,1,0.000000,PRIME
151,-0.00938,-1.77083,24826,1,0.000000,PRIME
152,-0.00938,-2.13542,23273,1,0.000000,PRIME
153,-0.00938,-2.44792,21720,1,0.000000,PRIME
154,-0.00938,-2.94271,20166,1,0.000000,PRIME
155,0.00000,-3.41146,18613,1,0.000000,PRIME
156,0.00000,-3.41146,17998,1,0.000000,PRIME
157,0.00000,-3.17708,17998,1,0.000000,PRIME
158,-0.00938,-2.99479,17998,1,0.000000,PRIME
159,-0.00938,-2.83854,17998,1,0.000000,PRIME
160,0.00000,-2.68229,17998,1,0.000000,PRIME
161,0.00000,-2.47396,17998,1,0.000000,PRIME
162,-0.00938,-2.29167,17998,1,0.000000,PRIME
163,-0.00938,-0.39063,19040,1,0.000000,PRIME
164,0.00000,0.46875,20593,1,0.000000,PRIME
165,0.00000,0.46875,22147,1,0.000000,PRIME
166,0.00000,0.75521,23700,1,0.000000,PRIME
167,0.00000,1.01562,25256,1,0.000000,PRIME
168,-0.00938,1.06771,26810,1,0.000000,PRIME
169,0.00000,0.23438,28363,1,0.000000,PRIME
170,-0.00938,0.39063,29917,0,0.000000,PRIME
171,0.00000,0.02604,30000,0,0.000000,PRIME
172,0.00000,-0.83333,28541,1,0.000000,PRIME
173,-0.00938,-1.43229,26988,1,0.000000,PRIME
174,-0.00938,-1.79688,25435,1,0.000000,PRIME
175,-0.00938,-2.16146,23882,1,0.000000,PRIME
176,-0.00938,-2.57813,22329,1,0.000000,PRIME
177,-0.00938,-3.12500,20768,1,0.000000,PRIME
178,-0.00938,-3.51562,19214,1,0.000000,PRIME
179,0.00000,-3.80208,17998,1,0.000000,PRIME
180,0.00000,-3.61979,17998,1,0.000000,PRIME
181,0.00000,-3.43750,17998,1,0.000000,PRIME
182,-0.00938,-3.28125,17998,1,0.000000,PRIME
183,0.00000,-3.07292,17998,1,0.000000,PRIME
184,0.00000,-2.89063,17998,1,0.000000,PRIME
185,-0.00938,-2.70833,17998,1,0.000000,PRIME
186,0.00000,-2.50000,17998,1,0.000000,PRIME
187,0.00000,-2.34375,17998,1,0.000000,PRIME
188,0.00000,-0.57292,18577,1,0.000000,PRIME
189,-0.00938,0.26042,20130,1,0.000000,PRIME
190,0.00000,0.54688,21684,1,0.000000,PRIME
191,0.00000,0.59896,23239,1,0.000000,PRIME
192,-0.00938,0.85938,24792,1,0.000000,PRIME
193,0.00000,0.96354,26345,1,0.000000,PRIME
194,-0.00938,0.31250,27898,1,0.000000,PRIME
195,-0.00938,0.70312,29452,1,0.000000,PRIME
196,0.00000,-0.02604,30000,0,0.000000,PRIME
197,0.00000,-0.57292,29015,1,0.000000,PRIME
198,0.00000,-1.35417,27462,1,0.000000,PRIME
199,0.00000,-2.05729,25908,1,0.000000,PRIME
200,0.00000,-2.60417,24356,1,0.000000,PRIME
201,0.00000,-2.99479,22803,1,0.000000,PRIME
202,0.00000,-3.41146,21248,1,0.000000,PRIME
203,0.00000,-3.61979,19694,1,0.000000,PRIME
204,0.00000,-3.95833,18141,1,0.000000,PRIME
205,0.00000,-3.88021,17998,1,0.000000,PRIME
206,0.00000,-3.67188,17998,1,0.000000,PRIME
207,0.00000,-3.43750,17998,1,0.000000,PRIME
208,0.00000,-3.22917,17998,1,0.000000,PRIME
209,0.00000,-2.96875,17998,1,0.000000,PRIME
210,0.00000,-2.76042,17998,1,0.000000,PRIME
211,0.00000,-2.57813,17998,1,0.000000,PRIME
212,0.00000,-2.42188,17998,1,0.000000,PRIME
213,0.00000,-1.14583,18269,1,0.000000,PRIME
214,-0.00938,0.15625,19824,1,0.000000,PRIME
215,0.00000,0.28646,21377,1,0.000000,PRIME
216,0.00000,0.44271,22930,1,0.000000,PRIME
217,-0.00938,0.72917,24486,1,0.000000,PRIME
218,-0.00938,0.93750,26039,1,0.000000,PRIME
219,0.00000,0.31250,27592,1,0.000000,PRIME
220,0.00000,0.33854,29145,1,0.000000,PRIME
221,0.00000,0.15625,30000,0,0.000000,PRIME
222,0.00000,-0.41667,29327,1,0.000000,PRIME
223,0.00000,-1.22396,27774,1,0.000000,PRIME
224,0.00000,-1.64062,26221,1,0.000000,PRIME
225,0.00000,-1.82292,24667,1,0.000000,PRIME
226,0.00000,-1.97917,23113,1,0.000000,PRIME
227,0.00000,-2.10938,21552,1,0.000000,PRIME
228,0.00000,-2.23958,19998,1,0.000000,PRIME
229,0.00000,-2.29167,18445,1,0.000000,PRIME
230,0.00000,-1.82292,17998,1,0.000000,PRIME
231,0.00000,-0.75521,19092,1,0.000000,PRIME
232,0.00000,0.36458,20646,1,0.000000,PRIME
233,0.00000,1.35417,22199,1,0.000000,PRIME
234,0.00000,2.47396,23752,1,0.000000,PRIME
235,0.00000,3.48958,25305,1,0.000000,PRIME
236,0.00000,4.34896,26858,1,0.000000,PRIME
237,0.00000,4.97396,28414,1,0.000000,PRIME
238,0.00000,5.49479,29967,0,0.000000,PRIME
239,0.00000,4.19271,30001,0,0.000000,PRIME
240,0.00000,3.12500,30001,0,0.000000,PRIME
241,0.00000,2.34375,30001,0,0.000000,PRIME
242,0.00000,1.79688,30001,0,0.000000,PRIME
243,0.00000,1.45833,30001,0,0.000000,PRIME
244,0.00000,0.23438,29434,1,0.000000,PRIME
245,0.00000,-1.25000,27880,1,0.000000,PRIME
246,0.00000,-1.69271,26327,1,0.000000,PRIME
247,0.00000,-1.97917,24766,1,0.000000,PRIME
248,0.00000,-2.13542,23211,1,0.000000,PRIME
249,0.00000,-2.23958,21658,1,0.000000,PRIME
250,0.00000,-2.29167,20105,1,0.000000,PRIME
251,0.00000,-2.34375,18552,1,0.000000,PRIME
252,0.00000,-1.66667,17998,1,0.000000,PRIME
253,0.00000,0.00000,18984,1,0.000000,PRIME
254,0.00000,1.43229,20538,1,0.000000,PRIME
255,0.00000,3.12500,22091,1,0.000000,PRIME
256,0.00000,4.53125,23644,1,0.000000,PRIME
257,0.00000,5.54688,25200,1,0.000000,PRIME
258,0.00000,6.25000,26753,1,0.000000,PRIME
259,0.00000,6.66667,28306,1,0.000000,PRIME
260,0.00000,7.26562,29861,1,0.000000,PRIME
261,0.00000,5.36458,29979,0,0.000000,PRIME
262,0.00000,4.97396,29979,0,0.000000,PRIME
263,0.00000,4.92188,29979,0,0.000000,PRIME
264,0.00000,4.92188,29979,0,0.000000,PRIME
265,0.00000,4.92188,29979,0,0.000000,PRIME
266,0.00000,4.92188,29979,0,0.000000,PRIME
267,0.00000,4.92188,29979,0,0.000000,PRIME
268,0.00000,4.92188,29979,0,0.000000,PRIME
269,0.00000,4.92188,29979,0,0.000000,PRIME
270,0.00000,4.92188,29979,0,0.000000,PRIME
271,0.00000,4.92188,29979,0,0.000000,PRIME
272,0.00000,4.92188,29979,0,0.000000,PRIME
273,0.00000,4.92188,29979,0,0.000000,PRIME
274,0.00000,4.92188,29979,0,0.000000,PRIME
275,0.00000,4.92188,29979,0,0.000000,PRIME
276,0.00000,4.89583,29979,0,0.000000,PRIME
277,0.00000,4.89583,29979,0,0.000000,PRIME
278,0.00000,4.92188,29979,0,0.000000,PRIME
279,0.00000,4.89583,29979,0,0.000000,PRIME
280,0.00000,4.89583,29979,0,0.000000,PRIME
281,0.00000,4.92188,29979,0,0.000000,PRIME
282,0.00000,-1.04167,28587,1,0.000000,PRIME
283,0.00000,-1.90104,27032,1,0.000000,PRIME
284,0.00000,-2.16146,25479,1,0.000000,PRIME
285,0.00000,-2.29167,23926,1,0.000000,PRIME
286,0.00000,-2.36979,22373,1,0.000000,PRIME
287,0.00000,-2.39583,20812,1,0.000000,PRIME
288,0.00000,-2.42188,19258,1,0.000000,PRIME
289,0.00000,-2.16146,17990,1,0.000000,PRIME
290,0.00000,-0.70312,18119,1,0.000000,PRIME
291,0.00000,2.34375,19672,1,0.000000,PRIME
292,0.00000,4.86979,21226,1,0.000000,PRIME
293,0.00000,6.45833,22779,1,0.000000,PRIME
294,0.00000,7.36979,24333,1,0.000000,PRIME
295,0.00000,7.83854,25886,1,0.000000,PRIME
296,0.00000,8.07292,27439,1,0.000000,PRIME
297,0.00000,8.20313,28995,1,0.000000,PRIME
298,0.00000,6.56250,30020,0,0.000000,PRIME
299,0.00000,3.20312,30020,0,0.000000,PRIME
300,0.00000,1.74479,30020,0,0.000000,PRIME
301,0.00000,1.01562,30020,0,0.000000,PRIME
302,0.00000,-1.40625,28663,1,0.000000,PRIME
303,0.00000,-1.97917,27109,1,0.000000,PRIME
304,0.00000,-2.21354,25556,1,0.000000,PRIME
305,0.00000,-2.34375,24003,1,0.000000,PRIME
306,0.00000,-2.39583,22449,1,0.000000,PRIME
307,0.00000,-2.44792,20887,1,0.000000,PRIME
308,0.00000,-2.44792,19334,1,0.000000,PRIME
309,0.00000,-2.29167,17998,1,0.000000,PRIME
310,0.00000,-0.75521,18115,1,0.000000,PRIME
311,0.00000,2.08333,19668,1,0.000000,PRIME
312,0.00000,4.60938,21222,1,0.000000,PRIME
313,0.00000,6.25000,22775,1,0.000000,PRIME
314,0.00000,7.10938,24328,1,0.000000,PRIME
315,0.00000,7.55208,25881,1,0.000000,PRIME
316,0.00000,7.78646,27434,1,0.000000,PRIME
317,0.00000,7.91667,28991,1,0.000000,PRIME
318,0.00000,6.30208,30002,0,0.000000,PRIME
319,0.00000,3.07292,30002,0,0.000000,PRIME
320,0.00000,1.66667,30002,0,0.000000,PRIME
321,0.00000,0.96354,30002,0,0.000000,PRIME
322,0.00000,-1.48438,28507,1,0.000000,PRIME
323,0.00000,-2.03125,26954,1,0.000000,PRIME
324,0.00000,-2.23958,25401,1,0.000000,PRIME
325,0.00000,-2.36979,23848,1,0.000000,PRIME
326,0.00000,-2.44792,22294,1,0.000000,PRIME
327,0.00000,-2.47396,20731,1,0.000000,PRIME
328,0.00000,-2.50000,19178,1,0.000000,PRIME
329,0.00000,-2.10938,17999,1,0.000000,PRIME
330,0.00000,-0.39063,18283,1,0.000000,PRIME
331,0.00000,2.13542,19837,1,0.000000,PRIME
332,0.00000,3.95833,21390,1,0.000000,PRIME
333,0.00000,5.00000,22943,1,0.000000,PRIME
334,0.00000,5.62500,24496,1,0.000000,PRIME
335,0.00000,6.04167,26049,1,0.000000,PRIME
336,0.00000,6.25000,27602,1,0.000000,PRIME
337,0.00000,6.40625,29158,1,0.000000,PRIME
338,0.00000,4.58333,29999,0,0.000000,PRIME
339,0.00000,1.97917,29999,0,0.000000,PRIME
340,0.00000,0.85938,29999,0,0.000000,PRIME
341,0.00000,-1.32813,28816,1,0.000000,PRIME
342,0.00000,-1.95312,27263,1,0.000000,PRIME
343,0.00000,-2.21354,25710,1,0.000000,PRIME
344,0.00000,-2.34375,24156,1,0.000000,PRIME
345,0.00000,-2.42188,22603,1,0.000000,PRIME
346,0.00000,-2.50000,21050,1,0.000000,PRIME
347,0.00000,-2.52604,19470,1,0.000000,PRIME
348,0.00000,-2.55208,17998,1,0.000000,PRIME
349,0.00000,-0.88542,17998,1,0.000000,PRIME
350,0.00000,1.84896,19502,1,0.000000,PRIME
351,0.00000,4.60938,21055,1,0.000000,PRIME
352,0.00000,6.45833,22609,1,0.000000,PRIME
353,0.00000,7.55208,24163,1,0.000000,PRIME
354,0.00000,8.15104,25716,1,0.000000,PRIME
355,0.00000,8.48958,27269,1,0.000000,PRIME
356,0.00000,8.64583,28822,1,0.000000,PRIME
357,0.00000,7.63021,30002,0,0.000000,PRIME
358,0.00000,3.75000,30002,0,0.000000,PRIME
359,0.00000,2.08333,30002,0,0.000000,PRIME
360,0.00000,1.25000,30002,0,0.000000,PRIME
361,0.00000,-0.72917,29278,1,0.000000,PRIME
362,0.00000,-1.82292,27725,1,0.000000,PRIME
363,0.00000,-2.16146,26171,1,0.000000,PRIME
364,0.00000,-2.31771,24617,1,0.000000,PRIME
365,0.00000,-2.39583,23064,1,0.000000,PRIME
366,0.00000,-2.47396,21511,1,0.000000,PRIME
367,0.00000,-2.50000,19950,1,0.000000,PRIME
368,0.00000,-2.52604,18396,1,0.000000,PRIME
369,0.00000,-1.25000,17999,1,0.000000,PRIME
370,0.00000,1.06771,19053,1,0.000000,PRIME
371,0.00000,3.67188,20606,1,0.000000,PRIME
372,0.00000,5.54688,22160,1,0.000000,PRIME
373,0.00000,6.66667,23713,1,0.000000,PRIME
374,0.00000,7.31771,25267,1,0.000000,PRIME
375,0.00000,7.65625,26821,1,0.000000,PRIME
376,0.00000,7.94271,28374,1,0.000000,PRIME
377,0.00000,8.12500,29930,0,0.000000,PRIME
378,0.00000,4.24479,29998,0,0.000000,PRIME
379,0.00000,2.36979,29998,0,0.000000,PRIME
380,0.00000,1.40625,29998,0,0.000000,PRIME
381,0.00000,-0.13021,29588,1,0.000000,PRIME
382,0.00000,-1.71875,28034,1,0.000000,PRIME
383,0.00000,-2.13542,26481,1,0.000000,PRIME
384,0.00000,-2.34375,24928,1,0.000000,PRIME
385,0.00000,-2.42188,23375,1,0.000000,PRIME
386,0.00000,-2.47396,21822,1,0.000000,PRIME
387,0.00000,-2.50000,20258,1,0.000000,PRIME
388,0.00000,-2.52604,18705,1,0.000000,PRIME
389,0.00000,-1.53646,17998,1,0.000000,PRIME
390,0.00000,0.54688,18731,1,0.000000,PRIME
391,0.00000,3.35938,20284,1,0.000000,PRIME
392,0.00000,5.46875,21837,1,0.000000,PRIME
393,0.00000,6.84896,23390,1,0.000000,PRIME
394,0.00000,7.52604,24943,1,0.000000,PRIME
395,0.00000,7.89062,26496,1,0.000000,PRIME
396,0.00000,8.07292,28049,1,0.000000,PRIME
397,0.00000,8.15104,29606,1,0.000000,PRIME
398,0.00000,4.71354,30000,0,0.000000,PRIME
399,0.00000,2.36979,30000,0,0.000000,PRIME
400,0.00000,1.30208,30000,0,0.000000,PRIME
401,0.00000,-0.54688,29434,1,0.000000,PRIME
402,0.00000,-1.77083,27881,1,0.000000,PRIME
403,0.00000,-2.13542,26327,1,0.000000,PRIME
404,0.00000,-2.31771,24774,1,0.000000,PRIME
405,0.00000,-2.39583,23221,1,0.000000,PRIME
406,0.00000,-2.44792,21667,1,0.000000,PRIME
407,0.00000,-2.47396,20106,1,0.000000,PRIME
408,0.00000,-2.52604,18553,1,0.000000,PRIME
409,0.00000,-1.35417,17998,1,0.000000,PRIME
410,0.00000,0.78125,18886,1,0.000000,PRIME
411,0.00000,3.56771,20439,1,0.000000,PRIME
412,0.00000,5.57292,21991,1,0.000000,PRIME
413,0.00000,6.90104,23544,1,0.000000,PRIME
414,0.00000,7.57812,25097,1,0.000000,PRIME
415,0.00000,7.94271,26651,1,0.000000,PRIME
416,0.00000,8.15104,28204,1,0.000000,PRIME
417,0.00000,8.25521,29759,1,0.000000,PRIME
418,0.00000,4.50521,30000,0,0.000000,PRIME
419,0.00000,2.34375,30000,0,0.000000,PRIME
420,0.00000,1.32813,30000,0,0.000000,PRIME
421,0.00000,0.75521,30000,0,0.000000,NA
422,0.00000,0.46875,30000,0,0.000000,NA
423,0.00000,0.31250,30000,0,0.000000,NA	
