CCLK,2023-09-15T09:52:05

>CTRIG,1,7,0,2023-05-31T11:52:32,2023-06-01T11:52:32,2023-06-02T11:52:32,2023-06-03T11:52:32,2023-06-04T11:52:32,2023-06-05T11:52:32,2023-06-06T11:52:32,2023-06-07T11:52:32,2023-06-08T11:52:32

>ISTAT,EDNA-SA,3.01,3.09,0,IDLE,NA/0/NA

>CSET,14,20,2,0,20000,0

>CSTAT,4,5/6000/8,5/66000/3,5/105000/3,5/125000/0,1/0/0,1/0/0,1/0/0,1/0/0,1/0/0,3617000,120000,68000,338000,173000

>ISTAT,EDNA-SA,3.01,3.09,0,IDLE,NA/0/NA

>ISTAT,EDNA-SA,3.01,3.09,0,IDLE,NA/0/NA

>ISTAT,EDNA-SA,3.01,3.09,0,IDLE,NA/0/NA

>ISTAT,EDNA-SA,3.01,3.09,0,IDLE,NA/0/NA

>RUN,PROTOCOL,SAMPLE_5,ACK
Started Run Task
Opened Eng and data files
Created Pressure Monitor Task
Created Script Task

>0,0.00000,0.05208,30000,0,0.000000,NA
1,0.00938,0.07812,30000,0,0.000000,NA
2,0.00938,0.05208,30000,0,0.000000,NA
Parsing script: mq_clean.txt
#eDNA Sampler Flush Tree, V3, FP-0003-02
SPEED,10000
PROTOCOL,FLUSH,START,0
VALVE_SET,2
PAUSE,2
3,0.00938,1.14583,30000,0,0.000000,FLUSH
4,0.00938,1.14583,30000,0,0.000000,FLUSH
HOME
VALVE_SET,0
PAUSE,2
5,0.00938,1.17188,30000,0,0.000000,FLUSH
6,0.00000,1.14583,30000,0,0.000000,FLUSH
#MILLI-Q FLUSH OF TREE OUT INLET, 6 mL, [21,20], [2]
PUMPC,MQ,3000,2,21/20,2
Setting PWM frequency to 5333.333496
ARRVal = 375
7,0.00000,-0.93750,28551,1,0.000000,FLUSH
8,0.00000,-2.23958,27012,1,0.000000,FLUSH
9,0.00938,-3.35938,25473,1,0.000000,FLUSH
10,0.00000,-4.32292,23935,1,0.000000,FLUSH
11,0.00000,-5.07813,22396,1,0.000000,FLUSH
12,0.00000,-5.67708,20858,1,0.000000,FLUSH
13,0.00938,-6.32813,19319,1,0.000000,FLUSH
14,0.00938,-6.82292,17999,1,0.000000,FLUSH
15,0.00938,-6.71875,17999,1,0.000000,FLUSH
16,0.00000,-6.71875,17999,1,0.000000,FLUSH
17,0.00938,-6.64063,17999,1,0.000000,FLUSH
18,0.00938,-6.64063,17999,1,0.000000,FLUSH
19,0.00938,-6.61458,17999,1,0.000000,FLUSH
20,0.00000,-6.61458,17999,1,0.000000,FLUSH
21,0.00938,-6.61458,17999,1,0.000000,FLUSH
22,0.00938,-6.64063,17999,1,0.000000,FLUSH
23,0.00938,-6.61458,17999,1,0.000000,FLUSH
24,0.00938,-6.61458,17999,1,0.000000,FLUSH
25,0.00938,-6.61458,17999,1,0.000000,FLUSH
26,0.00938,-6.61458,17999,1,0.000000,FLUSH
27,0.00938,-6.64063,17999,1,0.000000,FLUSH
28,0.00000,-6.64063,17999,1,0.000000,FLUSH
29,0.00938,-6.64063,17999,1,0.000000,FLUSH
30,0.00938,-6.61458,17999,1,0.000000,FLUSH
31,0.00000,-6.64063,17999,1,0.000000,FLUSH
32,0.00000,-6.77083,17999,1,0.000000,FLUSH
33,0.00000,-6.77083,17999,1,0.000000,FLUSH
WARN: Stable pressure timeout occurred
34,0.00938,-6.71875,17999,1,0.000000,FLUSH
Setting PWM frequency to 5333.333496
ARRVal = 375
35,0.00938,-6.56250,18211,1,0.000000,FLUSH
36,0.00000,-2.31771,19760,1,0.000000,FLUSH
37,0.00938,1.82292,21299,1,0.000000,FLUSH
38,0.00938,2.31771,22838,1,0.000000,FLUSH
39,0.00938,2.39583,24376,1,0.000000,FLUSH
40,0.00938,2.42188,25915,1,0.000000,FLUSH
41,0.00938,2.42188,27453,1,0.000000,FLUSH
42,0.00938,2.44792,28991,1,0.000000,FLUSH
43,0.00938,1.56250,29882,0,0.000000,FLUSH
Setting PWM frequency to 5333.333496
ARRVal = 375
44,0.00000,-0.62500,29573,1,0.000000,FLUSH
45,0.00938,-3.90625,28034,1,0.000000,FLUSH
46,0.00938,-4.66146,26492,1,0.000000,FLUSH
47,0.00938,-5.41667,24951,1,0.000000,FLUSH
48,0.00000,-6.17188,23413,1,0.000000,FLUSH
49,0.00938,-6.69271,21874,1,0.000000,FLUSH
50,0.00938,-7.08333,20336,1,0.000000,FLUSH
51,0.00938,-7.50000,18797,1,0.000000,FLUSH
52,0.00000,-7.60417,17996,1,0.000000,FLUSH
53,0.00000,-7.65625,17996,1,0.000000,FLUSH
54,0.00938,-7.65625,17996,1,0.000000,FLUSH
55,0.00000,-7.57812,17996,1,0.000000,FLUSH
56,0.00938,-7.57812,17996,1,0.000000,FLUSH
57,0.00938,-7.57812,17996,1,0.000000,FLUSH
58,0.00938,-7.68229,17996,1,0.000000,FLUSH
59,0.00000,-7.65625,17996,1,0.000000,FLUSH
60,0.00000,-7.68229,17996,1,0.000000,FLUSH
61,0.00938,-7.68229,17996,1,0.000000,FLUSH
62,0.00938,-7.63021,17996,1,0.000000,FLUSH
63,0.00938,-7.68229,17996,1,0.000000,FLUSH
64,0.00938,-7.63021,17996,1,0.000000,FLUSH
65,0.00938,-7.68229,17996,1,0.000000,FLUSH
66,0.00938,-7.63021,17996,1,0.000000,FLUSH
67,0.00938,-7.63021,17996,1,0.000000,FLUSH
68,0.00938,-7.63021,17996,1,0.000000,FLUSH
69,0.00000,-7.63021,17996,1,0.000000,FLUSH
70,0.00938,-7.68229,17996,1,0.000000,FLUSH
71,0.00938,-7.68229,17996,1,0.000000,FLUSH
WARN: Stable pressure timeout occurred
72,0.00938,-7.65625,17996,1,0.000000,FLUSH
Setting PWM frequency to 5333.333496
ARRVal = 375
73,0.00938,-6.66667,18718,1,0.000000,FLUSH
74,0.00938,-2.70833,20257,1,0.000000,FLUSH
75,0.00938,1.56250,21795,1,0.000000,FLUSH
76,0.00938,2.21354,23343,1,0.000000,FLUSH
77,0.00938,2.31771,24882,1,0.000000,FLUSH
78,0.00938,2.34375,26420,1,0.000000,FLUSH
79,0.00938,2.36979,27959,1,0.000000,FLUSH
80,0.00938,2.31771,29498,1,0.000000,FLUSH
81,0.00938,1.38021,30020,0,0.000000,FLUSH
PROTOCOL,FLUSH,STOP,0
PAUSE,2
82,0.00938,1.22396,30020,0,0.000000,NA
83,0.00000,1.19792,30020,0,0.000000,NA
VALVE_SET,0
Parsing script: sam_flush.txt
#eDNA Sampler Inlet Sample Water Flush, V3, FP-0003-02
SPEED,10000
PROTOCOL,FLUSH,START,0
VALVE_SET,2
PAUSE,2
84,0.00938,1.17188,30020,0,0.000000,FLUSH
85,0.00000,1.17188,30020,0,0.000000,FLUSH
HOME
VALVE_SET,0
PAUSE,2
86,0.00938,1.17188,30020,0,0.000000,FLUSH
87,0.00938,1.19792,30020,0,0.000000,FLUSH
#OUTLET SEAWATER FLUSH, 3 mL, [2], [20/22]
PUMPC,SAM,3000,1,2,20/22
Setting PWM frequency to 5333.333496
ARRVal = 375
88,0.00938,0.62500,29350,1,0.000000,FLUSH
89,0.00000,0.15625,27811,1,0.000000,FLUSH
90,0.00938,0.05208,26273,1,0.000000,FLUSH
91,0.00938,0.00000,24734,1,0.000000,FLUSH
92,0.00000,-0.02604,23196,1,0.000000,FLUSH
93,0.00000,-0.02604,21657,1,0.000000,FLUSH
94,0.00938,-0.02604,20117,1,0.000000,FLUSH
95,0.00938,-0.05208,18578,1,0.000000,FLUSH
96,0.00000,0.88542,17999,1,0.000000,FLUSH
Setting PWM frequency to 5333.333496
ARRVal = 375
97,0.00938,-0.05208,18943,1,0.000000,FLUSH
98,0.00938,1.84896,20481,1,0.000000,FLUSH
99,0.00000,2.05729,22020,1,0.000000,FLUSH
100,0.00000,1.77083,23559,1,0.000000,FLUSH
101,0.00938,1.79688,25097,1,0.000000,FLUSH
102,0.00938,2.44792,26636,1,0.000000,FLUSH
103,0.00938,3.07292,28174,1,0.000000,FLUSH
104,0.00938,2.89063,29713,1,0.000000,FLUSH
105,0.00000,1.35417,29981,0,0.000000,FLUSH
#INLET SEAWATER FLUSH, 6 mL, [2], [2]
PUMPC,SAM,3000,2,2,2
Setting PWM frequency to 5333.333496
ARRVal = 375
106,0.00000,0.23438,28961,1,0.000000,FLUSH
107,0.00938,0.13021,27423,1,0.000000,FLUSH
108,0.00938,0.13021,25884,1,0.000000,FLUSH
109,0.00938,0.10417,24346,1,0.000000,FLUSH
110,0.00938,0.10417,22807,1,0.000000,FLUSH
111,0.00000,0.10417,21269,1,0.000000,FLUSH
112,0.00000,0.10417,19730,1,0.000000,FLUSH
113,0.00938,0.10417,18192,1,0.000000,FLUSH
114,0.00938,1.35417,17998,1,0.000000,FLUSH
Setting PWM frequency to 5333.333496
ARRVal = 375
115,0.00938,2.52604,19333,1,0.000000,FLUSH
116,0.00000,2.57813,20876,1,0.000000,FLUSH
117,0.00938,2.57813,22414,1,0.000000,FLUSH
118,0.00938,2.60417,23954,1,0.000000,FLUSH
119,0.00938,2.57813,25493,1,0.000000,FLUSH
120,0.00938,2.57813,27031,1,0.000000,FLUSH
121,0.00938,2.57813,28570,1,0.000000,FLUSH
122,0.00938,2.57813,30019,0,0.000000,FLUSH
123,0.00938,1.38021,30019,0,0.000000,FLUSH
Setting PWM frequency to 5333.333496
ARRVal = 375
124,0.00938,0.13021,28514,1,0.000000,FLUSH
125,0.00938,0.10417,26976,1,0.000000,FLUSH
126,0.00938,0.10417,25433,1,0.000000,FLUSH
127,0.00938,0.07812,23895,1,0.000000,FLUSH
128,0.00938,0.07812,22356,1,0.000000,FLUSH
129,0.00938,0.07812,20816,1,0.000000,FLUSH
130,0.00000,0.07812,19277,1,0.000000,FLUSH
131,0.00938,0.67708,17999,1,0.000000,FLUSH
Setting PWM frequency to 5333.333496
ARRVal = 375
132,0.00938,1.90104,18243,1,0.000000,FLUSH
133,0.00938,2.63021,19782,1,0.000000,FLUSH
134,0.00938,2.63021,21321,1,0.000000,FLUSH
135,0.00938,2.63021,22859,1,0.000000,FLUSH
136,0.00938,2.65625,24402,1,0.000000,FLUSH
137,0.00000,2.65625,25940,1,0.000000,FLUSH
138,0.00938,2.65625,27479,1,0.000000,FLUSH
139,0.00938,2.68229,29017,1,0.000000,FLUSH
140,0.00938,1.45833,30000,0,0.000000,FLUSH
PROTOCOL,FLUSH,STOP,0
PAUSE,2
141,0.00938,1.43229,30000,0,0.000000,NA
142,0.00000,1.45833,30000,0,0.000000,NA
VALVE_SET,0
Parsing script: f5_sam.txt
#eDNA Sampler Filter 5 Capture, 125 mL, V3, FP-0003-02
SPEED,DEFAULT
VALVE_SET,2
PAUSE,2
143,0.00938,1.45833,30000,0,0.000000,NA
144,0.00938,1.45833,30000,0,0.000000,NA
HOME
VALVE_SET,0
PAUSE,2
145,0.00938,1.48438,30000,0,0.000000,NA
146,0.00938,1.48438,30000,0,0.000000,NA
PROTOCOL,SAMPLE,START,5
SPEED,10000
#FILTER 5 CAPTURE, 5 TIMES, [2],[11,19,22]
PUMPC,SAM,3000,5,2,11/19/22
Setting PWM frequency to 5333.333496
ARRVal = 375
147,0.00000,0.75521,29659,1,0.000000,SAMPLE
148,0.00000,0.20833,28121,1,0.000000,SAMPLE
149,0.00938,0.18229,26582,1,0.000000,SAMPLE
150,0.00938,0.15625,25043,1,0.000000,SAMPLE
151,0.00000,0.15625,23505,1,0.000000,SAMPLE
152,0.00000,0.15625,21966,1,0.000000,SAMPLE
153,0.00938,0.15625,20426,1,0.000000,SAMPLE
154,0.00000,0.15625,18888,1,0.000000,SAMPLE
155,0.00000,1.43229,17999,1,0.000000,SAMPLE
Setting PWM frequency to 5333.333496
ARRVal = 375
156,0.00000,2.65625,18642,1,0.000000,SAMPLE
157,0.00000,5.80729,20181,1,0.000000,SAMPLE
158,0.00938,9.45312,21720,1,0.000000,SAMPLE
159,0.00938,13.20313,23258,1,0.000000,SAMPLE
160,0.00000,16.61458,24797,1,0.000000,SAMPLE
161,0.00000,10.80729,26335,1,0.000000,SAMPLE
162,0.00000,10.72917,27874,1,0.000000,SAMPLE
163,0.00000,11.35417,29412,1,0.000000,SAMPLE
164,0.00000,6.56250,29981,0,0.000000,SAMPLE
165,0.00938,3.72396,29981,0,0.000000,SAMPLE
166,0.00938,2.81250,29981,0,0.000000,SAMPLE
167,0.00000,2.36979,29981,0,0.000000,SAMPLE
168,0.00000,2.08333,29981,0,0.000000,SAMPLE
169,0.00938,1.90104,29981,0,0.000000,SAMPLE
Setting PWM frequency to 5333.333496
ARRVal = 375
170,0.00000,0.33854,28655,1,0.000000,SAMPLE
171,0.00938,0.26042,27116,1,0.000000,SAMPLE
172,0.00000,0.23438,25578,1,0.000000,SAMPLE
173,0.00000,0.23438,24039,1,0.000000,SAMPLE
174,0.00000,0.20833,22500,1,0.000000,SAMPLE
175,0.00938,0.20833,20962,1,0.000000,SAMPLE
176,0.00938,0.18229,19418,1,0.000000,SAMPLE
177,0.00938,0.18229,17998,1,0.000000,SAMPLE
Setting PWM frequency to 5333.333496
ARRVal = 375
178,0.00938,1.45833,18107,1,0.000000,SAMPLE
179,0.00938,8.15104,19645,1,0.000000,SAMPLE
180,0.00938,13.69792,21184,1,0.000000,SAMPLE
181,0.00938,14.06250,22723,1,0.000000,SAMPLE
182,0.00938,12.73438,24261,1,0.000000,SAMPLE
183,0.00938,11.82292,25800,1,0.000000,SAMPLE
184,0.00938,11.53646,27338,1,0.000000,SAMPLE
185,0.00938,11.51042,28876,1,0.000000,SAMPLE
186,0.00938,9.06250,30020,0,0.000000,SAMPLE
187,0.00938,3.75000,30020,0,0.000000,SAMPLE
188,0.00000,2.23958,30019,0,0.000000,SAMPLE
189,0.00938,1.66667,30019,0,0.000000,SAMPLE
Setting PWM frequency to 5333.333496
ARRVal = 375
190,0.00938,0.33854,28820,1,0.000000,SAMPLE
191,0.00938,0.28646,27282,1,0.000000,SAMPLE
192,0.00938,0.23438,25743,1,0.000000,SAMPLE
193,0.00938,0.23438,24204,1,0.000000,SAMPLE
194,0.00938,0.23438,22666,1,0.000000,SAMPLE
195,0.00938,0.20833,21128,1,0.000000,SAMPLE
196,0.00938,0.20833,19578,1,0.000000,SAMPLE
197,0.00938,0.20833,18040,1,0.000000,SAMPLE
198,0.00000,1.48438,17999,1,0.000000,SAMPLE
Setting PWM frequency to 5333.333496
ARRVal = 375
199,0.00938,6.56250,19482,1,0.000000,SAMPLE
200,0.00938,9.71354,21021,1,0.000000,SAMPLE
201,0.00000,10.85938,22560,1,0.000000,SAMPLE
202,0.00938,11.38021,24098,1,0.000000,SAMPLE
203,0.00938,11.61458,25637,1,0.000000,SAMPLE
204,0.00000,11.74479,27176,1,0.000000,SAMPLE
205,0.00938,11.77083,28714,1,0.000000,SAMPLE
206,0.00938,10.46875,30001,0,0.000000,SAMPLE
207,0.00000,4.06250,30001,0,0.000000,SAMPLE
208,0.00938,2.26563,30001,0,0.000000,SAMPLE
209,0.00938,1.58854,30001,0,0.000000,SAMPLE
Setting PWM frequency to 5333.333496
ARRVal = 375
210,0.00938,0.36458,28819,1,0.000000,SAMPLE
211,0.00000,0.28646,27281,1,0.000000,SAMPLE
212,0.00000,0.26042,25742,1,0.000000,SAMPLE
213,0.00938,0.23438,24203,1,0.000000,SAMPLE
214,0.00000,0.23438,22665,1,0.000000,SAMPLE
215,0.00000,0.23438,21127,1,0.000000,SAMPLE
216,0.00000,0.23438,19584,1,0.000000,SAMPLE
217,0.00938,0.20833,18045,1,0.000000,SAMPLE
218,0.00938,1.48438,17999,1,0.000000,SAMPLE
Setting PWM frequency to 5333.333496
ARRVal = 375
219,0.00938,6.51042,19491,1,0.000000,SAMPLE
220,0.00938,10.10417,21030,1,0.000000,SAMPLE
221,0.00938,11.69271,22570,1,0.000000,SAMPLE
222,0.00938,12.10938,24108,1,0.000000,SAMPLE
223,0.00938,12.47396,25647,1,0.000000,SAMPLE
224,0.00938,12.63021,27185,1,0.000000,SAMPLE
225,0.00938,12.65625,28724,1,0.000000,SAMPLE
226,0.00938,11.17188,30000,0,0.000000,SAMPLE
227,0.00938,4.47917,30000,0,0.000000,SAMPLE
228,0.00938,2.52604,30000,0,0.000000,SAMPLE
229,0.00938,1.77083,30000,0,0.000000,SAMPLE
Setting PWM frequency to 5333.333496
ARRVal = 375
230,0.00938,0.41667,29125,1,0.000000,SAMPLE
231,0.00938,0.28646,27586,1,0.000000,SAMPLE
232,0.00938,0.26042,26047,1,0.000000,SAMPLE
233,0.00938,0.23438,24508,1,0.000000,SAMPLE
234,0.00938,0.23438,22969,1,0.000000,SAMPLE
235,0.00938,0.23438,21431,1,0.000000,SAMPLE
236,0.00938,0.23438,19889,1,0.000000,SAMPLE
237,0.00938,0.20833,18350,1,0.000000,SAMPLE
238,0.00938,1.48438,17999,1,0.000000,SAMPLE
Setting PWM frequency to 5333.333496
ARRVal = 375
239,0.00938,5.57292,19187,1,0.000000,SAMPLE
240,0.00938,9.89583,20725,1,0.000000,SAMPLE
241,0.00938,11.43229,22264,1,0.000000,SAMPLE
242,0.00000,11.84896,23803,1,0.000000,SAMPLE
243,0.00938,12.00521,25342,1,0.000000,SAMPLE
244,0.00938,12.05729,26881,1,0.000000,SAMPLE
245,0.00938,12.10938,28419,1,0.000000,SAMPLE
246,0.00938,12.16146,29962,0,0.000000,SAMPLE
247,0.00938,4.81771,30000,0,0.000000,SAMPLE
248,0.00938,2.60417,30000,0,0.000000,SAMPLE
249,0.00938,1.77083,30000,0,0.000000,SAMPLE
SPEED,DEFAULT
#FILTER 5 CAPTURE, 36 TIMES, [2],[11,19,22]
PUMPC,SAM,3000,36,2,11/19/22
Setting PWM frequency to 10666.666992
ARRVal = 187
250,0.00938,-0.83333,28579,1,0.000000,SAMPLE
251,0.00938,-1.87500,25502,1,0.000000,SAMPLE
252,0.00938,-2.08333,22424,1,0.000000,SAMPLE
253,0.00938,-2.16146,19347,1,0.000000,SAMPLE
254,0.00938,1.56250,17990,1,0.000000,SAMPLE
Setting PWM frequency to 10666.666992
ARRVal = 187
255,0.00938,7.50000,19453,1,0.000000,SAMPLE
256,0.00938,21.40625,22548,1,0.000000,SAMPLE
257,0.00938,24.21875,25625,1,0.000000,SAMPLE
258,0.00938,24.79167,28703,1,0.000000,SAMPLE
259,0.00938,10.46875,30093,0,0.000000,SAMPLE
260,0.00938,4.11458,30093,0,0.000000,SAMPLE
261,0.00938,2.31771,30093,0,0.000000,SAMPLE
262,0.00938,1.64062,30093,0,0.000000,SAMPLE
Setting PWM frequency to 10666.666992
ARRVal = 187
263,0.00000,-1.40625,27629,1,0.000000,SAMPLE
264,0.00938,-1.95312,24552,1,0.000000,SAMPLE
265,0.00938,-2.10938,21475,1,0.000000,SAMPLE
266,0.00938,-2.18750,18387,1,0.000000,SAMPLE
267,0.00938,1.66667,17992,1,0.000000,SAMPLE
Setting PWM frequency to 10666.666992
ARRVal = 187
268,0.00938,12.63021,20357,1,0.000000,SAMPLE
269,0.00938,22.94271,23434,1,0.000000,SAMPLE
270,0.00938,24.76563,26511,1,0.000000,SAMPLE
271,0.00938,25.02604,29588,1,0.000000,SAMPLE
272,0.00938,7.34375,30000,0,0.000000,SAMPLE
273,0.00938,3.41146,30000,0,0.000000,SAMPLE
274,0.00938,2.10938,30000,0,0.000000,SAMPLE
275,0.00938,1.56250,30000,0,0.000000,SAMPLE
Setting PWM frequency to 10666.666992
ARRVal = 187
276,0.00938,-1.61458,27009,1,0.000000,SAMPLE
277,0.00938,-2.03125,23929,1,0.000000,SAMPLE
278,0.00938,-2.13542,20852,1,0.000000,SAMPLE
279,0.00938,-2.21354,17992,1,0.000000,SAMPLE
280,0.00938,1.66667,17992,1,0.000000,SAMPLE
Setting PWM frequency to 10666.666992
ARRVal = 187
281,0.00938,16.82292,20969,1,0.000000,SAMPLE
282,0.00938,25.07813,24046,1,0.000000,SAMPLE
283,0.00938,26.22396,27123,1,0.000000,SAMPLE
284,0.00938,26.51042,30000,0,0.000000,SAMPLE
285,0.00938,6.79688,30000,0,0.000000,SAMPLE
286,0.00938,3.59375,30000,0,0.000000,SAMPLE
287,0.00938,2.39583,30000,0,0.000000,SAMPLE
288,0.00938,1.82292,30000,0,0.000000,SAMPLE
Setting PWM frequency to 10666.666992
ARRVal = 187
289,0.00938,-1.09375,28240,1,0.000000,SAMPLE
290,0.00938,-1.90104,25163,1,0.000000,SAMPLE
291,0.00938,-2.10938,22086,1,0.000000,SAMPLE
292,0.00938,-2.18750,19009,1,0.000000,SAMPLE
293,0.00938,1.64062,17992,1,0.000000,SAMPLE
Setting PWM frequency to 10666.666992
ARRVal = 187
294,0.00938,9.92188,19746,1,0.000000,SAMPLE
295,0.00938,25.70313,22822,1,0.000000,SAMPLE
296,0.00938,27.68229,25908,1,0.000000,SAMPLE
297,0.00938,26.14584,28984,1,0.000000,SAMPLE
298,0.00938,8.88021,30000,0,0.000000,SAMPLE
299,0.00938,3.64583,30000,0,0.000000,SAMPLE
300,0.00938,2.13542,30000,0,0.000000,SAMPLE
301,0.00938,1.56250,30000,0,0.000000,SAMPLE
Setting PWM frequency to 10666.666992
ARRVal = 187
302,0.00938,-1.61458,27017,1,0.000000,SAMPLE
303,0.00938,-2.03125,23940,1,0.000000,SAMPLE
304,0.00938,-2.16146,20862,1,0.000000,SAMPLE
305,0.00938,-2.21354,17992,1,0.000000,SAMPLE
306,0.00938,1.66667,17992,1,0.000000,SAMPLE
Setting PWM frequency to 10666.666992
ARRVal = 187
307,0.00938,17.18750,20969,1,0.000000,SAMPLE
308,0.00000,24.06250,24046,1,0.000000,SAMPLE
309,0.00938,25.28646,27123,1,0.000000,SAMPLE
310,0.00938,25.52083,30000,0,0.000000,SAMPLE
311,0.00938,5.80729,30000,0,0.000000,SAMPLE
312,0.00938,2.83854,30000,0,0.000000,SAMPLE
313,0.00938,1.82292,30000,0,0.000000,SAMPLE
Setting PWM frequency to 10666.666992
ARRVal = 187
314,0.00938,-0.59896,28852,1,0.000000,SAMPLE
315,0.00938,-1.84896,25775,1,0.000000,SAMPLE
316,0.00938,-2.08333,22690,1,0.000000,SAMPLE
317,0.00938,-2.18750,19613,1,0.000000,SAMPLE
318,0.00938,1.30208,17992,1,0.000000,SAMPLE
Setting PWM frequency to 10666.666992
ARRVal = 187
319,0.00938,6.09375,19134,1,0.000000,SAMPLE
320,0.00938,21.82292,22211,1,0.000000,SAMPLE
321,0.00938,25.05209,25288,1,0.000000,SAMPLE
322,0.00938,25.57292,28368,1,0.000000,SAMPLE
323,0.00938,11.51042,30000,0,0.000000,SAMPLE
324,0.00938,4.19271,30000,0,0.000000,SAMPLE
325,0.00938,2.34375,30000,0,0.000000,SAMPLE
326,0.00938,1.64062,30000,0,0.000000,SAMPLE
Setting PWM frequency to 10666.666992
ARRVal = 187
327,0.00938,-1.40625,27629,1,0.000000,SAMPLE
328,0.00938,-1.97917,24552,1,0.000000,SAMPLE
329,0.00938,-2.13542,21475,1,0.000000,SAMPLE
330,0.00938,-2.21354,18397,1,0.000000,SAMPLE
331,0.00938,1.66667,17992,1,0.000000,SAMPLE
Setting PWM frequency to 10666.666992
ARRVal = 187
332,0.00938,13.98438,20357,1,0.000000,SAMPLE
333,0.00938,24.03646,23437,1,0.000000,SAMPLE
334,0.00938,25.54688,26514,1,0.000000,SAMPLE
335,0.00938,25.78125,29591,1,0.000000,SAMPLE
336,0.00938,7.16146,30000,0,0.000000,SAMPLE
337,0.00938,3.25521,30000,0,0.000000,SAMPLE
338,0.00938,2.00521,30000,0,0.000000,SAMPLE
Setting PWM frequency to 10666.666992
ARRVal = 187
339,0.00938,1.51042,29769,1,0.000000,SAMPLE
340,0.00938,-1.66667,26693,1,0.000000,SAMPLE
341,0.00938,-2.05729,23615,1,0.000000,SAMPLE
342,0.00938,-2.16146,20539,1,0.000000,SAMPLE
343,0.00938,-1.14583,17992,1,0.000000,SAMPLE
Setting PWM frequency to 10666.666992
ARRVal = 187
344,0.00938,1.69271,18216,1,0.000000,SAMPLE
345,0.00938,19.08854,21293,1,0.000000,SAMPLE
346,0.00938,24.89583,24378,1,0.000000,SAMPLE
347,0.00938,25.98958,27455,1,0.000000,SAMPLE
348,0.00938,20.44271,30000,0,0.000000,SAMPLE
349,0.00938,5.44271,30000,0,0.000000,SAMPLE
350,0.00000,2.78646,30000,0,0.000000,SAMPLE
351,0.00938,1.84896,30000,0,0.000000,SAMPLE
Setting PWM frequency to 10666.666992
ARRVal = 187
352,0.00938,-0.57292,28852,1,0.000000,SAMPLE
353,0.00938,-1.84896,25775,1,0.000000,SAMPLE
354,0.00938,-2.05729,22698,1,0.000000,SAMPLE
355,0.00938,-2.18750,19621,1,0.000000,SAMPLE
356,0.00938,1.30208,17992,1,0.000000,SAMPLE
Setting PWM frequency to 10666.666992
ARRVal = 187
357,0.00938,6.19792,19134,1,0.000000,SAMPLE
358,0.00938,22.47396,22211,1,0.000000,SAMPLE
359,0.00938,25.72917,25288,1,0.000000,SAMPLE
360,0.00938,26.19792,28365,1,0.000000,SAMPLE
361,0.00938,11.69271,30000,0,0.000000,SAMPLE
362,0.00938,4.29688,30000,0,0.000000,SAMPLE
363,0.00938,2.39583,30000,0,0.000000,SAMPLE
364,0.00938,1.69271,30000,0,0.000000,SAMPLE
Setting PWM frequency to 10666.666992
ARRVal = 187
365,0.00938,-1.27604,27934,1,0.000000,SAMPLE
366,0.00938,-1.95312,24849,1,0.000000,SAMPLE
367,0.00938,-2.10938,21769,1,0.000000,SAMPLE
368,0.00938,-2.18750,18692,1,0.000000,SAMPLE
369,0.00938,1.69271,17992,1,0.000000,SAMPLE
Setting PWM frequency to 10666.666992
ARRVal = 187
370,0.00938,12.26563,20051,1,0.000000,SAMPLE
371,0.00938,24.32292,23128,1,0.000000,SAMPLE
372,0.00938,26.06771,26205,1,0.000000,SAMPLE
373,0.00938,26.40625,29283,1,0.000000,SAMPLE
374,0.00938,8.07292,30000,0,0.000000,SAMPLE
375,0.00938,3.54167,30000,0,0.000000,SAMPLE
376,0.00938,2.16146,30000,0,0.000000,SAMPLE
377,0.00938,1.58854,30000,0,0.000000,SAMPLE
Setting PWM frequency to 10666.666992
ARRVal = 187
378,0.00938,-1.61458,27017,1,0.000000,SAMPLE
379,0.00938,-2.03125,23940,1,0.000000,SAMPLE
380,0.00938,-2.13542,20863,1,0.000000,SAMPLE
381,0.00938,-2.21354,17992,1,0.000000,SAMPLE
382,0.00938,1.69271,17992,1,0.000000,SAMPLE
Setting PWM frequency to 10666.666992
ARRVal = 187
383,0.00938,17.96875,20969,1,0.000000,SAMPLE
384,0.00938,25.46875,24046,1,0.000000,SAMPLE
385,0.00938,26.40625,27123,1,0.000000,SAMPLE
386,0.00938,26.64062,30000,0,0.000000,SAMPLE
387,0.00938,6.04167,30000,0,0.000000,SAMPLE
388,0.00938,3.02083,30000,0,0.000000,SAMPLE
389,0.00938,1.95312,30000,0,0.000000,SAMPLE
Setting PWM frequency to 10666.666992
ARRVal = 187
390,0.00938,0.52083,29464,1,0.000000,SAMPLE
391,0.00938,-1.74479,26386,1,0.000000,SAMPLE
392,0.00938,-2.05729,23309,1,0.000000,SAMPLE
393,0.00938,-2.16146,20232,1,0.000000,SAMPLE
394,0.00938,-0.15625,17992,1,0.000000,SAMPLE
Setting PWM frequency to 10666.666992
ARRVal = 187
395,0.00938,2.76042,18522,1,0.000000,SAMPLE
396,0.00938,21.01563,21607,1,0.000000,SAMPLE
397,0.00938,26.04167,24684,1,0.000000,SAMPLE
398,0.00938,26.69271,27761,1,0.000000,SAMPLE
399,0.00938,16.61458,30000,0,0.000000,SAMPLE
400,0.00938,5.10417,30000,0,0.000000,SAMPLE
401,0.00938,2.70833,30000,0,0.000000,SAMPLE
402,0.00938,1.82292,30000,0,0.000000,SAMPLE
Setting PWM frequency to 10666.666992
ARRVal = 187
403,0.00938,-0.57292,28852,1,0.000000,SAMPLE
404,0.00938,-1.84896,25775,1,0.000000,SAMPLE
405,0.00938,-2.10938,22698,1,0.000000,SAMPLE
406,0.00938,-2.18750,19613,1,0.000000,SAMPLE
407,0.00938,1.30208,17992,1,0.000000,SAMPLE
Setting PWM frequency to 10666.666992
ARRVal = 187
408,0.00938,6.22396,19134,1,0.000000,SAMPLE
409,0.00938,23.12500,22211,1,0.000000,SAMPLE
410,0.00938,26.51042,25288,1,0.000000,SAMPLE
411,0.00938,27.00521,28365,1,0.000000,SAMPLE
412,0.00938,12.03125,30000,0,0.000000,SAMPLE
413,0.00938,4.45312,30000,0,0.000000,SAMPLE
414,0.00938,2.52604,30000,0,0.000000,SAMPLE
415,0.00938,1.77083,30000,0,0.000000,SAMPLE
Setting PWM frequency to 10666.666992
ARRVal = 187
416,0.00938,-1.11979,28232,1,0.000000,SAMPLE
417,0.00938,-1.92708,25155,1,0.000000,SAMPLE
418,0.00938,-2.13542,22078,1,0.000000,SAMPLE
419,0.00938,-2.21354,19001,1,0.000000,SAMPLE
420,0.00938,1.66667,17992,1,0.000000,SAMPLE
Setting PWM frequency to 10666.666992
ARRVal = 187
421,0.00938,10.36458,19746,1,0.000000,SAMPLE
422,0.00938,24.66146,22822,1,0.000000,SAMPLE
423,0.00938,26.92708,25902,1,0.000000,SAMPLE
424,0.00938,27.26562,28979,1,0.000000,SAMPLE
425,0.00938,9.32292,30000,0,0.000000,SAMPLE
426,0.00938,3.90625,30000,0,0.000000,SAMPLE
427,0.00938,2.31771,30000,0,0.000000,SAMPLE
428,0.00938,1.69271,30000,0,0.000000,SAMPLE
Setting PWM frequency to 10666.666992
ARRVal = 187
429,0.00938,-1.27604,27934,1,0.000000,SAMPLE
430,0.00938,-1.97917,24857,1,0.000000,SAMPLE
431,0.00938,-2.13542,21780,1,0.000000,SAMPLE
432,0.00938,-2.21354,18703,1,0.000000,SAMPLE
433,0.00938,1.66667,17992,1,0.000000,SAMPLE
Setting PWM frequency to 10666.666992
ARRVal = 187
434,0.00938,12.57812,20051,1,0.000000,SAMPLE
435,0.00938,25.36459,23128,1,0.000000,SAMPLE
436,0.00938,27.18750,26213,1,0.000000,SAMPLE
437,0.00938,27.55209,29290,1,0.000000,SAMPLE
438,0.00938,8.38542,30000,0,0.000000,SAMPLE
439,0.00938,3.72396,30000,0,0.000000,SAMPLE
440,0.00938,2.26563,30000,0,0.000000,SAMPLE
441,0.00938,1.66667,30000,0,0.000000,SAMPLE
Setting PWM frequency to 10666.666992
ARRVal = 187
442,0.00938,-1.43229,27629,1,0.000000,SAMPLE
443,0.00938,-2.00521,24552,1,0.000000,SAMPLE
444,0.00938,-2.16146,21475,1,0.000000,SAMPLE
445,0.00938,-2.23958,18395,1,0.000000,SAMPLE
446,0.00938,1.66667,17992,1,0.000000,SAMPLE
Setting PWM frequency to 10666.666992
ARRVal = 187
447,0.00938,14.71354,20357,1,0.000000,SAMPLE
448,0.00938,26.01563,23434,1,0.000000,SAMPLE
449,0.00938,27.50000,26511,1,0.000000,SAMPLE
450,0.00938,27.81250,29588,1,0.000000,SAMPLE
451,0.00938,7.63021,30000,0,0.000000,SAMPLE
452,0.00938,3.54167,30000,0,0.000000,SAMPLE
453,0.00938,2.21354,30000,0,0.000000,SAMPLE
454,0.00938,1.64062,30000,0,0.000000,SAMPLE
Setting PWM frequency to 10666.666992
ARRVal = 187
455,0.00938,-1.53646,27323,1,0.000000,SAMPLE
456,0.00938,-2.03125,24237,1,0.000000,SAMPLE
457,0.00938,-2.16146,21158,1,0.000000,SAMPLE
458,0.00000,-2.23958,18081,1,0.000000,SAMPLE
459,0.00938,1.66667,17992,1,0.000000,SAMPLE
Setting PWM frequency to 10666.666992
ARRVal = 187
460,0.00938,16.87500,20663,1,0.000000,SAMPLE
461,0.00938,26.56250,23740,1,0.000000,SAMPLE
462,0.00938,27.76042,26817,1,0.000000,SAMPLE
463,0.00938,28.07292,29894,0,0.000000,SAMPLE
464,0.00938,6.97917,30000,0,0.000000,SAMPLE
465,0.00938,3.38542,30000,0,0.000000,SAMPLE
466,0.00938,2.16146,30000,0,0.000000,SAMPLE
467,0.00938,1.61458,30000,0,0.000000,SAMPLE
Setting PWM frequency to 10666.666992
ARRVal = 187
468,0.00938,-1.56250,27323,1,0.000000,SAMPLE
469,0.00938,-2.03125,24246,1,0.000000,SAMPLE
470,0.00938,-2.18750,21168,1,0.000000,SAMPLE
471,0.00938,-2.26563,18092,1,0.000000,SAMPLE
472,0.00938,1.66667,17992,1,0.000000,SAMPLE
Setting PWM frequency to 10666.666992
ARRVal = 187
473,0.00938,16.97917,20663,1,0.000000,SAMPLE
474,0.00938,26.79688,23740,1,0.000000,SAMPLE
475,0.00938,28.02084,26817,1,0.000000,SAMPLE
476,0.00938,28.30729,29902,0,0.000000,SAMPLE
477,0.00938,7.03125,30000,0,0.000000,SAMPLE
478,0.00938,3.41146,30000,0,0.000000,SAMPLE
479,0.00938,2.18750,30000,0,0.000000,SAMPLE
480,0.00938,1.61458,30000,0,0.000000,SAMPLE
Setting PWM frequency to 10666.666992
ARRVal = 187
481,0.00938,-1.56250,27323,1,0.000000,SAMPLE
482,0.00938,-2.05729,24246,1,0.000000,SAMPLE
483,0.00938,-2.18750,21168,1,0.000000,SAMPLE
484,0.00938,-2.26563,18092,1,0.000000,SAMPLE
485,0.00938,1.66667,17992,1,0.000000,SAMPLE
Setting PWM frequency to 10666.666992
ARRVal = 187
486,0.00938,17.08333,20671,1,0.000000,SAMPLE
487,0.00938,27.05729,23748,1,0.000000,SAMPLE
488,0.00938,28.28125,26825,1,0.000000,SAMPLE
489,0.00938,28.56771,29902,0,0.000000,SAMPLE
490,0.00938,7.10938,30002,0,0.000000,SAMPLE
491,0.00938,3.43750,30002,0,0.000000,SAMPLE
492,0.00938,2.18750,30002,0,0.000000,SAMPLE
493,0.00938,1.64062,30002,0,0.000000,SAMPLE
Setting PWM frequency to 10666.666992
ARRVal = 187
494,0.00938,-1.56250,27321,1,0.000000,SAMPLE
495,0.00938,-2.05729,24244,1,0.000000,SAMPLE
496,0.00938,-2.21354,21159,1,0.000000,SAMPLE
497,0.00000,-2.26563,18082,1,0.000000,SAMPLE
498,0.00938,1.66667,17992,1,0.000000,SAMPLE
Setting PWM frequency to 10666.666992
ARRVal = 187
499,0.00938,17.29167,20677,1,0.000000,SAMPLE
500,0.00938,27.26562,23754,1,0.000000,SAMPLE
501,0.00938,28.51562,26834,1,0.000000,SAMPLE
502,0.00938,28.80209,29911,0,0.000000,SAMPLE
503,0.00938,7.10938,29998,0,0.000000,SAMPLE
504,0.00938,3.46354,29998,0,0.000000,SAMPLE
505,0.00938,2.21354,29998,0,0.000000,SAMPLE
506,0.00938,1.64062,29998,0,0.000000,SAMPLE
Setting PWM frequency to 10666.666992
ARRVal = 187
507,0.00938,-1.56250,27323,1,0.000000,SAMPLE
508,0.00938,-2.05729,24246,1,0.000000,SAMPLE
509,0.00938,-2.21354,21168,1,0.000000,SAMPLE
510,0.00938,-2.29167,18092,1,0.000000,SAMPLE
511,0.00000,1.66667,17992,1,0.000000,SAMPLE
Setting PWM frequency to 10666.666992
ARRVal = 187
512,0.00938,17.29167,20663,1,0.000000,SAMPLE
513,0.00938,27.47396,23743,1,0.000000,SAMPLE
514,0.00938,28.75000,26820,1,0.000000,SAMPLE
515,0.00938,29.03646,29897,0,0.000000,SAMPLE
516,0.00938,7.21354,30000,0,0.000000,SAMPLE
517,0.00938,3.51562,30000,0,0.000000,SAMPLE
518,0.00938,2.23958,30000,0,0.000000,SAMPLE
519,0.00938,1.66667,30000,0,0.000000,SAMPLE
Setting PWM frequency to 10666.666992
ARRVal = 187
520,0.00938,-1.45833,27629,1,0.000000,SAMPLE
521,0.00938,-2.03125,24552,1,0.000000,SAMPLE
522,0.00938,-2.18750,21474,1,0.000000,SAMPLE
523,0.00938,-2.26563,18397,1,0.000000,SAMPLE
524,0.00938,1.64062,17992,1,0.000000,SAMPLE
Setting PWM frequency to 10666.666992
ARRVal = 187
525,0.00938,15.23438,20357,1,0.000000,SAMPLE
526,0.00938,27.42188,23442,1,0.000000,SAMPLE
527,0.00938,28.95834,26519,1,0.000000,SAMPLE
528,0.00938,29.29688,29596,1,0.000000,SAMPLE
529,0.00938,8.02083,30000,0,0.000000,SAMPLE
530,0.00938,3.77604,30000,0,0.000000,SAMPLE
531,0.00938,2.34375,30000,0,0.000000,SAMPLE
532,0.00938,1.71875,30000,0,0.000000,SAMPLE
Setting PWM frequency to 10666.666992
ARRVal = 187
533,0.00938,-1.32813,27935,1,0.000000,SAMPLE
534,0.00938,-2.03125,24858,1,0.000000,SAMPLE
535,0.00938,-2.21354,21778,1,0.000000,SAMPLE
536,0.00938,-2.26563,18693,1,0.000000,SAMPLE
537,0.00938,1.64062,17992,1,0.000000,SAMPLE
Setting PWM frequency to 10666.666992
ARRVal = 187
538,0.00938,13.04688,20051,1,0.000000,SAMPLE
539,0.00938,27.26562,23128,1,0.000000,SAMPLE
540,0.00938,29.19271,26205,1,0.000000,SAMPLE
541,0.00938,29.58333,29283,1,0.000000,SAMPLE
542,0.00938,9.01042,30000,0,0.000000,SAMPLE
543,0.00938,4.03646,30000,0,0.000000,SAMPLE
544,0.00938,2.47396,30000,0,0.000000,SAMPLE
545,0.00938,1.77083,30000,0,0.000000,SAMPLE
Setting PWM frequency to 10666.666992
ARRVal = 187
546,0.00938,-1.17188,28232,1,0.000000,SAMPLE
547,0.00938,-2.03125,25155,1,0.000000,SAMPLE
548,0.00938,-2.21354,22078,1,0.000000,SAMPLE
549,0.00938,-2.29167,19001,1,0.000000,SAMPLE
550,0.00938,1.61458,17992,1,0.000000,SAMPLE
Setting PWM frequency to 10666.666992
ARRVal = 187
551,0.00938,10.78125,19746,1,0.000000,SAMPLE
552,0.00938,27.03125,22822,1,0.000000,SAMPLE
553,0.00938,29.45312,25900,1,0.000000,SAMPLE
554,0.00938,29.89583,28977,1,0.000000,SAMPLE
Pressure Threshold Reached
555,0.00938,9.03646,29671,1,0.000000,SAMPLE
556,0.00938,4.08854,29671,1,0.000000,SAMPLE
557,0.00938,2.47396,29671,1,0.000000,SAMPLE
558,0.00938,1.79688,29671,1,0.000000,SAMPLE
Setting PWM frequency to 8533.333008
ARRVal = 234
Reduced pump speed to 16000
559,0.00938,2.44792,29960,0,0.000000,SAMPLE
560,0.00938,1.77083,29960,0,0.000000,SAMPLE
Setting PWM frequency to 8533.333008
ARRVal = 234
561,0.00938,-0.46875,28588,1,0.000000,SAMPLE
562,0.00938,-0.91146,26126,1,0.000000,SAMPLE
563,0.00938,-1.01562,23664,1,0.000000,SAMPLE
564,0.00938,-1.06771,21203,1,0.000000,SAMPLE
565,0.00938,-1.09375,18741,1,0.000000,SAMPLE
566,0.00938,1.61458,17994,1,0.000000,SAMPLE
Setting PWM frequency to 8533.333008
ARRVal = 234
567,0.00938,10.15625,19697,1,0.000000,SAMPLE
568,0.00938,21.11979,22159,1,0.000000,SAMPLE
569,0.00938,23.35938,24623,1,0.000000,SAMPLE
570,0.00938,23.80209,27084,1,0.000000,SAMPLE
571,0.00938,23.98438,29546,1,0.000000,SAMPLE
572,0.00938,7.94271,29971,0,0.000000,SAMPLE
573,0.00938,3.82812,29971,0,0.000000,SAMPLE
574,0.00938,2.39583,29971,0,0.000000,SAMPLE
575,0.00938,1.77083,29971,0,0.000000,SAMPLE
Setting PWM frequency to 8533.333008
ARRVal = 234
576,0.00938,-0.49479,28551,1,0.000000,SAMPLE
577,0.00938,-0.93750,26089,1,0.000000,SAMPLE
578,0.00938,-1.04167,23627,1,0.000000,SAMPLE
579,0.00938,-1.06771,21165,1,0.000000,SAMPLE
580,0.00938,-1.09375,18702,1,0.000000,SAMPLE
581,0.00938,1.61458,17996,1,0.000000,SAMPLE
Setting PWM frequency to 8533.333008
ARRVal = 234
582,0.00938,10.54688,19749,1,0.000000,SAMPLE
583,0.00938,21.51042,22210,1,0.000000,SAMPLE
584,0.00938,23.69792,24672,1,0.000000,SAMPLE
585,0.00938,24.11459,27134,1,0.000000,SAMPLE
586,0.00938,24.32292,29602,1,0.000000,SAMPLE
587,0.00938,8.02083,30013,0,0.000000,SAMPLE
588,0.00938,3.90625,30013,0,0.000000,SAMPLE
589,0.00938,2.44792,30013,0,0.000000,SAMPLE
590,0.00938,1.79688,30013,0,0.000000,SAMPLE
Setting PWM frequency to 8533.333008
ARRVal = 234
591,0.00938,-0.33854,28832,1,0.000000,SAMPLE
592,0.00938,-0.93750,26371,1,0.000000,SAMPLE
593,0.00938,-1.04167,23909,1,0.000000,SAMPLE
594,0.00938,-1.06771,21447,1,0.000000,SAMPLE
595,0.00938,-1.09375,18986,1,0.000000,SAMPLE
596,0.00938,1.61458,17994,1,0.000000,SAMPLE
Setting PWM frequency to 8533.333008
ARRVal = 234
597,0.00938,8.64583,19453,1,0.000000,SAMPLE
598,0.00938,21.14584,21914,1,0.000000,SAMPLE
599,0.00938,23.93229,24376,1,0.000000,SAMPLE
600,0.00938,24.45313,26838,1,0.000000,SAMPLE
601,0.00938,24.68750,29299,1,0.000000,SAMPLE
602,0.00938,9.14062,29987,0,0.000000,SAMPLE
603,0.00938,4.24479,29987,0,0.000000,SAMPLE
604,0.00938,2.60417,29987,0,0.000000,SAMPLE
605,0.00938,1.87500,29987,0,0.000000,SAMPLE
Setting PWM frequency to 8533.333008
ARRVal = 234
606,0.00938,-0.13021,29067,1,0.000000,SAMPLE
607,0.00938,-0.93750,26605,1,0.000000,SAMPLE
608,0.00938,-1.04167,24144,1,0.000000,SAMPLE
609,0.00938,-1.09375,21682,1,0.000000,SAMPLE
610,0.00938,-1.11979,19221,1,0.000000,SAMPLE
611,0.00938,1.56250,17996,1,0.000000,SAMPLE
Setting PWM frequency to 8533.333008
ARRVal = 234
612,0.00938,7.21354,19229,1,0.000000,SAMPLE
613,0.00938,20.83333,21691,1,0.000000,SAMPLE
614,0.00938,24.16667,24155,1,0.000000,SAMPLE
615,0.00938,24.73959,26617,1,0.000000,SAMPLE
616,0.00938,24.97396,29085,1,0.000000,SAMPLE
617,0.00938,10.20833,30000,0,0.000000,SAMPLE
618,0.00938,4.53125,30000,0,0.000000,SAMPLE
619,0.00938,2.76042,30000,0,0.000000,SAMPLE
620,0.00938,1.97917,30000,0,0.000000,SAMPLE
Setting PWM frequency to 8533.333008
ARRVal = 234
621,0.00938,0.70312,29563,1,0.000000,SAMPLE
622,0.00938,-0.88542,27102,1,0.000000,SAMPLE
623,0.00938,-1.04167,24640,1,0.000000,SAMPLE
624,0.00000,-1.06771,22178,1,0.000000,SAMPLE
625,0.00938,-1.11979,19715,1,0.000000,SAMPLE
626,0.00938,0.85938,17996,1,0.000000,SAMPLE
Setting PWM frequency to 8533.333008
ARRVal = 234
627,0.00938,4.06250,18736,1,0.000000,SAMPLE
628,0.00938,19.27083,21198,1,0.000000,SAMPLE
629,0.00938,24.21875,23659,1,0.000000,SAMPLE
630,0.00938,25.00000,26121,1,0.000000,SAMPLE
631,0.00938,25.26042,28583,1,0.000000,SAMPLE
632,0.00938,13.33333,30000,0,0.000000,SAMPLE
633,0.00938,5.26042,30000,0,0.000000,SAMPLE
634,0.00938,3.07292,30000,0,0.000000,SAMPLE
635,0.00938,2.13542,30000,0,0.000000,SAMPLE
636,0.00938,1.66667,30000,0,0.000000,SAMPLE
Setting PWM frequency to 8533.333008
ARRVal = 234
637,0.00938,-0.80729,27606,1,0.000000,SAMPLE
638,0.00938,-1.01562,25144,1,0.000000,SAMPLE
639,0.00938,-1.06771,22682,1,0.000000,SAMPLE
640,0.00938,-1.11979,20220,1,0.000000,SAMPLE
641,0.00938,-1.14583,17996,1,0.000000,SAMPLE
Setting PWM frequency to 8533.333008
ARRVal = 234
642,0.00938,1.53646,18182,1,0.000000,SAMPLE
643,0.00000,16.66667,20643,1,0.000000,SAMPLE
644,0.00938,24.08854,23105,1,0.000000,SAMPLE
645,0.00938,25.26042,25566,1,0.000000,SAMPLE
646,0.00938,25.57292,28035,1,0.000000,SAMPLE
647,0.00938,19.53125,30000,0,0.000000,SAMPLE
648,0.00938,6.25000,30000,0,0.000000,SAMPLE
649,0.00938,3.46354,30000,0,0.000000,SAMPLE
650,0.00938,2.31771,30000,0,0.000000,SAMPLE
651,0.00938,1.77083,30000,0,0.000000,SAMPLE
Setting PWM frequency to 8533.333008
ARRVal = 234
652,0.00000,-0.62500,28340,1,0.000000,SAMPLE
653,0.00938,-0.98958,25878,1,0.000000,SAMPLE
654,0.00938,-1.06771,23416,1,0.000000,SAMPLE
655,0.00938,-1.11979,20954,1,0.000000,SAMPLE
656,0.00938,-1.14583,18486,1,0.000000,SAMPLE
657,0.00938,1.58854,17996,1,0.000000,SAMPLE
Setting PWM frequency to 8533.333008
ARRVal = 234
658,0.00938,12.42188,19963,1,0.000000,SAMPLE
659,0.00938,23.48959,22427,1,0.000000,SAMPLE
660,0.00938,25.44271,24889,1,0.000000,SAMPLE
661,0.00938,25.85938,27350,1,0.000000,SAMPLE
662,0.00938,26.09375,29812,1,0.000000,SAMPLE
663,0.00938,7.94271,30000,0,0.000000,SAMPLE
664,0.00938,4.06250,30000,0,0.000000,SAMPLE
665,0.00938,2.60417,30000,0,0.000000,SAMPLE
666,0.00938,1.92708,30000,0,0.000000,SAMPLE
Setting PWM frequency to 8533.333008
ARRVal = 234
667,0.00938,0.18229,29318,1,0.000000,SAMPLE
668,0.00938,-0.93750,26857,1,0.000000,SAMPLE
669,0.00938,-1.04167,24395,1,0.000000,SAMPLE
670,0.00938,-1.09375,21931,1,0.000000,SAMPLE
671,0.00938,-1.14583,19469,1,0.000000,SAMPLE
672,0.00938,1.32813,17995,1,0.000000,SAMPLE
Setting PWM frequency to 8533.333008
ARRVal = 234
673,0.00938,5.62500,18981,1,0.000000,SAMPLE
674,0.00938,20.98959,21442,1,0.000000,SAMPLE
675,0.00938,25.39062,23904,1,0.000000,SAMPLE
676,0.00938,26.09375,26372,1,0.000000,SAMPLE
677,0.00938,26.35417,28834,1,0.000000,SAMPLE
678,0.00938,12.16146,30000,0,0.000000,SAMPLE
679,0.00938,5.18229,30000,0,0.000000,SAMPLE
680,0.00938,3.12500,30000,0,0.000000,SAMPLE
681,0.00938,2.16146,30000,0,0.000000,SAMPLE
682,0.00938,1.69271,30000,0,0.000000,SAMPLE
Setting PWM frequency to 8533.333008
ARRVal = 234
683,0.00938,-0.78125,27851,1,0.000000,SAMPLE
684,0.00938,-1.01562,25389,1,0.000000,SAMPLE
685,0.00938,-1.09375,22927,1,0.000000,SAMPLE
686,0.00938,-1.11979,20448,1,0.000000,SAMPLE
687,0.00938,-1.17188,17994,1,0.000000,SAMPLE
Setting PWM frequency to 8533.333008
ARRVal = 234
688,0.00938,1.58854,17998,1,0.000000,SAMPLE
689,0.00938,16.04167,20463,1,0.000000,SAMPLE
690,0.00938,24.89583,22925,1,0.000000,SAMPLE
691,0.00938,26.27604,25387,1,0.000000,SAMPLE
692,0.00938,26.64062,27850,1,0.000000,SAMPLE
693,0.00938,24.16667,30000,0,0.000000,SAMPLE
694,0.00938,6.92708,30000,0,0.000000,SAMPLE
695,0.00938,3.80208,30000,0,0.000000,SAMPLE
696,0.00938,2.52604,30000,0,0.000000,SAMPLE
697,0.00938,1.90104,30000,0,0.000000,SAMPLE
Setting PWM frequency to 8533.333008
ARRVal = 234
698,0.00938,-0.15625,29074,1,0.000000,SAMPLE
699,0.00938,-0.96354,26612,1,0.000000,SAMPLE
700,0.00938,-1.06771,24150,1,0.000000,SAMPLE
701,0.00938,-1.11979,21688,1,0.000000,SAMPLE
702,0.00938,-1.14583,19227,1,0.000000,SAMPLE
703,0.00938,1.51042,17996,1,0.000000,SAMPLE
Setting PWM frequency to 8533.333008
ARRVal = 234
704,0.00938,7.31771,19225,1,0.000000,SAMPLE
705,0.00938,22.50000,21687,1,0.000000,SAMPLE
706,0.00938,26.27604,24155,1,0.000000,SAMPLE
707,0.00938,26.87500,26617,1,0.000000,SAMPLE
708,0.00938,27.18750,29078,1,0.000000,SAMPLE
709,0.00938,11.14583,30000,0,0.000000,SAMPLE
710,0.00938,5.05208,30000,0,0.000000,SAMPLE
711,0.00938,3.09896,30000,0,0.000000,SAMPLE
712,0.00938,2.18750,30000,0,0.000000,SAMPLE
713,0.00938,1.71875,30000,0,0.000000,SAMPLE
Setting PWM frequency to 8533.333008
ARRVal = 234
714,0.00000,-0.72917,28095,1,0.000000,SAMPLE
715,0.00938,-1.04167,25631,1,0.000000,SAMPLE
716,0.00938,-1.09375,23163,1,0.000000,SAMPLE
717,0.00938,-1.14583,20702,1,0.000000,SAMPLE
718,0.00938,-1.17188,18240,1,0.000000,SAMPLE
719,0.00938,1.58854,17996,1,0.000000,SAMPLE
Setting PWM frequency to 8533.333008
ARRVal = 234
720,0.00938,14.58333,20210,1,0.000000,SAMPLE
721,0.00938,25.26042,22672,1,0.000000,SAMPLE
722,0.00938,27.00521,25134,1,0.000000,SAMPLE
723,0.00938,27.42188,27595,1,0.000000,SAMPLE
724,0.00938,27.68229,30015,0,0.000000,SAMPLE
725,0.00938,7.81250,30015,0,0.000000,SAMPLE
726,0.00938,4.16667,30015,0,0.000000,SAMPLE
727,0.00938,2.70833,30015,0,0.000000,SAMPLE
728,0.00938,2.00521,30015,0,0.000000,SAMPLE
Setting PWM frequency to 8533.333008
ARRVal = 234
729,0.00938,0.70312,29564,1,0.000000,SAMPLE
730,0.00938,-0.93750,27103,1,0.000000,SAMPLE
731,0.00938,-1.06771,24641,1,0.000000,SAMPLE
732,0.00938,-1.11979,22179,1,0.000000,SAMPLE
733,0.00938,-1.14583,19718,1,0.000000,SAMPLE
734,0.00938,0.80729,17996,1,0.000000,SAMPLE
Setting PWM frequency to 8533.333008
ARRVal = 234
735,0.00938,4.08854,18735,1,0.000000,SAMPLE
736,0.00938,20.93750,21201,1,0.000000,SAMPLE
737,0.00938,26.71875,23664,1,0.000000,SAMPLE
738,0.00938,27.57812,26126,1,0.000000,SAMPLE
739,0.00938,27.89063,28588,1,0.000000,SAMPLE
740,0.00938,14.53125,29986,0,0.000000,SAMPLE
741,0.00938,5.88542,29986,0,0.000000,SAMPLE
742,0.00938,3.48958,29986,0,0.000000,SAMPLE
743,0.00938,2.42188,29986,0,0.000000,SAMPLE
744,0.00938,1.87500,29986,0,0.000000,SAMPLE
VALVE_SET,2
PUMP,DRW,SAM,2000
Setting PWM frequency to 8533.333008
ARRVal = 234
745,0.00938,-0.36458,28852,1,0.000000,SAMPLE
746,0.00938,-1.01562,26376,1,0.000000,SAMPLE
747,0.00938,-1.09375,23914,1,0.000000,SAMPLE
748,0.00938,0.26042,21996,1,0.000000,SAMPLE
VALVE_SET,11,19,22
PUMP,INJ,SAM,2000
Setting PWM frequency to 8533.333008
ARRVal = 234
749,0.00938,2.99479,22525,1,0.000000,SAMPLE
750,0.00938,20.13021,24987,1,0.000000,SAMPLE
751,0.00938,27.03125,27449,1,0.000000,SAMPLE
752,0.00938,28.04688,29910,0,0.000000,SAMPLE
753,0.00938,8.41146,30033,0,0.000000,SAMPLE
754,0.00938,4.40104,30033,0,0.000000,SAMPLE
755,0.00938,2.86458,30033,0,0.000000,SAMPLE
756,0.00938,2.10938,30033,0,0.000000,SAMPLE
757,0.00938,1.66667,30033,0,0.000000,SAMPLE
PROTOCOL,SAMPLE,STOP,5
PAUSE,2
758,0.00000,1.43229,30033,0,0.000000,NA
759,0.00938,1.30208,30033,0,0.000000,NA
VALVE_SET,0
Parsing script: f5_rna.txt
VALVE_SET,2
PAUSE,2
760,0.00938,1.58854,30033,0,0.000000,NA
761,0.00938,1.58854,30033,0,0.000000,NA
HOME
VALVE_SET,0
PAUSE,2
762,0.00938,1.61458,30033,0,0.000000,NA
763,0.00938,1.58854,30033,0,0.000000,NA
#FILTER 5 ADD PRESERVATIVE ###########
PROTOCOL,PRESERVE,START,5
PUMPC,RNA,3000,2,4,11/19/9
Setting PWM frequency to 8533.333008
ARRVal = 234
764,0.00938,-4.50521,27722,1,0.000000,PRESERVE
765,0.00938,-7.08333,25260,1,0.000000,PRESERVE
766,0.00938,-8.54167,22773,1,0.000000,PRESERVE
767,0.00938,-9.53125,20311,1,0.000000,PRESERVE
768,0.00938,-10.20833,17998,1,0.000000,PRESERVE
769,0.00938,-10.26042,17998,1,0.000000,PRESERVE
770,0.00938,-10.26042,17998,1,0.000000,PRESERVE
771,0.00938,-10.23438,17998,1,0.000000,PRESERVE
772,0.00938,-10.23438,17998,1,0.000000,PRESERVE
773,0.00938,-10.23438,17998,1,0.000000,PRESERVE
774,0.00938,-10.26042,17998,1,0.000000,PRESERVE
775,0.00000,-10.23438,17998,1,0.000000,PRESERVE
776,0.00938,-10.23438,17998,1,0.000000,PRESERVE
777,0.00938,-10.23438,17998,1,0.000000,PRESERVE
778,0.00938,-10.23438,17998,1,0.000000,PRESERVE
779,0.00938,-10.23438,17998,1,0.000000,PRESERVE
780,0.00938,-10.23438,17998,1,0.000000,PRESERVE
781,0.00938,-10.23438,17998,1,0.000000,PRESERVE
782,0.00938,-10.23438,17998,1,0.000000,PRESERVE
783,0.00938,-10.23438,17998,1,0.000000,PRESERVE
784,0.00938,-10.23438,17998,1,0.000000,PRESERVE
785,0.00938,-10.20833,17998,1,0.000000,PRESERVE
786,0.00938,-10.20833,17998,1,0.000000,PRESERVE
787,0.00938,-10.20833,17998,1,0.000000,PRESERVE
WARN: Stable pressure timeout occurred
788,0.00938,-10.23438,17998,1,0.000000,PRESERVE
Setting PWM frequency to 8533.333008
ARRVal = 234
789,0.00938,-10.20833,18130,1,0.000000,PRESERVE
790,0.00938,-8.54167,20592,1,0.000000,PRESERVE
791,0.00938,-6.32813,23053,1,0.000000,PRESERVE
792,0.00938,-2.52604,25517,1,0.000000,PRESERVE
793,0.00938,3.64583,27979,1,0.000000,PRESERVE
794,0.00938,12.05729,29999,0,0.000000,PRESERVE
795,0.00938,6.22396,29999,0,0.000000,PRESERVE
796,0.00938,4.68750,29999,0,0.000000,PRESERVE
797,0.00938,4.11458,29999,0,0.000000,PRESERVE
798,0.00938,3.90625,29999,0,0.000000,PRESERVE
799,0.00938,3.80208,29999,0,0.000000,PRESERVE
800,0.00938,3.75000,29999,0,0.000000,PRESERVE
801,0.00938,3.72396,29999,0,0.000000,PRESERVE
802,0.00938,3.69792,29999,0,0.000000,PRESERVE
803,0.00938,3.69792,29999,0,0.000000,PRESERVE
804,0.00938,3.69792,29999,0,0.000000,PRESERVE
805,0.00938,3.67188,29999,0,0.000000,PRESERVE
806,0.00938,3.67188,29999,0,0.000000,PRESERVE
807,0.00000,3.67188,29999,0,0.000000,PRESERVE
808,0.00000,3.67188,29999,0,0.000000,PRESERVE
809,0.00938,3.67188,29999,0,0.000000,PRESERVE
810,0.00938,3.67188,29999,0,0.000000,PRESERVE
811,0.00938,3.67188,29999,0,0.000000,PRESERVE
812,0.00938,3.67188,29999,0,0.000000,PRESERVE
813,0.00938,3.67188,29999,0,0.000000,PRESERVE
WARN: Stable pressure timeout occurred
814,0.00938,3.67188,29999,0,0.000000,PRESERVE
Setting PWM frequency to 8533.333008
ARRVal = 234
815,0.00938,-1.90104,29570,1,0.000000,PRESERVE
816,0.00938,-6.06771,27093,1,0.000000,PRESERVE
817,0.00938,-7.94271,24632,1,0.000000,PRESERVE
818,0.00938,-9.19271,22170,1,0.000000,PRESERVE
819,0.00938,-10.02604,19708,1,0.000000,PRESERVE
820,0.00938,-10.44271,17997,1,0.000000,PRESERVE
821,0.00938,-10.44271,17997,1,0.000000,PRESERVE
822,0.00938,-10.44271,17997,1,0.000000,PRESERVE
823,0.00938,-10.44271,17997,1,0.000000,PRESERVE
824,0.00938,-10.44271,17997,1,0.000000,PRESERVE
825,0.00938,-10.44271,17997,1,0.000000,PRESERVE
826,0.00938,-10.44271,17997,1,0.000000,PRESERVE
827,0.00938,-10.44271,17997,1,0.000000,PRESERVE
828,0.00938,-10.44271,17997,1,0.000000,PRESERVE
829,0.00938,-10.44271,17997,1,0.000000,PRESERVE
830,0.00938,-10.44271,17997,1,0.000000,PRESERVE
831,0.00938,-10.44271,17997,1,0.000000,PRESERVE
832,0.00938,-10.44271,17997,1,0.000000,PRESERVE
833,0.00938,-10.44271,17997,1,0.000000,PRESERVE
834,0.00938,-10.44271,17997,1,0.000000,PRESERVE
835,0.00938,-10.44271,17997,1,0.000000,PRESERVE
836,0.00938,-10.44271,17997,1,0.000000,PRESERVE
837,0.00938,-10.44271,17997,1,0.000000,PRESERVE
838,0.00938,-10.41667,17997,1,0.000000,PRESERVE
839,0.00938,-10.41667,17997,1,0.000000,PRESERVE
WARN: Stable pressure timeout occurred
840,0.00938,-10.41667,17997,1,0.000000,PRESERVE
Setting PWM frequency to 8533.333008
ARRVal = 234
841,0.00938,-10.02604,18735,1,0.000000,PRESERVE
842,0.00938,-8.35938,21197,1,0.000000,PRESERVE
843,0.00938,-5.91146,23658,1,0.000000,PRESERVE
844,0.00938,-1.74479,26120,1,0.000000,PRESERVE
845,0.00938,5.18229,28584,1,0.000000,PRESERVE
846,0.00938,9.06250,29974,0,0.000000,PRESERVE
847,0.00938,5.52083,29974,0,0.000000,PRESERVE
848,0.00938,4.45312,29974,0,0.000000,PRESERVE
849,0.00938,4.08854,29974,0,0.000000,PRESERVE
850,0.00938,3.93229,29974,0,0.000000,PRESERVE
851,0.00938,3.85417,29974,0,0.000000,PRESERVE
852,0.00938,3.82812,29974,0,0.000000,PRESERVE
853,0.00938,3.80208,29974,0,0.000000,PRESERVE
854,0.00938,3.77604,29974,0,0.000000,PRESERVE
855,0.00938,3.77604,29974,0,0.000000,PRESERVE
856,0.00938,3.77604,29974,0,0.000000,PRESERVE
857,0.00938,3.77604,29974,0,0.000000,PRESERVE
858,0.00938,3.77604,29974,0,0.000000,PRESERVE
859,0.00938,3.75000,29974,0,0.000000,PRESERVE
860,0.00938,3.75000,29974,0,0.000000,PRESERVE
861,0.00938,3.75000,29974,0,0.000000,PRESERVE
862,0.00938,3.77604,29974,0,0.000000,PRESERVE
863,0.00938,3.75000,29974,0,0.000000,PRESERVE
864,0.00938,3.75000,29974,0,0.000000,PRESERVE
865,0.00938,3.75000,29974,0,0.000000,PRESERVE
WARN: Stable pressure timeout occurred
866,0.00938,3.75000,29974,0,0.000000,PRESERVE
PROTOCOL,PRESERVE,STOP,5
PAUSE,2
867,0.00938,3.75000,29974,0,0.000000,NA
868,0.00938,3.75000,29974,0,0.000000,NA
VALVE_SET,0Parsing script: post_clean.txt
#eDNA Sampler Flush Tree, V3, FP-0003-02
SPEED,DEFAULT
VALVE_SET,2 
PAUSE,2
869,0.00938,1.79688,29974,0,0.000000,NA
870,0.00938,1.61458,29974,0,0.000000,NA
HOME
VALVE_SET,0
PAUSE,2
871,0.00938,1.61458,29974,0,0.000000,NA
872,0.00938,1.61458,29974,0,0.000000,NA
PROTOCOL,CLEANSE_CHAN,START,0
#MILLI-Q FLUSH OF TREE OUT INLET, 9 mL, [21,20], [2]
PUMPC,MQ,3000,3,21/20,2
Setting PWM frequency to 10666.666992
ARRVal = 187
873,0.00938,-2.10938,28884,1,0.000000,CLEANSE_CHAN
874,0.00938,-5.72917,25806,1,0.000000,CLEANSE_CHAN
875,0.00938,-7.36979,22729,1,0.000000,CLEANSE_CHAN
876,0.00938,-8.69792,19634,1,0.000000,CLEANSE_CHAN
877,0.00938,-9.16667,17993,1,0.000000,CLEANSE_CHAN
878,0.00938,-9.08854,17993,1,0.000000,CLEANSE_CHAN
879,0.00938,-9.06250,17993,1,0.000000,CLEANSE_CHAN
880,0.00938,-9.06250,17993,1,0.000000,CLEANSE_CHAN
881,0.00938,-9.06250,17993,1,0.000000,CLEANSE_CHAN
882,0.00938,-9.06250,17993,1,0.000000,CLEANSE_CHAN
883,0.00938,-9.06250,17993,1,0.000000,CLEANSE_CHAN
884,0.00938,-9.06250,17993,1,0.000000,CLEANSE_CHAN
885,0.00938,-9.06250,17993,1,0.000000,CLEANSE_CHAN
886,0.00938,-9.06250,17993,1,0.000000,CLEANSE_CHAN
887,0.00938,-9.06250,17993,1,0.000000,CLEANSE_CHAN
888,0.00938,-9.06250,17993,1,0.000000,CLEANSE_CHAN
889,0.00000,-9.06250,17993,1,0.000000,CLEANSE_CHAN
890,0.00938,-9.03646,17993,1,0.000000,CLEANSE_CHAN
891,0.00938,-9.03646,17993,1,0.000000,CLEANSE_CHAN
892,0.00938,-9.03646,17993,1,0.000000,CLEANSE_CHAN
893,0.00938,-9.03646,17993,1,0.000000,CLEANSE_CHAN
894,0.00938,-9.03646,17993,1,0.000000,CLEANSE_CHAN
895,0.00938,-9.03646,17993,1,0.000000,CLEANSE_CHAN
896,0.00938,-9.03646,17993,1,0.000000,CLEANSE_CHAN
WARN: Stable pressure timeout occurred
897,0.00938,-9.03646,17993,1,0.000000,CLEANSE_CHAN
Setting PWM frequency to 10666.666992
ARRVal = 187
898,0.00938,-7.23958,19415,1,0.000000,CLEANSE_CHAN
899,0.00938,3.67188,22492,1,0.000000,CLEANSE_CHAN
900,0.00938,4.86979,25569,1,0.000000,CLEANSE_CHAN
901,0.00000,4.92188,28646,1,0.000000,CLEANSE_CHAN
902,0.00938,1.71875,30061,0,0.000000,CLEANSE_CHAN
Setting PWM frequency to 10666.666992
ARRVal = 187
903,0.00938,-1.17188,29465,1,0.000000,CLEANSE_CHAN
904,0.00938,-7.60417,26388,1,0.000000,CLEANSE_CHAN
905,0.00938,-8.98438,23310,1,0.000000,CLEANSE_CHAN
906,0.00938,-9.37500,20215,1,0.000000,CLEANSE_CHAN
907,0.00938,-9.97396,17993,1,0.000000,CLEANSE_CHAN
908,0.00938,-9.94792,17993,1,0.000000,CLEANSE_CHAN
909,0.00938,-9.94792,17993,1,0.000000,CLEANSE_CHAN
910,0.00938,-9.94792,17993,1,0.000000,CLEANSE_CHAN
911,0.00938,-9.94792,17993,1,0.000000,CLEANSE_CHAN
912,0.00938,-9.94792,17993,1,0.000000,CLEANSE_CHAN
913,0.00938,-9.94792,17993,1,0.000000,CLEANSE_CHAN
914,0.00000,-9.92188,17993,1,0.000000,CLEANSE_CHAN
915,0.00938,-9.92188,17993,1,0.000000,CLEANSE_CHAN
916,0.00938,-9.92188,17993,1,0.000000,CLEANSE_CHAN
917,0.00938,-9.92188,17993,1,0.000000,CLEANSE_CHAN
918,0.00938,-9.92188,17993,1,0.000000,CLEANSE_CHAN
919,0.00938,-9.92188,17993,1,0.000000,CLEANSE_CHAN
920,0.00938,-9.92188,17993,1,0.000000,CLEANSE_CHAN
921,0.00938,-9.92188,17993,1,0.000000,CLEANSE_CHAN
922,0.00000,-9.92188,17993,1,0.000000,CLEANSE_CHAN
923,0.00938,-9.92188,17993,1,0.000000,CLEANSE_CHAN
924,0.00938,-9.92188,17993,1,0.000000,CLEANSE_CHAN
925,0.00938,-9.92188,17993,1,0.000000,CLEANSE_CHAN
926,0.00938,-9.92188,17993,1,0.000000,CLEANSE_CHAN
WARN: Stable pressure timeout occurred
927,0.00938,-9.92188,17993,1,0.000000,CLEANSE_CHAN
Setting PWM frequency to 10666.666992
ARRVal = 187
928,0.00938,-9.45312,18820,1,0.000000,CLEANSE_CHAN
929,0.00938,-2.81250,21897,1,0.000000,CLEANSE_CHAN
930,0.00938,4.58333,24974,1,0.000000,CLEANSE_CHAN
931,0.00938,4.94792,28051,1,0.000000,CLEANSE_CHAN
932,0.00938,2.29167,30000,0,0.000000,CLEANSE_CHAN
933,0.00938,1.53646,30000,0,0.000000,CLEANSE_CHAN
Setting PWM frequency to 10666.666992
ARRVal = 187
934,0.00938,-7.29167,27018,1,0.000000,CLEANSE_CHAN
935,0.00938,-8.93229,23941,1,0.000000,CLEANSE_CHAN
936,0.00000,-9.89583,20845,1,0.000000,CLEANSE_CHAN
937,0.00938,-10.07813,17993,1,0.000000,CLEANSE_CHAN
938,0.00938,-10.07813,17993,1,0.000000,CLEANSE_CHAN
939,0.00938,-10.07813,17993,1,0.000000,CLEANSE_CHAN
940,0.00938,-10.05208,17993,1,0.000000,CLEANSE_CHAN
941,0.00938,-10.05208,17993,1,0.000000,CLEANSE_CHAN
942,0.00938,-10.05208,17993,1,0.000000,CLEANSE_CHAN
943,0.00938,-10.05208,17993,1,0.000000,CLEANSE_CHAN
944,0.00938,-10.05208,17993,1,0.000000,CLEANSE_CHAN
945,0.00938,-10.05208,17993,1,0.000000,CLEANSE_CHAN
946,0.00938,-10.02604,17993,1,0.000000,CLEANSE_CHAN
947,0.00938,-10.02604,17993,1,0.000000,CLEANSE_CHAN
948,0.00938,-10.02604,17993,1,0.000000,CLEANSE_CHAN
949,0.00938,-10.02604,17993,1,0.000000,CLEANSE_CHAN
950,0.00938,-10.02604,17993,1,0.000000,CLEANSE_CHAN
951,0.00938,-10.02604,17993,1,0.000000,CLEANSE_CHAN
952,0.00938,-10.02604,17993,1,0.000000,CLEANSE_CHAN
953,0.00938,-10.02604,17993,1,0.000000,CLEANSE_CHAN
954,0.00938,-10.02604,17993,1,0.000000,CLEANSE_CHAN
955,0.00938,-10.02604,17993,1,0.000000,CLEANSE_CHAN
956,0.00938,-10.02604,17993,1,0.000000,CLEANSE_CHAN
WARN: Stable pressure timeout occurred
957,0.00938,-10.02604,17993,1,0.000000,CLEANSE_CHAN
Setting PWM frequency to 10666.666992
ARRVal = 187
958,0.00938,-10.02604,18193,1,0.000000,CLEANSE_CHAN
959,0.00938,-5.96354,21270,1,0.000000,CLEANSE_CHAN
960,0.00938,3.95833,24346,1,0.000000,CLEANSE_CHAN
961,0.00938,4.92188,27424,1,0.000000,CLEANSE_CHAN
962,0.00938,3.98438,30000,0,0.000000,CLEANSE_CHAN
963,0.00938,1.58854,30000,0,0.000000,CLEANSE_CHAN
#HCL FLUSH OF TREE OUT INLET, 9 mL, [8,20], [2]
PUMPC,HCL,3000,3,8/20,2
Setting PWM frequency to 10666.666992
ARRVal = 187
964,0.00000,-5.91146,27651,1,0.000000,CLEANSE_CHAN
965,0.00938,-7.91667,24574,1,0.000000,CLEANSE_CHAN
966,0.00938,-8.64583,21479,1,0.000000,CLEANSE_CHAN
967,0.00938,-9.21875,18399,1,0.000000,CLEANSE_CHAN
968,0.00938,-9.32292,17993,1,0.000000,CLEANSE_CHAN
969,0.00938,-9.34896,17993,1,0.000000,CLEANSE_CHAN
970,0.00938,-9.32292,17993,1,0.000000,CLEANSE_CHAN
971,0.00938,-9.32292,17993,1,0.000000,CLEANSE_CHAN
972,0.00938,-9.29688,17993,1,0.000000,CLEANSE_CHAN
973,0.00938,-9.29688,17993,1,0.000000,CLEANSE_CHAN
974,0.00938,-9.29688,17993,1,0.000000,CLEANSE_CHAN
975,0.00938,-9.29688,17993,1,0.000000,CLEANSE_CHAN
976,0.00938,-9.29688,17993,1,0.000000,CLEANSE_CHAN
977,0.00938,-9.29688,17993,1,0.000000,CLEANSE_CHAN
978,0.00938,-9.29688,17993,1,0.000000,CLEANSE_CHAN
979,0.00938,-9.29688,17993,1,0.000000,CLEANSE_CHAN
980,0.00938,-9.29688,17993,1,0.000000,CLEANSE_CHAN
981,0.00938,-9.29688,17993,1,0.000000,CLEANSE_CHAN
982,0.00938,-9.29688,17993,1,0.000000,CLEANSE_CHAN
983,0.00938,-9.29688,17993,1,0.000000,CLEANSE_CHAN
984,0.00938,-9.29688,17993,1,0.000000,CLEANSE_CHAN
985,0.00938,-9.29688,17993,1,0.000000,CLEANSE_CHAN
986,0.00938,-9.29688,17993,1,0.000000,CLEANSE_CHAN
987,0.00938,-9.29688,17993,1,0.000000,CLEANSE_CHAN
WARN: Stable pressure timeout occurred
988,0.00938,-9.29688,17993,1,0.000000,CLEANSE_CHAN
Setting PWM frequency to 10666.666992
ARRVal = 187
989,0.00938,-5.88542,20639,1,0.000000,CLEANSE_CHAN
990,0.00938,3.51562,23716,1,0.000000,CLEANSE_CHAN
991,0.00938,4.86979,26793,1,0.000000,CLEANSE_CHAN
992,0.00938,4.97396,29870,0,0.000000,CLEANSE_CHAN
993,0.00938,1.64062,30000,0,0.000000,CLEANSE_CHAN
Setting PWM frequency to 10666.666992
ARRVal = 187
994,0.00938,-6.04167,28547,1,0.000000,CLEANSE_CHAN
995,0.00938,-7.86458,25470,1,0.000000,CLEANSE_CHAN
996,0.00938,-8.69792,22372,1,0.000000,CLEANSE_CHAN
997,0.00938,-9.42708,19294,1,0.000000,CLEANSE_CHAN
998,0.00938,-9.66146,17992,1,0.000000,CLEANSE_CHAN
999,0.00938,-9.63542,17992,1,0.000000,CLEANSE_CHAN
1000,0.00938,-9.60938,17992,1,0.000000,CLEANSE_CHAN
1001,0.00938,-9.60938,17992,1,0.000000,CLEANSE_CHAN
1002,0.00938,-9.63542,17992,1,0.000000,CLEANSE_CHAN
1003,0.00938,-9.60938,17992,1,0.000000,CLEANSE_CHAN
1004,0.00938,-9.60938,17992,1,0.000000,CLEANSE_CHAN
1005,0.00938,-9.60938,17992,1,0.000000,CLEANSE_CHAN
1006,0.00938,-9.60938,17992,1,0.000000,CLEANSE_CHAN
1007,0.00938,-9.60938,17992,1,0.000000,CLEANSE_CHAN
1008,0.00938,-9.60938,17992,1,0.000000,CLEANSE_CHAN
1009,0.00938,-9.60938,17992,1,0.000000,CLEANSE_CHAN
1010,0.00938,-9.60938,17992,1,0.000000,CLEANSE_CHAN
1011,0.00938,-9.60938,17992,1,0.000000,CLEANSE_CHAN
1012,0.00938,-9.60938,17992,1,0.000000,CLEANSE_CHAN
1013,0.00938,-9.60938,17992,1,0.000000,CLEANSE_CHAN
1014,0.00938,-9.60938,17992,1,0.000000,CLEANSE_CHAN
1015,0.00938,-9.60938,17992,1,0.000000,CLEANSE_CHAN
1016,0.00938,-9.60938,17992,1,0.000000,CLEANSE_CHAN
1017,0.00938,-9.60938,17992,1,0.000000,CLEANSE_CHAN
WARN: Stable pressure timeout occurred
1018,0.00938,-9.60938,17992,1,0.000000,CLEANSE_CHAN
Setting PWM frequency to 10666.666992
ARRVal = 187
1019,0.00938,-8.22917,19738,1,0.000000,CLEANSE_CHAN
1020,0.00000,0.10417,22815,1,0.000000,CLEANSE_CHAN
1021,0.00938,4.66146,25892,1,0.000000,CLEANSE_CHAN
1022,0.00938,4.97396,28969,1,0.000000,CLEANSE_CHAN
1023,0.00938,1.74479,30000,0,0.000000,CLEANSE_CHAN
Setting PWM frequency to 10666.666992
ARRVal = 187
1024,0.00938,-3.20312,29465,1,0.000000,CLEANSE_CHAN
1025,0.00000,-7.76042,26385,1,0.000000,CLEANSE_CHAN
1026,0.00938,-8.56771,23289,1,0.000000,CLEANSE_CHAN
1027,0.00938,-9.34896,20212,1,0.000000,CLEANSE_CHAN
1028,0.00938,-9.73958,17992,1,0.000000,CLEANSE_CHAN
1029,0.00938,-9.63542,17992,1,0.000000,CLEANSE_CHAN
1030,0.00938,-9.63542,17992,1,0.000000,CLEANSE_CHAN
1031,0.00938,-9.66146,17992,1,0.000000,CLEANSE_CHAN
1032,0.00938,-9.63542,17992,1,0.000000,CLEANSE_CHAN
1033,0.00938,-9.66146,17992,1,0.000000,CLEANSE_CHAN
1034,0.00938,-9.66146,17992,1,0.000000,CLEANSE_CHAN
1035,0.00938,-9.66146,17992,1,0.000000,CLEANSE_CHAN
1036,0.00938,-9.66146,17992,1,0.000000,CLEANSE_CHAN
1037,0.00938,-9.63542,17992,1,0.000000,CLEANSE_CHAN
1038,0.00938,-9.63542,17992,1,0.000000,CLEANSE_CHAN
1039,0.00938,-9.66146,17992,1,0.000000,CLEANSE_CHAN
1040,0.00938,-9.66146,17992,1,0.000000,CLEANSE_CHAN
1041,0.00000,-9.63542,17992,1,0.000000,CLEANSE_CHAN
1042,0.00938,-9.66146,17992,1,0.000000,CLEANSE_CHAN
1043,0.00938,-9.66146,17992,1,0.000000,CLEANSE_CHAN
1044,0.00938,-9.66146,17992,1,0.000000,CLEANSE_CHAN
1045,0.00938,-9.66146,17992,1,0.000000,CLEANSE_CHAN
1046,0.00938,-9.66146,17992,1,0.000000,CLEANSE_CHAN
1047,0.00938,-9.66146,17992,1,0.000000,CLEANSE_CHAN
WARN: Stable pressure timeout occurred
1048,0.00938,-9.66146,17992,1,0.000000,CLEANSE_CHAN
Setting PWM frequency to 10666.666992
ARRVal = 187
1049,0.00938,-9.50521,18820,1,0.000000,CLEANSE_CHAN
1050,0.00938,-3.61979,21897,1,0.000000,CLEANSE_CHAN
1051,0.00938,4.27083,24974,1,0.000000,CLEANSE_CHAN
1052,0.00938,4.92188,28051,1,0.000000,CLEANSE_CHAN
1053,0.00938,2.50000,30000,0,0.000000,CLEANSE_CHAN
1054,0.00938,1.61458,30000,0,0.000000,CLEANSE_CHAN
#HCL FLUSH OF TREE OUT OUTLET, 1 mL, [8,20], [20,22]
PUMPC,HCL,1000,1,8/20,20/22
Setting PWM frequency to 10666.666992
ARRVal = 187
1055,0.00938,-7.18750,27348,1,0.000000,CLEANSE_CHAN
1056,0.00938,-7.68229,25994,1,0.000000,CLEANSE_CHAN
1057,0.00938,-7.68229,25994,1,0.000000,CLEANSE_CHAN
1058,0.00000,-7.68229,25994,1,0.000000,CLEANSE_CHAN
1059,0.00938,-7.68229,25994,1,0.000000,CLEANSE_CHAN
1060,0.00938,-7.68229,25994,1,0.000000,CLEANSE_CHAN
1061,0.00938,-7.68229,25994,1,0.000000,CLEANSE_CHAN
1062,0.00938,-7.73438,25994,1,0.000000,CLEANSE_CHAN
1063,0.00938,-7.68229,25994,1,0.000000,CLEANSE_CHAN
1064,0.00938,-7.68229,25994,1,0.000000,CLEANSE_CHAN
1065,0.00938,-7.68229,25994,1,0.000000,CLEANSE_CHAN
1066,0.00938,-7.68229,25994,1,0.000000,CLEANSE_CHAN
1067,0.00938,-7.68229,25994,1,0.000000,CLEANSE_CHAN
1068,0.00938,-7.68229,25994,1,0.000000,CLEANSE_CHAN
1069,0.00938,-7.68229,25994,1,0.000000,CLEANSE_CHAN
1070,0.00000,-7.68229,25994,1,0.000000,CLEANSE_CHAN
1071,0.00938,-7.68229,25994,1,0.000000,CLEANSE_CHAN
1072,0.00938,-7.68229,25994,1,0.000000,CLEANSE_CHAN
1073,0.00938,-7.68229,25994,1,0.000000,CLEANSE_CHAN
1074,0.00938,-7.68229,25994,1,0.000000,CLEANSE_CHAN
1075,0.00938,-7.68229,25994,1,0.000000,CLEANSE_CHAN
WARN: Stable pressure timeout occurred
1076,0.00938,-7.68229,25994,1,0.000000,CLEANSE_CHAN
Setting PWM frequency to 10666.666992
ARRVal = 187
1077,0.00938,-6.04167,27687,1,0.000000,CLEANSE_CHAN
1078,0.00938,1.56250,30000,0,0.000000,CLEANSE_CHAN
PAUSE,2
1079,0.00938,1.53646,30000,0,0.000000,CLEANSE_CHAN
1080,0.00938,1.53646,30000,0,0.000000,CLEANSE_CHAN
VALVE_SET,0
PAUSE,120
1081,0.00000,1.53646,30000,0,0.000000,CLEANSE_CHAN
1082,0.00938,1.53646,30000,0,0.000000,CLEANSE_CHAN
1083,0.00938,1.53646,30000,0,0.000000,CLEANSE_CHAN
1084,0.00938,1.53646,30000,0,0.000000,CLEANSE_CHAN
1085,0.00938,1.53646,30000,0,0.000000,CLEANSE_CHAN
1086,0.00938,1.53646,30000,0,0.000000,CLEANSE_CHAN
1087,0.00938,1.51042,30000,0,0.000000,CLEANSE_CHAN
1088,0.00938,1.53646,30000,0,0.000000,CLEANSE_CHAN
1089,0.00938,1.51042,30000,0,0.000000,CLEANSE_CHAN
1090,0.00938,1.51042,30000,0,0.000000,CLEANSE_CHAN
1091,0.00938,1.53646,30000,0,0.000000,CLEANSE_CHAN
1092,0.00938,1.51042,30000,0,0.000000,CLEANSE_CHAN
1093,0.00938,1.51042,30000,0,0.000000,CLEANSE_CHAN
1094,0.00938,1.51042,30000,0,0.000000,CLEANSE_CHAN
1095,0.00938,1.51042,30000,0,0.000000,CLEANSE_CHAN
1096,0.00000,1.51042,30000,0,0.000000,CLEANSE_CHAN
1097,0.00000,1.51042,30000,0,0.000000,CLEANSE_CHAN
1098,0.00938,1.51042,30000,0,0.000000,CLEANSE_CHAN
1099,0.00938,1.51042,30000,0,0.000000,CLEANSE_CHAN
1100,0.00938,1.51042,30000,0,0.000000,CLEANSE_CHAN
1101,0.00000,1.51042,30000,0,0.000000,CLEANSE_CHAN
1102,0.00938,1.51042,30000,0,0.000000,CLEANSE_CHAN
1103,0.00000,1.51042,30000,0,0.000000,CLEANSE_CHAN
1104,0.00938,1.51042,30000,0,0.000000,CLEANSE_CHAN
1105,0.00938,1.51042,30000,0,0.000000,CLEANSE_CHAN
1106,0.00938,1.51042,30000,0,0.000000,CLEANSE_CHAN
1107,0.00938,1.51042,30000,0,0.000000,CLEANSE_CHAN
1108,0.00938,1.51042,30000,0,0.000000,CLEANSE_CHAN
1109,0.00938,1.51042,30000,0,0.000000,CLEANSE_CHAN
1110,0.00938,1.51042,30000,0,0.000000,CLEANSE_CHAN
1111,0.00938,1.51042,30000,0,0.000000,CLEANSE_CHAN
1112,0.00938,1.51042,30000,0,0.000000,CLEANSE_CHAN
1113,0.00938,1.51042,30000,0,0.000000,CLEANSE_CHAN
1114,0.00938,1.48438,30000,0,0.000000,CLEANSE_CHAN
1115,0.00000,1.51042,30000,0,0.000000,CLEANSE_CHAN
1116,0.00000,1.51042,30000,0,0.000000,CLEANSE_CHAN
1117,0.00938,1.51042,30000,0,0.000000,CLEANSE_CHAN
1118,0.00938,1.51042,30000,0,0.000000,CLEANSE_CHAN
1119,0.00938,1.51042,30000,0,0.000000,CLEANSE_CHAN
1120,0.00938,1.51042,30000,0,0.000000,CLEANSE_CHAN
1121,0.00938,1.51042,30000,0,0.000000,CLEANSE_CHAN
1122,0.00938,1.51042,30000,0,0.000000,CLEANSE_CHAN
1123,0.00938,1.51042,30000,0,0.000000,CLEANSE_CHAN
1124,0.00938,1.51042,30000,0,0.000000,CLEANSE_CHAN
1125,0.00938,1.51042,30000,0,0.000000,CLEANSE_CHAN
1126,0.00938,1.51042,30000,0,0.000000,CLEANSE_CHAN
1127,0.00000,1.51042,30000,0,0.000000,CLEANSE_CHAN
1128,0.00938,1.48438,30000,0,0.000000,CLEANSE_CHAN
1129,0.00938,1.51042,30000,0,0.000000,CLEANSE_CHAN
1130,0.00938,1.48438,30000,0,0.000000,CLEANSE_CHAN
1131,0.00938,1.51042,30000,0,0.000000,CLEANSE_CHAN
1132,0.00938,1.51042,30000,0,0.000000,CLEANSE_CHAN
1133,0.00938,1.51042,30000,0,0.000000,CLEANSE_CHAN
1134,0.00938,1.51042,30000,0,0.000000,CLEANSE_CHAN
1135,0.00938,1.51042,30000,0,0.000000,CLEANSE_CHAN
1136,0.00938,1.51042,30000,0,0.000000,CLEANSE_CHAN
1137,0.00938,1.51042,30000,0,0.000000,CLEANSE_CHAN
1138,0.00938,1.51042,30000,0,0.000000,CLEANSE_CHAN
1139,0.00938,1.48438,30000,0,0.000000,CLEANSE_CHAN
1140,0.00938,1.51042,30000,0,0.000000,CLEANSE_CHAN
1141,0.00000,1.48438,30000,0,0.000000,CLEANSE_CHAN
1142,0.00938,1.51042,30000,0,0.000000,CLEANSE_CHAN
1143,0.00938,1.51042,30000,0,0.000000,CLEANSE_CHAN
1144,0.00938,1.48438,30000,0,0.000000,CLEANSE_CHAN
1145,0.00938,1.51042,30000,0,0.000000,CLEANSE_CHAN
1146,0.00938,1.51042,30000,0,0.000000,CLEANSE_CHAN
1147,0.00938,1.48438,30000,0,0.000000,CLEANSE_CHAN
1148,0.00938,1.48438,30000,0,0.000000,CLEANSE_CHAN
1149,0.00938,1.48438,30000,0,0.000000,CLEANSE_CHAN
1150,0.00938,1.48438,30000,0,0.000000,CLEANSE_CHAN
1151,0.00938,1.48438,30000,0,0.000000,CLEANSE_CHAN
1152,0.00938,1.48438,30000,0,0.000000,CLEANSE_CHAN
1153,0.00938,1.51042,30000,0,0.000000,CLEANSE_CHAN
1154,0.00000,1.48438,30000,0,0.000000,CLEANSE_CHAN
1155,0.00938,1.48438,30000,0,0.000000,CLEANSE_CHAN
1156,0.00938,1.48438,30000,0,0.000000,CLEANSE_CHAN
1157,0.00938,1.48438,30000,0,0.000000,CLEANSE_CHAN
1158,0.00938,1.51042,30000,0,0.000000,CLEANSE_CHAN
1159,0.00938,1.48438,30000,0,0.000000,CLEANSE_CHAN
1160,0.00938,1.48438,30000,0,0.000000,CLEANSE_CHAN
1161,0.00938,1.51042,30000,0,0.000000,CLEANSE_CHAN
1162,0.00938,1.48438,30000,0,0.000000,CLEANSE_CHAN
1163,0.00938,1.48438,30000,0,0.000000,CLEANSE_CHAN
1164,0.00938,1.48438,30000,0,0.000000,CLEANSE_CHAN
1165,0.00938,1.51042,30000,0,0.000000,CLEANSE_CHAN
1166,0.00938,1.48438,30000,0,0.000000,CLEANSE_CHAN
1167,0.00938,1.48438,30000,0,0.000000,CLEANSE_CHAN
1168,0.00938,1.48438,30000,0,0.000000,CLEANSE_CHAN
1169,0.00938,1.48438,30000,0,0.000000,CLEANSE_CHAN
1170,0.00938,1.51042,30000,0,0.000000,CLEANSE_CHAN
1171,0.00938,1.48438,30000,0,0.000000,CLEANSE_CHAN
1172,0.00938,1.48438,30000,0,0.000000,CLEANSE_CHAN
1173,0.00938,1.48438,30000,0,0.000000,CLEANSE_CHAN
1174,0.00000,1.48438,30000,0,0.000000,CLEANSE_CHAN
1175,0.00938,1.48438,30000,0,0.000000,CLEANSE_CHAN
1176,0.00938,1.48438,30000,0,0.000000,CLEANSE_CHAN
1177,0.00938,1.51042,30000,0,0.000000,CLEANSE_CHAN
1178,0.00938,1.48438,30000,0,0.000000,CLEANSE_CHAN
1179,0.00938,1.48438,30000,0,0.000000,CLEANSE_CHAN
1180,0.00000,1.48438,30000,0,0.000000,CLEANSE_CHAN
1181,0.00938,1.48438,30000,0,0.000000,CLEANSE_CHAN
1182,0.00938,1.48438,30000,0,0.000000,CLEANSE_CHAN
1183,0.00938,1.48438,30000,0,0.000000,CLEANSE_CHAN
1184,0.00938,1.48438,30000,0,0.000000,CLEANSE_CHAN
1185,0.00938,1.48438,30000,0,0.000000,CLEANSE_CHAN
1186,0.00938,1.48438,30000,0,0.000000,CLEANSE_CHAN
1187,0.00938,1.48438,30000,0,0.000000,CLEANSE_CHAN
1188,0.00938,1.48438,30000,0,0.000000,CLEANSE_CHAN
1189,0.00938,1.48438,30000,0,0.000000,CLEANSE_CHAN
1190,0.00938,1.48438,30000,0,0.000000,CLEANSE_CHAN
1191,0.00938,1.48438,30000,0,0.000000,CLEANSE_CHAN
1192,0.00938,1.48438,30000,0,0.000000,CLEANSE_CHAN
1193,0.00938,1.48438,30000,0,0.000000,CLEANSE_CHAN
1194,0.00938,1.48438,30000,0,0.000000,CLEANSE_CHAN
1195,0.00938,1.45833,30000,0,0.000000,CLEANSE_CHAN
1196,0.00000,1.48438,30000,0,0.000000,CLEANSE_CHAN
1197,0.00938,1.48438,30000,0,0.000000,CLEANSE_CHAN
1198,0.00938,1.48438,30000,0,0.000000,CLEANSE_CHAN
1199,0.00000,1.48438,30000,0,0.000000,CLEANSE_CHAN
1200,0.00938,1.48438,30000,0,0.000000,CLEANSE_CHAN
#MILLI-Q FLUSH OF TREE OUT INLET, 9 mL, [21,20], [2]
PUMPC,MQ,3000,3,21/20,2
Setting PWM frequency to 10666.666992
ARRVal = 187
1201,0.00938,-1.66667,29284,1,0.000000,CLEANSE_CHAN
1202,0.00938,-4.45312,26205,1,0.000000,CLEANSE_CHAN
1203,0.00938,-6.51042,23128,1,0.000000,CLEANSE_CHAN
1204,0.00938,-7.68229,20050,1,0.000000,CLEANSE_CHAN
1205,0.00938,-8.25521,17993,1,0.000000,CLEANSE_CHAN
1206,0.00938,-7.96875,17993,1,0.000000,CLEANSE_CHAN
1207,0.00938,-7.96875,17993,1,0.000000,CLEANSE_CHAN
1208,0.00938,-7.96875,17993,1,0.000000,CLEANSE_CHAN
1209,0.00938,-7.96875,17993,1,0.000000,CLEANSE_CHAN
1210,0.00938,-7.96875,17993,1,0.000000,CLEANSE_CHAN
1211,0.00938,-7.96875,17993,1,0.000000,CLEANSE_CHAN
1212,0.00938,-7.96875,17993,1,0.000000,CLEANSE_CHAN
1213,0.00938,-7.96875,17993,1,0.000000,CLEANSE_CHAN
1214,0.00938,-7.96875,17993,1,0.000000,CLEANSE_CHAN
1215,0.00938,-7.96875,17993,1,0.000000,CLEANSE_CHAN
1216,0.00938,-7.96875,17993,1,0.000000,CLEANSE_CHAN
1217,0.00938,-7.94271,17993,1,0.000000,CLEANSE_CHAN
1218,0.00938,-7.96875,17993,1,0.000000,CLEANSE_CHAN
1219,0.00938,-7.96875,17993,1,0.000000,CLEANSE_CHAN
1220,0.00938,-7.94271,17993,1,0.000000,CLEANSE_CHAN
1221,0.00938,-7.96875,17993,1,0.000000,CLEANSE_CHAN
1222,0.00938,-7.94271,17993,1,0.000000,CLEANSE_CHAN
1223,0.00938,-7.96875,17993,1,0.000000,CLEANSE_CHAN
1224,0.00938,-7.94271,17993,1,0.000000,CLEANSE_CHAN
WARN: Stable pressure timeout occurred
1225,0.00938,-7.96875,17993,1,0.000000,CLEANSE_CHAN
Setting PWM frequency to 10666.666992
ARRVal = 187
1226,0.00938,-6.95313,19006,1,0.000000,CLEANSE_CHAN
1227,0.00938,2.00521,22083,1,0.000000,CLEANSE_CHAN
1228,0.00938,4.58333,25160,1,0.000000,CLEANSE_CHAN
1229,0.00938,4.81771,28237,1,0.000000,CLEANSE_CHAN
1230,0.00938,2.29167,29978,0,0.000000,CLEANSE_CHAN
1231,0.00938,1.56250,29978,0,0.000000,CLEANSE_CHAN
Setting PWM frequency to 10666.666992
ARRVal = 187
1232,0.00938,-5.96354,27024,1,0.000000,CLEANSE_CHAN
1233,0.00938,-7.57812,23947,1,0.000000,CLEANSE_CHAN
1234,0.00938,-8.15104,20869,1,0.000000,CLEANSE_CHAN
1235,0.00938,-8.93229,17994,1,0.000000,CLEANSE_CHAN
1236,0.00938,-8.88021,17994,1,0.000000,CLEANSE_CHAN
1237,0.00000,-8.85417,17994,1,0.000000,CLEANSE_CHAN
1238,0.00938,-8.85417,17994,1,0.000000,CLEANSE_CHAN
1239,0.00938,-8.85417,17994,1,0.000000,CLEANSE_CHAN
1240,0.00938,-8.85417,17994,1,0.000000,CLEANSE_CHAN
1241,0.00000,-8.82813,17994,1,0.000000,CLEANSE_CHAN
1242,0.00938,-8.85417,17994,1,0.000000,CLEANSE_CHAN
1243,0.00938,-8.82813,17994,1,0.000000,CLEANSE_CHAN
1244,0.00938,-8.85417,17994,1,0.000000,CLEANSE_CHAN
1245,0.00000,-8.82813,17994,1,0.000000,CLEANSE_CHAN
1246,0.00938,-8.82813,17994,1,0.000000,CLEANSE_CHAN
1247,0.00938,-8.82813,17994,1,0.000000,CLEANSE_CHAN
1248,0.00938,-8.82813,17994,1,0.000000,CLEANSE_CHAN
1249,0.00938,-8.82813,17994,1,0.000000,CLEANSE_CHAN
1250,0.00938,-8.82813,17994,1,0.000000,CLEANSE_CHAN
1251,0.00000,-8.82813,17994,1,0.000000,CLEANSE_CHAN
1252,0.00938,-8.82813,17994,1,0.000000,CLEANSE_CHAN
1253,0.00938,-8.85417,17994,1,0.000000,CLEANSE_CHAN
1254,0.00000,-8.82813,17994,1,0.000000,CLEANSE_CHAN
WARN: Stable pressure timeout occurred
1255,0.00938,-8.82813,17994,1,0.000000,CLEANSE_CHAN
Setting PWM frequency to 10666.666992
ARRVal = 187
1256,0.00938,-8.82813,18193,1,0.000000,CLEANSE_CHAN
1257,0.00938,-4.34896,21270,1,0.000000,CLEANSE_CHAN
1258,0.00938,3.51562,24347,1,0.000000,CLEANSE_CHAN
1259,0.00938,4.71354,27424,1,0.000000,CLEANSE_CHAN
1260,0.00938,4.14063,30022,0,0.000000,CLEANSE_CHAN
1261,0.00938,1.56250,30022,0,0.000000,CLEANSE_CHAN
Setting PWM frequency to 10666.666992
ARRVal = 187
1262,0.00938,-5.98958,27935,1,0.000000,CLEANSE_CHAN
1263,0.00938,-7.39583,24858,1,0.000000,CLEANSE_CHAN
1264,0.00938,-8.46354,21781,1,0.000000,CLEANSE_CHAN
1265,0.00938,-8.72396,18704,1,0.000000,CLEANSE_CHAN
1266,0.00938,-8.95833,17993,1,0.000000,CLEANSE_CHAN
1267,0.00938,-8.95833,17993,1,0.000000,CLEANSE_CHAN
1268,0.00938,-8.95833,17993,1,0.000000,CLEANSE_CHAN
1269,0.00938,-8.95833,17993,1,0.000000,CLEANSE_CHAN
1270,0.00938,-8.95833,17993,1,0.000000,CLEANSE_CHAN
1271,0.00938,-8.95833,17993,1,0.000000,CLEANSE_CHAN
1272,0.00938,-8.95833,17993,1,0.000000,CLEANSE_CHAN
1273,0.00938,-8.95833,17993,1,0.000000,CLEANSE_CHAN
1274,0.00938,-8.98438,17993,1,0.000000,CLEANSE_CHAN
1275,0.00938,-8.95833,17993,1,0.000000,CLEANSE_CHAN
1276,0.00938,-8.95833,17993,1,0.000000,CLEANSE_CHAN
1277,0.00938,-8.95833,17993,1,0.000000,CLEANSE_CHAN
1278,0.00938,-8.95833,17993,1,0.000000,CLEANSE_CHAN
1279,0.00938,-8.95833,17993,1,0.000000,CLEANSE_CHAN
1280,0.00938,-8.95833,17993,1,0.000000,CLEANSE_CHAN
1281,0.00938,-8.95833,17993,1,0.000000,CLEANSE_CHAN
1282,0.00938,-8.98438,17993,1,0.000000,CLEANSE_CHAN
1283,0.00938,-8.95833,17993,1,0.000000,CLEANSE_CHAN
1284,0.00938,-8.95833,17993,1,0.000000,CLEANSE_CHAN
1285,0.00938,-8.95833,17993,1,0.000000,CLEANSE_CHAN
WARN: Stable pressure timeout occurred
1286,0.00938,-8.95833,17993,1,0.000000,CLEANSE_CHAN
Setting PWM frequency to 10666.666992
ARRVal = 187
1287,0.00938,-6.64063,20331,1,0.000000,CLEANSE_CHAN
1288,0.00938,1.69271,23408,1,0.000000,CLEANSE_CHAN
1289,0.00938,4.55729,26487,1,0.000000,CLEANSE_CHAN
1290,0.00000,4.89583,29565,1,0.000000,CLEANSE_CHAN
1291,0.00938,1.69271,30000,0,0.000000,CLEANSE_CHAN
#MILLI-Q FLUSH OF TREE OUT OUTLET, 3 mL, [21,20], [20,22]
PUMPC,MQ,3000,1,21/20,20/22
Setting PWM frequency to 10666.666992
ARRVal = 187
1292,0.00000,-5.26042,28877,1,0.000000,CLEANSE_CHAN
1293,0.00938,-7.08333,25800,1,0.000000,CLEANSE_CHAN
1294,0.00938,-7.89062,22723,1,0.000000,CLEANSE_CHAN
1295,0.00938,-8.69792,19646,1,0.000000,CLEANSE_CHAN
1296,0.00938,-8.98438,17993,1,0.000000,CLEANSE_CHAN
1297,0.00938,-9.01042,17993,1,0.000000,CLEANSE_CHAN
1298,0.00938,-9.01042,17993,1,0.000000,CLEANSE_CHAN
1299,0.00938,-9.01042,17993,1,0.000000,CLEANSE_CHAN
1300,0.00938,-9.01042,17993,1,0.000000,CLEANSE_CHAN
1301,0.00938,-9.01042,17993,1,0.000000,CLEANSE_CHAN
1302,0.00938,-8.98438,17993,1,0.000000,CLEANSE_CHAN
1303,0.00938,-9.01042,17993,1,0.000000,CLEANSE_CHAN
1304,0.00938,-8.98438,17993,1,0.000000,CLEANSE_CHAN
1305,0.00938,-9.01042,17993,1,0.000000,CLEANSE_CHAN
1306,0.00000,-9.01042,17993,1,0.000000,CLEANSE_CHAN
1307,0.00938,-9.01042,17993,1,0.000000,CLEANSE_CHAN
1308,0.00938,-9.01042,17993,1,0.000000,CLEANSE_CHAN
1309,0.00938,-8.98438,17993,1,0.000000,CLEANSE_CHAN
1310,0.00938,-9.01042,17993,1,0.000000,CLEANSE_CHAN
1311,0.00938,-8.98438,17993,1,0.000000,CLEANSE_CHAN
1312,0.00938,-8.98438,17993,1,0.000000,CLEANSE_CHAN
1313,0.00938,-8.98438,17993,1,0.000000,CLEANSE_CHAN
1314,0.00938,-8.98438,17993,1,0.000000,CLEANSE_CHAN
1315,0.00938,-9.01042,17993,1,0.000000,CLEANSE_CHAN
WARN: Stable pressure timeout occurred
1316,0.00938,-8.98438,17993,1,0.000000,CLEANSE_CHAN
Setting PWM frequency to 10666.666992
ARRVal = 187
1317,0.00938,-0.59896,19392,1,0.000000,CLEANSE_CHAN
1318,0.00000,1.64062,22471,1,0.000000,CLEANSE_CHAN
1319,0.00938,3.04688,25549,1,0.000000,CLEANSE_CHAN
1320,0.00938,2.39583,28626,1,0.000000,CLEANSE_CHAN
1321,0.00938,1.66667,30001,0,0.000000,CLEANSE_CHAN
PROTOCOL,CLEANSE_CHAN,STOP,0
PAUSE,2
1322,0.00938,1.66667,30001,0,0.000000,NA
1323,0.00938,1.66667,30001,0,0.000000,NA
VALVE_SET,01324,0.00938,1.66667,30001,0,0.000000,NA
RUN,FIN
CCLK,2023-09-15T10:20:25

>CTRIG,1,7,0,2023-05-31T11:52:32,2023-06-01T11:52:32,2023-06-02T11:52:32,2023-06-03T11:52:32,2023-06-04T11:52:32,2023-06-05T11:52:32,2023-06-06T11:52:32,2023-06-07T11:52:32,2023-06-08T11:52:32

>ISTAT,EDNA-SA,3.01,3.09,0,IDLE,NA/0/NA

>CSET,14,20,2,0,20000,0

>CSTAT,4,5/6000/8,5/66000/3,5/105000/3,5/125000/0,5/125000/0,1/0/0,1/0/0,1/0/0,1/0/0,3483000,110000,62000,311000,167000

>ISTAT,EDNA-SA,3.01,3.09,0,IDLE,NA/0/NA

>ISTAT,EDNA-SA,3.01,3.09,0,IDLE,NA/0/NA

>ISTAT,EDNA-SA,3.01,3.09,0,IDLE,NA/0/NA

>ISTAT,EDNA-SA,3.01,3.09,0,IDLE,NA/0/NA

>	
