CCLK,2023-08-21T11:29:46

>CTRIG,1,7,0,2023-05-31T11:52:32,2023-06-01T11:52:32,2023-06-02T11:52:32,2023-06-03T11:52:32,2023-06-04T11:52:32,2023-06-05T11:52:32,2023-06-06T11:52:32,2023-06-07T11:52:32,2023-06-08T11:52:32

>ISTAT,EDNA-SA,3.01,3.09,0,IDLE,NA/0/NA

>CSET,8,20,2,0,20000,0

>CSTAT,4,5/6000/8,1/0/0,1/0/0,1/0/0,1/0/0,1/0/0,1/0/0,1/0/0,1/0/0,3940000,150000,51000,419000,191000

>ISTAT,EDNA-SA,3.01,3.09,0,IDLE,NA/0/NA

>READ,NACK[0][2]

>LS,/logs,ACK

>READ,/logs,20000101.log,ACK

>READ,/logs,20000105.log,ACK

>READ,/logs,20000101.log,ACK

>ISTAT,EDNA-SA,3.01,3.09,0,IDLE,NA/0/NA

>ISTAT,EDNA-SA,3.01,3.09,0,IDLE,NA/0/NA

>ISTAT,EDNA-SA,3.01,3.09,0,IDLE,NA/0/NA

>RUN,PROTOCOL,SAMPLE_2,ACK
Started Run Task
Opened Eng and data files
Created Pressure Monitor Task
Created Script Task

>0,0.00938,1.69271,30000,0,0.000000,NA
1,0.00938,1.69271,30000,0,0.000000,NA
2,0.00000,1.69271,30000,0,0.000000,NA
Parsing script: mq_clean.txt
#eDNA Sampler Flush Tree, V3, FP-0003-02
SPEED,10000
PROTOCOL,FLUSH,START,0
VALVE_SET,2
PAUSE,2
3,0.00938,1.69271,30000,0,0.000000,FLUSH
4,0.00938,1.69271,30000,0,0.000000,FLUSH
HOME
VALVE_SET,0
PAUSE,2
5,0.00000,1.69271,30000,0,0.000000,FLUSH
6,0.00938,1.69271,30000,0,0.000000,FLUSH
#MILLI-Q FLUSH OF TREE OUT INLET, 6 mL, [21,20], [2]
PUMPC,MQ,3000,2,21/20,2
Setting PWM frequency to 5333.333496
ARRVal = 375
7,0.00000,1.01562,28549,1,0.000000,FLUSH
8,0.00000,0.33854,27010,1,0.000000,FLUSH
9,0.00938,-0.31250,25471,1,0.000000,FLUSH
10,0.00000,-0.85938,23933,1,0.000000,FLUSH
11,0.00938,-1.40625,22394,1,0.000000,FLUSH
12,0.00938,-1.90104,20854,1,0.000000,FLUSH
13,0.00938,-2.36979,19316,1,0.000000,FLUSH
14,0.00000,-2.76042,17999,1,0.000000,FLUSH
15,0.00938,-2.73438,17999,1,0.000000,FLUSH
16,0.00000,-2.73438,17999,1,0.000000,FLUSH
17,0.00938,-2.73438,17999,1,0.000000,FLUSH
18,0.00000,-2.73438,17999,1,0.000000,FLUSH
19,0.00938,-2.73438,17999,1,0.000000,FLUSH
20,0.00000,-2.73438,17999,1,0.000000,FLUSH
21,0.00000,-2.73438,17999,1,0.000000,FLUSH
22,0.00938,-2.70833,17999,1,0.000000,FLUSH
23,0.00938,-2.73438,17999,1,0.000000,FLUSH
24,0.00938,-2.73438,17999,1,0.000000,FLUSH
25,0.00938,-2.73438,17999,1,0.000000,FLUSH
26,0.00000,-2.73438,17999,1,0.000000,FLUSH
27,0.00938,-2.70833,17999,1,0.000000,FLUSH
28,0.00938,-2.73438,17999,1,0.000000,FLUSH
29,0.00938,-2.73438,17999,1,0.000000,FLUSH
30,0.00938,-2.73438,17999,1,0.000000,FLUSH
31,0.00000,-2.73438,17999,1,0.000000,FLUSH
32,0.00000,-2.73438,17999,1,0.000000,FLUSH
33,0.00938,-2.73438,17999,1,0.000000,FLUSH
WARN: Stable pressure timeout occurred
34,0.00938,-2.73438,17999,1,0.000000,FLUSH
Setting PWM frequency to 5333.333496
ARRVal = 375
35,0.00000,-2.18750,18214,1,0.000000,FLUSH
36,0.00938,0.10417,19762,1,0.000000,FLUSH
37,0.00938,1.64062,21301,1,0.000000,FLUSH
38,0.00000,2.31771,22839,1,0.000000,FLUSH
39,0.00938,2.63021,24378,1,0.000000,FLUSH
40,0.00938,2.81250,25916,1,0.000000,FLUSH
41,0.00000,2.10938,27454,1,0.000000,FLUSH
42,0.00938,2.10938,28993,1,0.000000,FLUSH
43,0.00938,2.50000,29947,0,0.000000,FLUSH
Setting PWM frequency to 5333.333496
ARRVal = 375
44,0.00000,0.41667,29417,1,0.000000,FLUSH
45,0.00938,-0.26042,27878,1,0.000000,FLUSH
46,0.00938,-0.88542,26318,1,0.000000,FLUSH
47,0.00000,-1.45833,24779,1,0.000000,FLUSH
48,0.00938,-1.97917,23240,1,0.000000,FLUSH
49,0.00000,-2.44792,21701,1,0.000000,FLUSH
50,0.00938,-2.86458,20163,1,0.000000,FLUSH
51,0.00000,-3.28125,18624,1,0.000000,FLUSH
52,0.00938,-3.43750,17975,1,0.000000,FLUSH
53,0.00938,-3.46354,17975,1,0.000000,FLUSH
54,0.00938,-3.46354,17975,1,0.000000,FLUSH
55,0.00938,-3.46354,17975,1,0.000000,FLUSH
56,0.00000,-3.46354,17975,1,0.000000,FLUSH
57,0.00000,-3.46354,17975,1,0.000000,FLUSH
58,0.00938,-3.46354,17975,1,0.000000,FLUSH
59,0.00938,-3.46354,17975,1,0.000000,FLUSH
60,0.00000,-3.46354,17975,1,0.000000,FLUSH
61,0.00938,-3.46354,17975,1,0.000000,FLUSH
62,0.00938,-3.46354,17975,1,0.000000,FLUSH
63,0.00938,-3.46354,17975,1,0.000000,FLUSH
64,0.00938,-3.46354,17975,1,0.000000,FLUSH
65,0.00938,-3.46354,17975,1,0.000000,FLUSH
66,0.00938,-3.46354,17975,1,0.000000,FLUSH
67,0.00938,-3.46354,17975,1,0.000000,FLUSH
68,0.00000,-3.46354,17975,1,0.000000,FLUSH
69,0.00938,-3.46354,17975,1,0.000000,FLUSH
70,0.00000,-3.46354,17975,1,0.000000,FLUSH
71,0.00938,-3.46354,17975,1,0.000000,FLUSH
WARN: Stable pressure timeout occurred
72,0.00000,-3.46354,17975,1,0.000000,FLUSH
Setting PWM frequency to 5333.333496
ARRVal = 375
73,0.00938,-0.91146,18854,1,0.000000,FLUSH
74,0.00938,0.88542,20393,1,0.000000,FLUSH
75,0.00938,1.97917,21931,1,0.000000,FLUSH
76,0.00000,2.36979,23480,1,0.000000,FLUSH
77,0.00938,2.63021,25018,1,0.000000,FLUSH
78,0.00000,2.57813,26556,1,0.000000,FLUSH
79,0.00938,2.05729,28095,1,0.000000,FLUSH
80,0.00938,2.39583,29634,1,0.000000,FLUSH
81,0.00000,2.21354,29999,0,0.000000,FLUSH
PROTOCOL,FLUSH,STOP,0
PAUSE,2
82,0.00938,1.97917,29999,0,0.000000,NA
83,0.00938,1.92708,29999,0,0.000000,NA
VALVE_SET,0
Parsing script: sam_flush.txt
#eDNA Sampler Inlet Sample Water Flush, V3, FP-0003-02
SPEED,10000
PROTOCOL,FLUSH,START,0
VALVE_SET,2
PAUSE,2
84,0.00000,1.92708,29999,0,0.000000,FLUSH
85,0.00000,1.90104,29999,0,0.000000,FLUSH
HOME
VALVE_SET,0
PAUSE,2
86,0.00938,1.90104,29999,0,0.000000,FLUSH
87,0.00938,1.90104,29999,0,0.000000,FLUSH
#OUTLET SEAWATER FLUSH, 3 mL, [2], [20/22]
PUMPC,SAM,3000,1,2,20/22
Setting PWM frequency to 5333.333496
ARRVal = 375
88,0.00938,1.27604,28902,1,0.000000,FLUSH
89,0.00938,1.11979,27363,1,0.000000,FLUSH
90,0.00938,1.27604,25825,1,0.000000,FLUSH
91,0.00000,0.98958,24286,1,0.000000,FLUSH
92,0.00938,0.80729,22748,1,0.000000,FLUSH
93,0.00938,0.67708,21209,1,0.000000,FLUSH
94,0.00938,0.59896,19671,1,0.000000,FLUSH
95,0.00938,0.52083,18130,1,0.000000,FLUSH
96,0.00938,1.06771,17999,1,0.000000,FLUSH
Setting PWM frequency to 5333.333496
ARRVal = 375
97,0.00000,1.09375,19395,1,0.000000,FLUSH
98,0.00938,1.30208,20934,1,0.000000,FLUSH
99,0.00938,1.19792,22473,1,0.000000,FLUSH
100,0.00938,1.74479,24011,1,0.000000,FLUSH
101,0.00938,1.66667,25550,1,0.000000,FLUSH
102,0.00938,1.64062,27088,1,0.000000,FLUSH
103,0.00938,1.58854,28627,1,0.000000,FLUSH
104,0.00938,1.48438,29980,0,0.000000,FLUSH
#INLET SEAWATER FLUSH, 6 mL, [2], [2]
PUMPC,SAM,3000,2,2,2
Setting PWM frequency to 5333.333496
ARRVal = 375
105,0.00938,1.11979,29832,1,0.000000,FLUSH
106,0.00000,0.70312,28282,1,0.000000,FLUSH
107,0.00938,0.52083,26744,1,0.000000,FLUSH
108,0.00000,0.44271,25205,1,0.000000,FLUSH
109,0.00000,0.41667,23667,1,0.000000,FLUSH
110,0.00000,0.39063,22128,1,0.000000,FLUSH
111,0.00938,0.36458,20590,1,0.000000,FLUSH
112,0.00938,0.31250,19051,1,0.000000,FLUSH
113,0.00938,0.67708,18000,1,0.000000,FLUSH
Setting PWM frequency to 5333.333496
ARRVal = 375
114,0.00938,1.82292,18478,1,0.000000,FLUSH
115,0.00000,2.55208,20016,1,0.000000,FLUSH
116,0.00938,2.73438,21559,1,0.000000,FLUSH
117,0.00938,2.78646,23097,1,0.000000,FLUSH
118,0.00938,2.78646,24638,1,0.000000,FLUSH
119,0.00938,2.81250,26176,1,0.000000,FLUSH
120,0.00000,2.81250,27714,1,0.000000,FLUSH
121,0.00000,2.91667,29253,1,0.000000,FLUSH
122,0.00000,2.23958,30000,0,0.000000,FLUSH
Setting PWM frequency to 5333.333496
ARRVal = 375
123,0.00938,1.14583,29215,1,0.000000,FLUSH
124,0.00938,0.62500,27676,1,0.000000,FLUSH
125,0.00000,0.44271,26137,1,0.000000,FLUSH
126,0.00938,0.36458,24595,1,0.000000,FLUSH
127,0.00938,0.31250,23057,1,0.000000,FLUSH
128,0.00938,0.28646,21518,1,0.000000,FLUSH
READ,NACK[0][3]

>129,0.00938,0.28646,19979,1,0.000000,FLUSH
130,0.00938,0.26042,18440,1,0.000000,FLUSH
131,0.00938,1.06771,18000,1,0.000000,FLUSH
Setting PWM frequency to 5333.333496
ARRVal = 375
132,0.00938,2.23958,19090,1,0.000000,FLUSH
133,0.00000,2.65625,20629,1,0.000000,FLUSH
134,0.00000,2.76042,22167,1,0.000000,FLUSH
135,0.00000,2.81250,23705,1,0.000000,FLUSH
136,0.00938,2.86458,25253,1,0.000000,FLUSH
137,0.00938,2.83854,26792,1,0.000000,FLUSH
138,0.00938,2.83854,28330,1,0.000000,FLUSH
139,0.00938,2.83854,29869,1,0.000000,FLUSH
140,0.00938,1.82292,30000,0,0.000000,FLUSH
PROTOCOL,FLUSH,STOP,0
PAUSE,2
141,0.00000,1.64062,30000,0,0.000000,NA
142,0.00938,1.61458,30000,0,0.000000,NA
VALVE_SET,0
Parsing script: f2_sam.txt
#eDNA Sampler Filter 2 Capture, 125 mL, V3, FP-0003-02
SPEED,DEFAULT
VALVE_SET,2
PAUSE,2
143,0.00000,1.61458,30000,0,0.000000,NA
144,0.00938,1.61458,30000,0,0.000000,NA
HOME
VALVE_SET,0
PAUSE,2
145,0.00938,1.61458,30000,0,0.000000,NA
146,0.00938,1.61458,30000,0,0.000000,NA
PROTOCOL,SAMPLE,START,2
SPEED,10000
#FILTER 2 CAPTURE, 5 TIMES, [2],[25,5,22]
PUMPC,SAM,3000,5,2,25/5/22
Setting PWM frequency to 5333.333496
ARRVal = 375
147,0.00938,0.85938,28695,1,0.000000,SAMPLE
148,0.00938,0.49479,27156,1,0.000000,SAMPLE
149,0.00938,0.39063,25617,1,0.000000,SAMPLE
150,0.00000,0.31250,24079,1,0.000000,SAMPLE
151,0.00000,0.26042,22540,1,0.000000,SAMPLE
152,0.00000,0.23438,21001,1,0.000000,SAMPLE
153,0.00938,0.18229,19461,1,0.000000,SAMPLE
154,0.00938,0.18229,17989,1,0.000000,SAMPLE
Setting PWM frequency to 5333.333496
ARRVal = 375
155,0.00000,1.25000,18040,1,0.000000,SAMPLE
156,0.00000,3.12500,19588,1,0.000000,SAMPLE
157,0.00938,4.55729,21127,1,0.000000,SAMPLE
158,0.00938,6.22396,22665,1,0.000000,SAMPLE
159,0.00938,8.09896,24204,1,0.000000,SAMPLE
160,0.00938,10.05208,25743,1,0.000000,SAMPLE
161,0.00938,12.18750,27281,1,0.000000,SAMPLE
162,0.00938,13.82812,28820,1,0.000000,SAMPLE
163,0.00938,13.82812,30003,0,0.000000,SAMPLE
164,0.00938,10.02604,30003,0,0.000000,SAMPLE
165,0.00938,7.73438,30003,0,0.000000,SAMPLE
166,0.00938,6.22396,30003,0,0.000000,SAMPLE
167,0.00938,5.20833,30003,0,0.000000,SAMPLE
168,0.00938,4.50521,30003,0,0.000000,SAMPLE
169,0.00938,3.80208,30003,0,0.000000,SAMPLE
170,0.00938,3.17708,30003,0,0.000000,SAMPLE
Setting PWM frequency to 5333.333496
ARRVal = 375
171,0.00938,0.67708,28654,1,0.000000,SAMPLE
172,0.00938,0.36458,27116,1,0.000000,SAMPLE
173,0.00938,0.28646,25577,1,0.000000,SAMPLE
174,0.00938,0.23438,24038,1,0.000000,SAMPLE
175,0.00938,0.20833,22500,1,0.000000,SAMPLE
176,0.00938,0.20833,20956,1,0.000000,SAMPLE
177,0.00000,0.18229,19417,1,0.000000,SAMPLE
178,0.00938,0.18229,17999,1,0.000000,SAMPLE
Setting PWM frequency to 5333.333496
ARRVal = 375
179,0.00000,1.56250,18108,1,0.000000,SAMPLE
180,0.00938,4.71354,19646,1,0.000000,SAMPLE
181,0.00938,7.16146,21185,1,0.000000,SAMPLE
182,0.00938,8.43750,22724,1,0.000000,SAMPLE
183,0.00938,9.29688,24262,1,0.000000,SAMPLE
184,0.00938,11.14583,25801,1,0.000000,SAMPLE
185,0.00938,13.28125,27339,1,0.000000,SAMPLE
186,0.00938,13.38542,28882,1,0.000000,SAMPLE
187,0.00938,10.83333,30020,0,0.000000,SAMPLE
188,0.00938,6.22396,30020,0,0.000000,SAMPLE
189,0.00938,4.24479,30020,0,0.000000,SAMPLE
190,0.00938,3.15104,30020,0,0.000000,SAMPLE
Setting PWM frequency to 5333.333496
ARRVal = 375
191,0.00938,0.85938,29124,1,0.000000,SAMPLE
192,0.00938,0.36458,27586,1,0.000000,SAMPLE
193,0.00000,0.26042,26048,1,0.000000,SAMPLE
194,0.00938,0.23438,24509,1,0.000000,SAMPLE
195,0.00938,0.20833,22970,1,0.000000,SAMPLE
196,0.00938,0.18229,21428,1,0.000000,SAMPLE
197,0.00938,0.15625,19890,1,0.000000,SAMPLE
198,0.00938,0.15625,18350,1,0.000000,SAMPLE
199,0.00000,1.45833,17999,1,0.000000,SAMPLE
Setting PWM frequency to 5333.333496
ARRVal = 375
200,0.00000,3.75000,19188,1,0.000000,SAMPLE
201,0.00000,6.61458,20726,1,0.000000,SAMPLE
202,0.00938,8.77604,22265,1,0.000000,SAMPLE
203,0.00938,10.18229,23803,1,0.000000,SAMPLE
204,0.00000,11.40625,25342,1,0.000000,SAMPLE
205,0.00000,12.10938,26880,1,0.000000,SAMPLE
206,0.00938,12.50000,28440,1,0.000000,SAMPLE
207,0.00000,13.17708,29979,0,0.000000,SAMPLE
208,0.00938,8.04688,29985,0,0.000000,SAMPLE
209,0.00938,5.62500,29985,0,0.000000,SAMPLE
210,0.00000,4.29688,29985,0,0.000000,SAMPLE
211,0.00938,3.48958,29985,0,0.000000,SAMPLE
Setting PWM frequency to 5333.333496
ARRVal = 375
212,0.00000,1.56250,29583,1,0.000000,SAMPLE
213,0.00000,0.41667,28044,1,0.000000,SAMPLE
214,0.00000,0.23438,26505,1,0.000000,SAMPLE
215,0.00938,0.18229,24967,1,0.000000,SAMPLE
216,0.00938,0.13021,23424,1,0.000000,SAMPLE
217,0.00938,0.10417,21886,1,0.000000,SAMPLE
218,0.00938,0.05208,20347,1,0.000000,SAMPLE
219,0.00000,0.05208,18809,1,0.000000,SAMPLE
220,0.00000,1.06771,18000,1,0.000000,SAMPLE
Setting PWM frequency to 5333.333496
ARRVal = 375
221,0.00938,2.81250,18728,1,0.000000,SAMPLE
222,0.00938,6.38021,20266,1,0.000000,SAMPLE
223,0.00938,9.89583,21805,1,0.000000,SAMPLE
224,0.00938,12.34375,23343,1,0.000000,SAMPLE
225,0.00938,13.77604,24882,1,0.000000,SAMPLE
226,0.00938,14.11458,26424,1,0.000000,SAMPLE
227,0.00000,13.56771,27963,1,0.000000,SAMPLE
228,0.00938,13.02083,29502,1,0.000000,SAMPLE
229,0.00000,8.69792,30015,0,0.000000,SAMPLE
230,0.00000,5.44271,30015,0,0.000000,SAMPLE
231,0.00000,3.82812,30015,0,0.000000,SAMPLE
232,0.00938,2.91667,30015,0,0.000000,SAMPLE
Setting PWM frequency to 5333.333496
ARRVal = 375
233,0.00000,0.54688,28666,1,0.000000,SAMPLE
234,0.00938,0.39063,27128,1,0.000000,SAMPLE
235,0.00938,0.36458,25589,1,0.000000,SAMPLE
236,0.00000,0.33854,24046,1,0.000000,SAMPLE
237,0.00938,0.33854,22507,1,0.000000,SAMPLE
238,0.00938,0.31250,20969,1,0.000000,SAMPLE
239,0.00938,0.31250,19430,1,0.000000,SAMPLE
240,0.00000,0.31250,17999,1,0.000000,SAMPLE
Setting PWM frequency to 5333.333496
ARRVal = 375
241,0.00938,1.53646,18090,1,0.000000,SAMPLE
242,0.00000,4.73958,19629,1,0.000000,SAMPLE
243,0.00938,7.65625,21168,1,0.000000,SAMPLE
244,0.00000,9.68750,22707,1,0.000000,SAMPLE
245,0.00938,10.91146,24246,1,0.000000,SAMPLE
246,0.00000,11.69271,25789,1,0.000000,SAMPLE
247,0.00938,12.23958,27327,1,0.000000,SAMPLE
248,0.00938,12.50000,28865,1,0.000000,SAMPLE
249,0.00938,10.96354,30000,0,0.000000,SAMPLE
250,0.00938,6.40625,30000,0,0.000000,SAMPLE
251,0.00938,4.37500,30000,0,0.000000,SAMPLE
252,0.00000,3.25521,30000,0,0.000000,SAMPLE
SPEED,DEFAULT
#FILTER 2 CAPTURE, 36 TIMES, [2],[25,5,22]
PUMPC,SAM,3000,36,2,25/5/22
Setting PWM frequency to 10666.666992
ARRVal = 187
253,0.00938,0.10417,28577,1,0.000000,SAMPLE
254,0.00000,-1.43229,25500,1,0.000000,SAMPLE
255,0.00000,-1.90104,22420,1,0.000000,SAMPLE
256,0.00938,-2.08333,19324,1,0.000000,SAMPLE
257,0.00000,0.02604,17991,1,0.000000,SAMPLE
Setting PWM frequency to 10666.666992
ARRVal = 187
258,0.00938,1.45833,18217,1,0.000000,SAMPLE
259,0.00938,9.84375,21294,1,0.000000,SAMPLE
260,0.00000,18.54167,24371,1,0.000000,SAMPLE
261,0.00938,22.55209,27448,1,0.000000,SAMPLE
262,0.00000,23.15104,30091,0,0.000000,SAMPLE
263,0.00938,10.07813,30091,0,0.000000,SAMPLE
264,0.00000,6.38021,30091,0,0.000000,SAMPLE
265,0.00000,4.58333,30091,0,0.000000,SAMPLE
266,0.00938,3.51562,30091,0,0.000000,SAMPLE
Setting PWM frequency to 10666.666992
ARRVal = 187
267,0.00000,1.71875,29464,1,0.000000,SAMPLE
268,0.00000,-1.14583,26387,1,0.000000,SAMPLE
269,0.00938,-1.71875,23310,1,0.000000,SAMPLE
270,0.00938,-1.90104,20233,1,0.000000,SAMPLE
271,0.00938,-0.91146,17994,1,0.000000,SAMPLE
272,0.00938,1.38021,17994,1,0.000000,SAMPLE
Setting PWM frequency to 10666.666992
ARRVal = 187
273,0.00000,8.15104,20668,1,0.000000,SAMPLE
274,0.00000,18.59375,23746,1,0.000000,SAMPLE
275,0.00938,25.52083,26823,1,0.000000,SAMPLE
276,0.00938,27.42188,29908,0,0.000000,SAMPLE
277,0.00938,11.90104,30002,0,0.000000,SAMPLE
278,0.00938,7.31771,30002,0,0.000000,SAMPLE
279,0.00938,5.15625,30002,0,0.000000,SAMPLE
280,0.00938,3.95833,30002,0,0.000000,SAMPLE
281,0.00938,3.17708,30002,0,0.000000,SAMPLE
Setting PWM frequency to 10666.666992
ARRVal = 187
282,0.00938,-0.41667,27627,1,0.000000,SAMPLE
283,0.00938,-1.27604,24550,1,0.000000,SAMPLE
284,0.00000,-1.56250,21473,1,0.000000,SAMPLE
285,0.00000,-1.69271,18396,1,0.000000,SAMPLE
286,0.00938,1.66667,17992,1,0.000000,SAMPLE
Setting PWM frequency to 10666.666992
ARRVal = 187
287,0.00938,5.91146,19749,1,0.000000,SAMPLE
288,0.00938,16.56250,22826,1,0.000000,SAMPLE
289,0.00000,24.76563,25906,1,0.000000,SAMPLE
290,0.00938,28.07292,28983,1,0.000000,SAMPLE
291,0.00000,15.18229,29998,0,0.000000,SAMPLE
292,0.00000,8.69792,29998,0,0.000000,SAMPLE
293,0.00000,5.93750,29998,0,0.000000,SAMPLE
294,0.00938,4.47917,29998,0,0.000000,SAMPLE
295,0.00938,3.59375,29998,0,0.000000,SAMPLE
Setting PWM frequency to 10666.666992
ARRVal = 187
296,0.00938,1.84896,29456,1,0.000000,SAMPLE
297,0.00938,-0.91146,26379,1,0.000000,SAMPLE
298,0.00938,-1.43229,23302,1,0.000000,SAMPLE
299,0.00938,-1.64062,20225,1,0.000000,SAMPLE
300,0.00000,-0.57292,17994,1,0.000000,SAMPLE
301,0.00000,1.79688,17994,1,0.000000,SAMPLE
Setting PWM frequency to 10666.666992
ARRVal = 187
302,0.00000,10.54688,20974,1,0.000000,SAMPLE
303,0.00938,25.07813,24051,1,0.000000,SAMPLE
Pressure Threshold Reached
304,0.00000,19.08854,25662,1,0.000000,SAMPLE
305,0.00000,10.78125,25662,1,0.000000,SAMPLE
306,0.00938,7.57812,25662,1,0.000000,SAMPLE
307,0.00938,5.83333,25662,1,0.000000,SAMPLE
308,0.00000,4.76563,25662,1,0.000000,SAMPLE
309,0.00000,4.01042,25662,1,0.000000,SAMPLE
Setting PWM frequency to 8533.333008
ARRVal = 234
Reduced pump speed to 16000
310,0.00938,6.71875,26811,1,0.000000,SAMPLE
311,0.00938,16.51042,29274,1,0.000000,SAMPLE
312,0.00938,12.81250,29930,0,0.000000,SAMPLE
313,0.00938,8.61979,29930,0,0.000000,SAMPLE
314,0.00000,6.51042,29930,0,0.000000,SAMPLE
315,0.00938,5.23438,29930,0,0.000000,SAMPLE
316,0.00938,4.37500,29930,0,0.000000,SAMPLE
317,0.00938,3.77604,29930,0,0.000000,SAMPLE
318,0.00938,3.30729,29930,0,0.000000,SAMPLE
Setting PWM frequency to 8533.333008
ARRVal = 234
319,0.00000,0.00000,27852,1,0.000000,SAMPLE
320,0.00000,-0.46875,25391,1,0.000000,SAMPLE
321,0.00000,-0.57292,22929,1,0.000000,SAMPLE
322,0.00000,-0.62500,20465,1,0.000000,SAMPLE
323,0.00938,-0.67708,18003,1,0.000000,SAMPLE
324,0.00000,1.74479,17989,1,0.000000,SAMPLE
Setting PWM frequency to 8533.333008
ARRVal = 234
325,0.00000,7.65625,20135,1,0.000000,SAMPLE
326,0.00938,17.73438,22603,1,0.000000,SAMPLE
327,0.00938,25.31250,25065,1,0.000000,SAMPLE
328,0.00938,27.94271,27527,1,0.000000,SAMPLE
329,0.00938,27.42188,29988,0,0.000000,SAMPLE
330,0.00938,12.39583,30002,0,0.000000,SAMPLE
331,0.00000,7.78646,30002,0,0.000000,SAMPLE
332,0.00938,5.59896,30002,0,0.000000,SAMPLE
333,0.00938,4.29688,30002,0,0.000000,SAMPLE
334,0.00938,3.46354,30002,0,0.000000,SAMPLE
Setting PWM frequency to 8533.333008
ARRVal = 234
335,0.00938,0.83333,29073,1,0.000000,SAMPLE
336,0.00000,-0.36458,26605,1,0.000000,SAMPLE
337,0.00000,-0.57292,24144,1,0.000000,SAMPLE
338,0.00938,-0.67708,21682,1,0.000000,SAMPLE
339,0.00000,-0.70312,19220,1,0.000000,SAMPLE
340,0.00938,1.19792,17995,1,0.000000,SAMPLE
Setting PWM frequency to 8533.333008
ARRVal = 234
341,0.00000,3.54167,18910,1,0.000000,SAMPLE
342,0.00938,12.05729,21372,1,0.000000,SAMPLE
343,0.00000,20.52084,23833,1,0.000000,SAMPLE
344,0.00938,25.28646,26295,1,0.000000,SAMPLE
345,0.00938,27.23958,28759,1,0.000000,SAMPLE
346,0.00938,17.83854,30000,0,0.000000,SAMPLE
347,0.00938,9.86979,30000,0,0.000000,SAMPLE
348,0.00938,6.74479,30000,0,0.000000,SAMPLE
349,0.00938,5.05208,30000,0,0.000000,SAMPLE
350,0.00938,3.98438,30000,0,0.000000,SAMPLE
351,0.00938,3.28125,30000,0,0.000000,SAMPLE
Setting PWM frequency to 8533.333008
ARRVal = 234
352,0.00938,0.18229,28339,1,0.000000,SAMPLE
353,0.00938,-0.49479,25878,1,0.000000,SAMPLE
354,0.00938,-0.65104,23416,1,0.000000,SAMPLE
355,0.00938,-0.70312,20954,1,0.000000,SAMPLE
356,0.00938,-0.72917,18484,1,0.000000,SAMPLE
357,0.00938,1.64062,17995,1,0.000000,SAMPLE
Setting PWM frequency to 8533.333008
ARRVal = 234
358,0.00000,5.83333,19644,1,0.000000,SAMPLE
359,0.00938,15.28646,22106,1,0.000000,SAMPLE
360,0.00938,23.48959,24567,1,0.000000,SAMPLE
361,0.00938,27.52604,27029,1,0.000000,SAMPLE
362,0.00938,28.95834,29491,1,0.000000,SAMPLE
363,0.00938,14.84375,30000,0,0.000000,SAMPLE
364,0.00938,8.93229,30000,0,0.000000,SAMPLE
365,0.00938,6.27604,30000,0,0.000000,SAMPLE
366,0.00938,4.76563,30000,0,0.000000,SAMPLE
367,0.00938,3.77604,30000,0,0.000000,SAMPLE
368,0.00938,3.15104,30000,0,0.000000,SAMPLE
Setting PWM frequency to 8533.333008
ARRVal = 234
369,0.00938,-0.07812,27850,1,0.000000,SAMPLE
370,0.00938,-0.54688,25389,1,0.000000,SAMPLE
371,0.00938,-0.70312,22927,1,0.000000,SAMPLE
372,0.00938,-0.72917,20465,1,0.000000,SAMPLE
373,0.00938,-0.78125,18003,1,0.000000,SAMPLE
374,0.00938,1.66667,17988,1,0.000000,SAMPLE
Setting PWM frequency to 8533.333008
ARRVal = 234
375,0.00938,7.57812,20134,1,0.000000,SAMPLE
376,0.00938,17.63021,22602,1,0.000000,SAMPLE
377,0.00938,25.65104,25063,1,0.000000,SAMPLE
378,0.00938,29.21875,27525,1,0.000000,SAMPLE
Pressure Threshold Reached
379,0.00938,21.17188,29061,1,0.000000,SAMPLE
380,0.00938,11.04167,29061,1,0.000000,SAMPLE
381,0.00938,7.39583,29061,1,0.000000,SAMPLE
382,0.00938,5.46875,29061,1,0.000000,SAMPLE
383,0.00938,4.27083,29061,1,0.000000,SAMPLE
384,0.00938,3.48958,29061,1,0.000000,SAMPLE
Setting PWM frequency to 6826.666504
ARRVal = 292
Reduced pump speed to 12800
385,0.00938,4.81771,29797,1,0.000000,SAMPLE
386,0.00938,4.73958,29976,0,0.000000,SAMPLE
387,0.00938,3.77604,29976,0,0.000000,SAMPLE
388,0.00000,3.15104,29976,0,0.000000,SAMPLE
Setting PWM frequency to 6826.666504
ARRVal = 292
389,0.00938,0.33854,28285,1,0.000000,SAMPLE
390,0.00938,0.05208,26309,1,0.000000,SAMPLE
391,0.00938,0.00000,24335,1,0.000000,SAMPLE
392,0.00938,-0.05208,22360,1,0.000000,SAMPLE
393,0.00938,-0.05208,20386,1,0.000000,SAMPLE
394,0.00938,-0.07812,18412,1,0.000000,SAMPLE
395,0.00938,1.64062,17970,1,0.000000,SAMPLE
Setting PWM frequency to 6826.666504
ARRVal = 292
396,0.00938,5.46875,19507,1,0.000000,SAMPLE
397,0.00938,12.50000,21482,1,0.000000,SAMPLE
398,0.00938,19.14062,23456,1,0.000000,SAMPLE
399,0.00000,23.38542,25431,1,0.000000,SAMPLE
400,0.00000,25.57292,27405,1,0.000000,SAMPLE
401,0.00938,26.77083,29381,1,0.000000,SAMPLE
402,0.00938,16.48438,30027,0,0.000000,SAMPLE
403,0.00000,10.13021,30027,0,0.000000,SAMPLE
404,0.00938,7.23958,30027,0,0.000000,SAMPLE
405,0.00938,5.57292,30027,0,0.000000,SAMPLE
406,0.00938,4.47917,30027,0,0.000000,SAMPLE
407,0.00938,3.72396,30027,0,0.000000,SAMPLE
408,0.00000,3.17708,30027,0,0.000000,SAMPLE
Setting PWM frequency to 6826.666504
ARRVal = 292
409,0.00000,0.26042,28078,1,0.000000,SAMPLE
410,0.00938,0.00000,26104,1,0.000000,SAMPLE
411,0.00000,-0.05208,24129,1,0.000000,SAMPLE
412,0.00000,-0.07812,22153,1,0.000000,SAMPLE
413,0.00000,-0.10417,20178,1,0.000000,SAMPLE
414,0.00938,-0.13021,18204,1,0.000000,SAMPLE
415,0.00938,1.61458,17998,1,0.000000,SAMPLE
Setting PWM frequency to 6826.666504
ARRVal = 292
416,0.00000,6.17188,19732,1,0.000000,SAMPLE
417,0.00938,13.82812,21705,1,0.000000,SAMPLE
418,0.00938,21.38021,23680,1,0.000000,SAMPLE
419,0.00938,26.30208,25654,1,0.000000,SAMPLE
420,0.00938,28.72396,27629,1,0.000000,SAMPLE
421,0.00938,29.86979,29603,1,0.000000,SAMPLE
Pressure Threshold Reached
422,0.00938,16.09375,29850,1,0.000000,SAMPLE
423,0.00938,10.39063,29850,1,0.000000,SAMPLE
424,0.00938,7.63021,29850,1,0.000000,SAMPLE
425,0.00938,5.96354,29850,1,0.000000,SAMPLE
426,0.00000,4.86979,29850,1,0.000000,SAMPLE
427,0.00000,4.06250,29850,1,0.000000,SAMPLE
428,0.00938,3.46354,29850,1,0.000000,SAMPLE
Setting PWM frequency to 5461.333496
ARRVal = 366
Reduced pump speed to 10240
429,0.00938,3.30729,29954,0,0.000000,SAMPLE
Setting PWM frequency to 5461.333496
ARRVal = 366
430,0.00000,0.67708,28743,1,0.000000,SAMPLE
431,0.00938,0.46875,27166,1,0.000000,SAMPLE
432,0.00938,0.41667,25590,1,0.000000,SAMPLE
433,0.00938,0.39063,24014,1,0.000000,SAMPLE
434,0.00938,0.39063,22438,1,0.000000,SAMPLE
435,0.00938,0.39063,20860,1,0.000000,SAMPLE
436,0.00938,0.36458,19274,1,0.000000,SAMPLE
437,0.00000,0.78125,17982,1,0.000000,SAMPLE
Setting PWM frequency to 5461.333496
ARRVal = 366
438,0.00938,1.92708,18256,1,0.000000,SAMPLE
439,0.00938,6.58854,19833,1,0.000000,SAMPLE
440,0.00000,12.31771,21409,1,0.000000,SAMPLE
441,0.00938,17.96875,22985,1,0.000000,SAMPLE
442,0.00000,22.23959,24561,1,0.000000,SAMPLE
443,0.00938,24.89583,26138,1,0.000000,SAMPLE
444,0.00938,26.43229,27714,1,0.000000,SAMPLE
445,0.00938,27.39583,29290,1,0.000000,SAMPLE
446,0.00938,19.73958,30022,0,0.000000,SAMPLE
447,0.00000,12.42188,30022,0,0.000000,SAMPLE
448,0.00938,9.08854,30022,0,0.000000,SAMPLE
449,0.00938,7.10938,30022,0,0.000000,SAMPLE
450,0.00938,5.80729,30022,0,0.000000,SAMPLE
451,0.00938,4.86979,30022,0,0.000000,SAMPLE
452,0.00938,4.16667,30022,0,0.000000,SAMPLE
453,0.00938,3.61979,30022,0,0.000000,SAMPLE
Setting PWM frequency to 5461.333496
ARRVal = 366
454,0.00938,2.26563,29727,1,0.000000,SAMPLE
455,0.00938,0.52083,28151,1,0.000000,SAMPLE
456,0.00938,0.41667,26571,1,0.000000,SAMPLE
457,0.00938,0.39063,24994,1,0.000000,SAMPLE
458,0.00938,0.39063,23417,1,0.000000,SAMPLE
459,0.00938,0.36458,21840,1,0.000000,SAMPLE
460,0.00938,0.33854,20264,1,0.000000,SAMPLE
461,0.00938,0.33854,18688,1,0.000000,SAMPLE
462,0.00938,1.48438,17998,1,0.000000,SAMPLE
Setting PWM frequency to 5461.333496
ARRVal = 366
463,0.00938,3.54167,18885,1,0.000000,SAMPLE
464,0.00000,8.93229,20462,1,0.000000,SAMPLE
465,0.00938,15.54688,22038,1,0.000000,SAMPLE
466,0.00938,21.97917,23618,1,0.000000,SAMPLE
467,0.00938,26.64062,25194,1,0.000000,SAMPLE
468,0.00938,29.24479,26770,1,0.000000,SAMPLE
Pressure Threshold Reached
469,0.00938,20.83333,27441,1,0.000000,SAMPLE
470,0.00938,13.33333,27441,1,0.000000,SAMPLE
471,0.00938,9.84375,27441,1,0.000000,SAMPLE
472,0.00938,7.78646,27441,1,0.000000,SAMPLE
473,0.00938,6.38021,27441,1,0.000000,SAMPLE
474,0.00938,5.39063,27441,1,0.000000,SAMPLE
475,0.00938,4.63542,27441,1,0.000000,SAMPLE
476,0.00938,4.03646,27441,1,0.000000,SAMPLE
477,0.00938,3.56771,27441,1,0.000000,SAMPLE
Setting PWM frequency to 4369.066895
ARRVal = 457
Reduced pump speed to 8192
478,0.00938,5.28646,28156,1,0.000000,SAMPLE
479,0.00938,9.84375,29419,1,0.000000,SAMPLE
480,0.00938,10.83333,29982,0,0.000000,SAMPLE
481,0.00938,8.43750,29982,0,0.000000,SAMPLE
482,0.00938,6.90104,29982,0,0.000000,SAMPLE
483,0.00938,5.78125,29982,0,0.000000,SAMPLE
484,0.00938,4.97396,29982,0,0.000000,SAMPLE
485,0.00938,4.34896,29982,0,0.000000,SAMPLE
486,0.00938,3.82812,29982,0,0.000000,SAMPLE
487,0.00938,3.43750,29982,0,0.000000,SAMPLE
Setting PWM frequency to 4369.066895
ARRVal = 457
488,0.00938,0.91146,29143,1,0.000000,SAMPLE
489,0.00938,0.72917,27880,1,0.000000,SAMPLE
490,0.00938,0.70312,26616,1,0.000000,SAMPLE
491,0.00938,0.67708,25354,1,0.000000,SAMPLE
492,0.00938,0.67708,24089,1,0.000000,SAMPLE
493,0.00938,0.65104,22826,1,0.000000,SAMPLE
494,0.00938,0.65104,21563,1,0.000000,SAMPLE
495,0.00938,0.62500,20300,1,0.000000,SAMPLE
496,0.00938,0.65104,19034,1,0.000000,SAMPLE
497,0.00938,0.96354,17999,1,0.000000,SAMPLE
Setting PWM frequency to 4369.066895
ARRVal = 457
498,0.00938,1.82292,18228,1,0.000000,SAMPLE
499,0.00000,5.44271,19490,1,0.000000,SAMPLE
500,0.00000,10.02604,20753,1,0.000000,SAMPLE
501,0.00000,15.15625,22017,1,0.000000,SAMPLE
502,0.00000,20.15625,23280,1,0.000000,SAMPLE
503,0.00938,24.16667,24544,1,0.000000,SAMPLE
504,0.00938,26.87500,25807,1,0.000000,SAMPLE
505,0.00938,28.48959,27070,1,0.000000,SAMPLE
506,0.00000,29.50521,28336,1,0.000000,SAMPLE
Pressure Threshold Reached
507,0.00938,24.55729,29121,1,0.000000,SAMPLE
508,0.00938,15.72917,29121,1,0.000000,SAMPLE
509,0.00938,11.71875,29121,1,0.000000,SAMPLE
510,0.00938,9.32292,29121,1,0.000000,SAMPLE
511,0.00938,7.70833,29121,1,0.000000,SAMPLE
512,0.00000,6.53646,29121,1,0.000000,SAMPLE
513,0.00000,5.65104,29121,1,0.000000,SAMPLE
514,0.00938,4.94792,29121,1,0.000000,SAMPLE
515,0.00000,4.37500,29121,1,0.000000,SAMPLE
516,0.00938,3.90625,29121,1,0.000000,SAMPLE
Setting PWM frequency to 3494.933350
ARRVal = 572
Reduced pump speed to 6553
517,0.00000,4.55729,29494,1,0.000000,SAMPLE
518,0.00000,5.96354,29972,0,0.000000,SAMPLE
519,0.00938,5.15625,29972,0,0.000000,SAMPLE
520,0.00938,4.55729,29972,0,0.000000,SAMPLE
521,0.00000,4.06250,29972,0,0.000000,SAMPLE
522,0.00938,3.67188,29972,0,0.000000,SAMPLE
Setting PWM frequency to 3494.933350
ARRVal = 572
523,0.00938,3.30729,29929,1,0.000000,SAMPLE
524,0.00000,0.93750,28919,1,0.000000,SAMPLE
525,0.00000,0.88542,27909,1,0.000000,SAMPLE
526,0.00000,0.88542,26893,1,0.000000,SAMPLE
527,0.00000,0.85938,25883,1,0.000000,SAMPLE
528,0.00938,0.85938,24874,1,0.000000,SAMPLE
529,0.00938,0.88542,23864,1,0.000000,SAMPLE
530,0.00938,0.85938,22855,1,0.000000,SAMPLE
531,0.00000,0.85938,21845,1,0.000000,SAMPLE
532,0.00938,0.83333,20836,1,0.000000,SAMPLE
533,0.00938,0.83333,19826,1,0.000000,SAMPLE
534,0.00000,0.80729,18816,1,0.000000,SAMPLE
535,0.00938,1.09375,17990,1,0.000000,SAMPLE
Setting PWM frequency to 3494.933350
ARRVal = 572
536,0.00938,1.69271,18164,1,0.000000,SAMPLE
537,0.00938,4.45312,19175,1,0.000000,SAMPLE
538,0.00000,7.76042,20184,1,0.000000,SAMPLE
539,0.00938,11.51042,21194,1,0.000000,SAMPLE
540,0.00000,15.36458,22203,1,0.000000,SAMPLE
541,0.00938,19.01042,23213,1,0.000000,SAMPLE
542,0.00938,22.08334,24223,1,0.000000,SAMPLE
543,0.00938,24.40104,25232,1,0.000000,SAMPLE
544,0.00938,26.06771,26242,1,0.000000,SAMPLE
545,0.00938,27.26562,27251,1,0.000000,SAMPLE
546,0.00000,28.15104,28264,1,0.000000,SAMPLE
547,0.00938,28.80209,29273,1,0.000000,SAMPLE
548,0.00000,26.32813,30016,0,0.000000,SAMPLE
549,0.00938,17.47396,30016,0,0.000000,SAMPLE
550,0.00938,13.25521,30016,0,0.000000,SAMPLE
551,0.00000,10.70312,30016,0,0.000000,SAMPLE
552,0.00938,8.95833,30016,0,0.000000,SAMPLE
553,0.00938,7.65625,30016,0,0.000000,SAMPLE
554,0.00000,6.66667,30016,0,0.000000,SAMPLE
555,0.00938,5.88542,30016,0,0.000000,SAMPLE
556,0.00938,5.20833,30016,0,0.000000,SAMPLE
557,0.00000,4.68750,30016,0,0.000000,SAMPLE
558,0.00938,4.24479,30016,0,0.000000,SAMPLE
559,0.00000,3.85417,30016,0,0.000000,SAMPLE
560,0.00000,3.54167,30016,0,0.000000,SAMPLE
Setting PWM frequency to 3494.933350
ARRVal = 572
561,0.00938,1.06771,29427,1,0.000000,SAMPLE
562,0.00938,0.88542,28417,1,0.000000,SAMPLE
563,0.00938,0.96354,27408,1,0.000000,SAMPLE
564,0.00938,1.09375,26398,1,0.000000,SAMPLE
565,0.00938,1.19792,25389,1,0.000000,SAMPLE
566,0.00938,1.19792,24376,1,0.000000,SAMPLE
567,0.00938,1.19792,23367,1,0.000000,SAMPLE
568,0.00938,1.19792,22357,1,0.000000,SAMPLE
569,0.00000,1.19792,21348,1,0.000000,SAMPLE
570,0.00938,1.17188,20338,1,0.000000,SAMPLE
571,0.00938,1.17188,19327,1,0.000000,SAMPLE
572,0.00938,1.17188,18318,1,0.000000,SAMPLE
573,0.00938,1.79688,17993,1,0.000000,SAMPLE
Setting PWM frequency to 3494.933350
ARRVal = 572
574,0.00938,3.33333,18680,1,0.000000,SAMPLE
575,0.00938,6.56250,19689,1,0.000000,SAMPLE
576,0.00000,10.39063,20701,1,0.000000,SAMPLE
577,0.00938,14.73958,21711,1,0.000000,SAMPLE
578,0.00938,19.24479,22720,1,0.000000,SAMPLE
579,0.00938,23.41146,23730,1,0.000000,SAMPLE
580,0.00938,26.84896,24739,1,0.000000,SAMPLE
581,0.00938,29.32292,25749,1,0.000000,SAMPLE
Pressure Threshold Reached
582,0.00938,22.57813,26076,1,0.000000,SAMPLE
583,0.00938,16.30209,26076,1,0.000000,SAMPLE
584,0.00938,12.83854,26076,1,0.000000,SAMPLE
585,0.00938,10.59896,26076,1,0.000000,SAMPLE
586,0.00938,8.98438,26076,1,0.000000,SAMPLE
587,0.00938,7.76042,26076,1,0.000000,SAMPLE
588,0.00938,6.82292,26076,1,0.000000,SAMPLE
589,0.00938,6.06771,26076,1,0.000000,SAMPLE
590,0.00938,5.41667,26076,1,0.000000,SAMPLE
591,0.00938,4.89583,26076,1,0.000000,SAMPLE
592,0.00000,4.45312,26076,1,0.000000,SAMPLE
593,0.00938,4.08854,26076,1,0.000000,SAMPLE
594,0.00000,3.75000,26076,1,0.000000,SAMPLE
Setting PWM frequency to 2795.733398
ARRVal = 715
Reduced pump speed to 5242
595,0.00938,5.13021,26616,1,0.000000,SAMPLE
596,0.00938,7.94271,27429,1,0.000000,SAMPLE
597,0.00938,11.09375,28237,1,0.000000,SAMPLE
598,0.00938,14.40104,29045,1,0.000000,SAMPLE
599,0.00938,17.73438,29853,1,0.000000,SAMPLE
600,0.00938,15.15625,29986,0,0.000000,SAMPLE
601,0.00000,12.26563,29986,0,0.000000,SAMPLE
602,0.00000,10.28646,29986,0,0.000000,SAMPLE
603,0.00938,8.85417,29986,0,0.000000,SAMPLE
604,0.00938,7.76042,29986,0,0.000000,SAMPLE
605,0.00938,6.84896,29986,0,0.000000,SAMPLE
606,0.00938,6.14583,29986,0,0.000000,SAMPLE
607,0.00000,5.54688,29986,0,0.000000,SAMPLE
608,0.00000,5.02604,29986,0,0.000000,SAMPLE
609,0.00000,4.58333,29986,0,0.000000,SAMPLE
610,0.00000,4.21875,29986,0,0.000000,SAMPLE
611,0.00938,3.90625,29986,0,0.000000,SAMPLE
612,0.00000,3.59375,29986,0,0.000000,SAMPLE
Setting PWM frequency to 2795.733398
ARRVal = 715
613,0.00000,1.97917,29782,1,0.000000,SAMPLE
614,0.00938,1.35417,28974,1,0.000000,SAMPLE
615,0.00000,1.32813,28166,1,0.000000,SAMPLE
616,0.00938,1.32813,27356,1,0.000000,SAMPLE
617,0.00938,1.32813,26548,1,0.000000,SAMPLE
618,0.00938,1.30208,25740,1,0.000000,SAMPLE
619,0.00938,1.30208,24932,1,0.000000,SAMPLE
620,0.00938,1.30208,24124,1,0.000000,SAMPLE
621,0.00938,1.30208,23316,1,0.000000,SAMPLE
622,0.00000,1.30208,22508,1,0.000000,SAMPLE
623,0.00000,1.27604,21700,1,0.000000,SAMPLE
624,0.00000,1.27604,20892,1,0.000000,SAMPLE
625,0.00938,1.27604,20084,1,0.000000,SAMPLE
626,0.00938,1.27604,19274,1,0.000000,SAMPLE
627,0.00938,1.27604,18466,1,0.000000,SAMPLE
628,0.00938,1.69271,18000,1,0.000000,SAMPLE
Setting PWM frequency to 2795.733398
ARRVal = 715
629,0.00000,2.34375,18336,1,0.000000,SAMPLE
630,0.00938,4.66146,19144,1,0.000000,SAMPLE
631,0.00938,7.36979,19952,1,0.000000,SAMPLE
632,0.00938,10.41667,20760,1,0.000000,SAMPLE
633,0.00938,13.72396,21568,1,0.000000,SAMPLE
634,0.00938,17.13542,22376,1,0.000000,SAMPLE
635,0.00938,20.41667,23183,1,0.000000,SAMPLE
636,0.00938,23.41146,23993,1,0.000000,SAMPLE
637,0.00938,25.91146,24801,1,0.000000,SAMPLE
638,0.00938,27.89063,25610,1,0.000000,SAMPLE
639,0.00938,29.32292,26418,1,0.000000,SAMPLE
Pressure Threshold Reached
640,0.00938,26.38021,26920,1,0.000000,SAMPLE
641,0.00938,19.01042,26920,1,0.000000,SAMPLE
642,0.00938,15.02604,26920,1,0.000000,SAMPLE
643,0.00938,12.44792,26920,1,0.000000,SAMPLE
644,0.00938,10.59896,26920,1,0.000000,SAMPLE
645,0.00938,9.21875,26920,1,0.000000,SAMPLE
646,0.00938,8.12500,26920,1,0.000000,SAMPLE
647,0.00938,7.23958,26920,1,0.000000,SAMPLE
648,0.00938,6.51042,26920,1,0.000000,SAMPLE
649,0.00938,5.88542,26920,1,0.000000,SAMPLE
650,0.00938,5.36458,26920,1,0.000000,SAMPLE
651,0.00938,4.89583,26920,1,0.000000,SAMPLE
652,0.00938,4.50521,26920,1,0.000000,SAMPLE
653,0.00938,4.16667,26920,1,0.000000,SAMPLE
654,0.00938,3.88021,26920,1,0.000000,SAMPLE
Setting PWM frequency to 2236.266602
ARRVal = 894
Reduced pump speed to 4193
655,0.00938,4.29688,27161,1,0.000000,SAMPLE
656,0.00938,6.38021,27812,1,0.000000,SAMPLE
657,0.00938,8.64583,28458,1,0.000000,SAMPLE
658,0.00938,11.09375,29104,1,0.000000,SAMPLE
659,0.00938,13.59375,29751,1,0.000000,SAMPLE
660,0.00938,13.17708,29986,0,0.000000,SAMPLE
661,0.00938,11.14583,29986,0,0.000000,SAMPLE
662,0.00938,9.60938,29986,0,0.000000,SAMPLE
663,0.00938,8.46354,29986,0,0.000000,SAMPLE
664,0.00938,7.52604,29986,0,0.000000,SAMPLE
665,0.00938,6.77083,29986,0,0.000000,SAMPLE
666,0.00938,6.11979,29986,0,0.000000,SAMPLE
667,0.00938,5.57292,29986,0,0.000000,SAMPLE
668,0.00938,5.10417,29986,0,0.000000,SAMPLE
669,0.00938,4.71354,29986,0,0.000000,SAMPLE
670,0.00938,4.34896,29986,0,0.000000,SAMPLE
671,0.00938,4.03646,29986,0,0.000000,SAMPLE
672,0.00000,3.75000,29986,0,0.000000,SAMPLE
673,0.00938,3.51562,29986,0,0.000000,SAMPLE
Setting PWM frequency to 2236.266602
ARRVal = 894
674,0.00938,1.40625,29505,1,0.000000,SAMPLE
675,0.00938,1.35417,28858,1,0.000000,SAMPLE
676,0.00938,1.32813,28210,1,0.000000,SAMPLE
677,0.00938,1.32813,27564,1,0.000000,SAMPLE
678,0.00938,1.32813,26917,1,0.000000,SAMPLE
679,0.00938,1.32813,26271,1,0.000000,SAMPLE
680,0.00938,1.32813,25625,1,0.000000,SAMPLE
681,0.00938,1.32813,24978,1,0.000000,SAMPLE
682,0.00938,1.32813,24332,1,0.000000,SAMPLE
683,0.00938,1.30208,23685,1,0.000000,SAMPLE
684,0.00938,1.30208,23039,1,0.000000,SAMPLE
685,0.00938,1.30208,22393,1,0.000000,SAMPLE
686,0.00938,1.30208,21744,1,0.000000,SAMPLE
687,0.00938,1.30208,21098,1,0.000000,SAMPLE
688,0.00938,1.30208,20451,1,0.000000,SAMPLE
689,0.00938,1.30208,19805,1,0.000000,SAMPLE
690,0.00938,1.30208,19159,1,0.000000,SAMPLE
691,0.00938,1.27604,18513,1,0.000000,SAMPLE
692,0.00938,1.51042,18001,1,0.000000,SAMPLE
Setting PWM frequency to 2236.266602
ARRVal = 894
693,0.00938,1.77083,18125,1,0.000000,SAMPLE
694,0.00938,3.48958,18771,1,0.000000,SAMPLE
695,0.00938,5.41667,19418,1,0.000000,SAMPLE
696,0.00938,7.57812,20066,1,0.000000,SAMPLE
697,0.00938,9.89583,20713,1,0.000000,SAMPLE
698,0.00938,12.31771,21359,1,0.000000,SAMPLE
699,0.00938,14.79167,22005,1,0.000000,SAMPLE
700,0.00938,17.21354,22652,1,0.000000,SAMPLE
701,0.00938,19.53125,23298,1,0.000000,SAMPLE
702,0.00938,21.58854,23944,1,0.000000,SAMPLE
703,0.00938,23.41146,24590,1,0.000000,SAMPLE
704,0.00938,24.94792,25237,1,0.000000,SAMPLE
705,0.00938,26.22396,25883,1,0.000000,SAMPLE
706,0.00938,27.23958,26532,1,0.000000,SAMPLE
707,0.00938,28.04688,27178,1,0.000000,SAMPLE
708,0.00938,28.72396,27825,1,0.000000,SAMPLE
709,0.00938,29.29688,28471,1,0.000000,SAMPLE
710,0.00938,29.79167,29117,1,0.000000,SAMPLE
Pressure Threshold Reached
711,0.00938,25.15625,29391,1,0.000000,SAMPLE
712,0.00938,19.27083,29391,1,0.000000,SAMPLE
713,0.00000,15.70313,29391,1,0.000000,SAMPLE
714,0.00938,13.28125,29391,1,0.000000,SAMPLE
715,0.00938,11.51042,29390,1,0.000000,SAMPLE
716,0.00938,10.13021,29390,1,0.000000,SAMPLE
717,0.00938,9.01042,29390,1,0.000000,SAMPLE
718,0.00938,8.09896,29390,1,0.000000,SAMPLE
719,0.00000,7.31771,29390,1,0.000000,SAMPLE
720,0.00000,6.66667,29390,1,0.000000,SAMPLE
721,0.00938,6.11979,29390,1,0.000000,SAMPLE
722,0.00938,5.62500,29390,1,0.000000,SAMPLE
723,0.00938,5.20833,29390,1,0.000000,SAMPLE
724,0.00938,4.81771,29390,1,0.000000,SAMPLE
725,0.00938,4.47917,29390,1,0.000000,SAMPLE
726,0.00938,4.19271,29390,1,0.000000,SAMPLE
727,0.00000,3.90625,29390,1,0.000000,SAMPLE
728,0.00938,3.67188,29390,1,0.000000,SAMPLE
Setting PWM frequency to 1788.800049
ARRVal = 1118
Reduced pump speed to 3354
729,0.00938,4.34896,29678,1,0.000000,SAMPLE
730,0.00938,5.31250,29998,0,0.000000,SAMPLE
731,0.00938,4.86979,29998,0,0.000000,SAMPLE
732,0.00938,4.50521,29998,0,0.000000,SAMPLE
733,0.00938,4.21875,29998,0,0.000000,SAMPLE
734,0.00938,3.93229,29998,0,0.000000,SAMPLE
735,0.00938,3.67188,29998,0,0.000000,SAMPLE
ERR: Could not translate line PUMPC
VALVE_SET,2
PUMP,DRW,SAM,2000
ERR: Could not translate line PUMP
VALVE_SET,25,5,22
PUMP,INJ,SAM,2000
ERR: Could not translate line PUMP
PROTOCOL,SAMPLE,STOP,2
PAUSE,2
736,0.00938,3.46354,29998,0,0.000000,NA
737,0.00938,3.22917,29998,0,0.000000,NA
VALVE_SET,0
Parsing script: f2_rna.txt
VALVE_SET,2
PAUSE,2
738,0.00938,3.07292,29998,0,0.000000,NA
739,0.00938,1.58854,29998,0,0.000000,NA
HOME
VALVE_SET,0
PAUSE,2
740,0.00938,1.58854,29998,0,0.000000,NA
741,0.00938,1.58854,29998,0,0.000000,NA
#FILTER 2 ADD PRESERVATIVE ###########
PROTOCOL,PRESERVE,START,2
PUMPC,RNA,3000,2,4,25/5/9
Setting PWM frequency to 1788.800049
ARRVal = 1118
742,0.00938,1.58854,30000,0,0.000000,PRESERVE
743,0.00938,-0.05208,29483,1,0.000000,PRESERVE
744,0.00938,-0.91146,28966,1,0.000000,PRESERVE
745,0.00938,-1.66667,28449,1,0.000000,PRESERVE
746,0.00938,-2.36979,27930,1,0.000000,PRESERVE
747,0.00938,-2.99479,27413,1,0.000000,PRESERVE
748,0.00938,-3.51562,26896,1,0.000000,PRESERVE
749,0.00938,-3.98438,26379,1,0.000000,PRESERVE
750,0.00938,-4.47917,25862,1,0.000000,PRESERVE
751,0.00938,-4.89583,25345,1,0.000000,PRESERVE
752,0.00938,-5.26042,24827,1,0.000000,PRESERVE
753,0.00938,-5.59896,24310,1,0.000000,PRESERVE
754,0.00938,-5.91146,23794,1,0.000000,PRESERVE
755,0.00938,-6.19792,23276,1,0.000000,PRESERVE
756,0.00938,-6.48438,22758,1,0.000000,PRESERVE
757,0.00938,-6.74479,22241,1,0.000000,PRESERVE
758,0.00938,-7.00521,21724,1,0.000000,PRESERVE
759,0.00938,-7.23958,21207,1,0.000000,PRESERVE
760,0.00938,-7.50000,20691,1,0.000000,PRESERVE
761,0.00938,-7.70833,20173,1,0.000000,PRESERVE
762,0.00938,-7.89062,19656,1,0.000000,PRESERVE
763,0.00938,-8.09896,19139,1,0.000000,PRESERVE
764,0.00938,-8.25521,18622,1,0.000000,PRESERVE
765,0.00000,-8.41146,18105,1,0.000000,PRESERVE
766,0.00938,-8.46354,18000,1,0.000000,PRESERVE
767,0.00938,-8.46354,18000,1,0.000000,PRESERVE
768,0.00938,-8.46354,18000,1,0.000000,PRESERVE
769,0.00000,-8.46354,18000,1,0.000000,PRESERVE
770,0.00938,-8.46354,18000,1,0.000000,PRESERVE
771,0.00938,-8.46354,18000,1,0.000000,PRESERVE
772,0.00938,-8.46354,18000,1,0.000000,PRESERVE
773,0.00000,-8.46354,18000,1,0.000000,PRESERVE
774,0.00000,-8.46354,18000,1,0.000000,PRESERVE
775,0.00938,-8.46354,18000,1,0.000000,PRESERVE
776,0.00938,-8.46354,18000,1,0.000000,PRESERVE
777,0.00000,-8.46354,18000,1,0.000000,PRESERVE
778,0.00938,-8.46354,18000,1,0.000000,PRESERVE
779,0.00938,-8.46354,18000,1,0.000000,PRESERVE
780,0.00938,-8.46354,18000,1,0.000000,PRESERVE
781,0.00000,-8.46354,18000,1,0.000000,PRESERVE
782,0.00938,-8.46354,18000,1,0.000000,PRESERVE
783,0.00938,-8.46354,18000,1,0.000000,PRESERVE
784,0.00938,-8.46354,18000,1,0.000000,PRESERVE
785,0.00938,-8.46354,18000,1,0.000000,PRESERVE
WARN: Stable pressure timeout occurred
786,0.00938,-8.46354,18000,1,0.000000,PRESERVE
Setting PWM frequency to 1788.800049
ARRVal = 1118
787,0.00938,-7.60417,18404,1,0.000000,PRESERVE
788,0.00938,-7.03125,18921,1,0.000000,PRESERVE
789,0.00000,-6.56250,19438,1,0.000000,PRESERVE
790,0.00938,-6.25000,19955,1,0.000000,PRESERVE
791,0.00938,-5.93750,20472,1,0.000000,PRESERVE
792,0.00000,-5.59896,20989,1,0.000000,PRESERVE
793,0.00938,-5.23438,21506,1,0.000000,PRESERVE
794,0.00938,-4.84375,22024,1,0.000000,PRESERVE
795,0.00938,-4.42708,22541,1,0.000000,PRESERVE
796,0.00000,-3.95833,23061,1,0.000000,PRESERVE
797,0.00938,-3.41146,23578,1,0.000000,PRESERVE
798,0.00938,-2.81250,24095,1,0.000000,PRESERVE
799,0.00938,-2.18750,24612,1,0.000000,PRESERVE
800,0.00938,-1.48438,25129,1,0.000000,PRESERVE
801,0.00938,-0.72917,25646,1,0.000000,PRESERVE
802,0.00938,-0.07812,26163,1,0.000000,PRESERVE
803,0.00938,0.52083,26680,1,0.000000,PRESERVE
804,0.00000,1.48438,27197,1,0.000000,PRESERVE
805,0.00938,2.47396,27714,1,0.000000,PRESERVE
806,0.00938,3.54167,28233,1,0.000000,PRESERVE
807,0.00938,4.55729,28750,1,0.000000,PRESERVE
808,0.00938,5.62500,29267,1,0.000000,PRESERVE
809,0.00000,6.71875,29784,1,0.000000,PRESERVE
810,0.00938,6.84896,29992,0,0.000000,PRESERVE
811,0.00938,6.06771,29992,0,0.000000,PRESERVE
812,0.00000,5.49479,29992,0,0.000000,PRESERVE
813,0.00938,5.02604,29992,0,0.000000,PRESERVE
814,0.00938,4.63542,29992,0,0.000000,PRESERVE
815,0.00000,4.32292,29992,0,0.000000,PRESERVE
816,0.00938,4.03646,29992,0,0.000000,PRESERVE
817,0.00938,3.80208,29992,0,0.000000,PRESERVE
818,0.00938,3.61979,29992,0,0.000000,PRESERVE
Setting PWM frequency to 1788.800049
ARRVal = 1118
819,0.00938,-1.19792,29805,1,0.000000,PRESERVE
820,0.00938,-2.26563,29288,1,0.000000,PRESERVE
821,0.00938,-3.12500,28771,1,0.000000,PRESERVE
822,0.00000,-3.80208,28254,1,0.000000,PRESERVE
823,0.00938,-4.42708,27737,1,0.000000,PRESERVE
824,0.00000,-5.00000,27220,1,0.000000,PRESERVE
825,0.00938,-5.54688,26703,1,0.000000,PRESERVE
826,0.00938,-5.98958,26185,1,0.000000,PRESERVE
827,0.00938,-6.38021,25667,1,0.000000,PRESERVE
828,0.00938,-6.74479,25150,1,0.000000,PRESERVE
829,0.00938,-7.13542,24633,1,0.000000,PRESERVE
830,0.00938,-7.47396,24116,1,0.000000,PRESERVE
831,0.00938,-7.81250,23599,1,0.000000,PRESERVE
832,0.00938,-8.04688,23083,1,0.000000,PRESERVE
833,0.00938,-8.28125,22565,1,0.000000,PRESERVE
834,0.00000,-8.46354,22048,1,0.000000,PRESERVE
835,0.00938,-8.67188,21532,1,0.000000,PRESERVE
836,0.00938,-8.85417,21013,1,0.000000,PRESERVE
837,0.00938,-9.03646,20496,1,0.000000,PRESERVE
838,0.00938,-9.19271,19979,1,0.000000,PRESERVE
839,0.00938,-9.37500,19462,1,0.000000,PRESERVE
840,0.00938,-9.47917,18945,1,0.000000,PRESERVE
841,0.00938,-9.60938,18428,1,0.000000,PRESERVE
842,0.00938,-9.73958,18000,1,0.000000,PRESERVE
843,0.00938,-9.73958,18000,1,0.000000,PRESERVE
844,0.00938,-9.73958,18000,1,0.000000,PRESERVE
845,0.00938,-9.73958,18000,1,0.000000,PRESERVE
846,0.00938,-9.73958,18000,1,0.000000,PRESERVE
847,0.00000,-9.73958,18000,1,0.000000,PRESERVE
848,0.00938,-9.73958,18000,1,0.000000,PRESERVE
849,0.00938,-9.73958,18000,1,0.000000,PRESERVE
850,0.00938,-9.73958,18000,1,0.000000,PRESERVE
851,0.00000,-9.73958,18000,1,0.000000,PRESERVE
852,0.00938,-9.73958,18000,1,0.000000,PRESERVE
853,0.00938,-9.73958,18000,1,0.000000,PRESERVE
854,0.00938,-9.73958,18000,1,0.000000,PRESERVE
855,0.00938,-9.73958,18000,1,0.000000,PRESERVE
856,0.00938,-9.73958,18000,1,0.000000,PRESERVE
857,0.00938,-9.73958,18000,1,0.000000,PRESERVE
858,0.00938,-9.73958,18000,1,0.000000,PRESERVE
859,0.00938,-9.73958,18000,1,0.000000,PRESERVE
860,0.00938,-9.73958,18000,1,0.000000,PRESERVE
861,0.00938,-9.73958,18000,1,0.000000,PRESERVE
WARN: Stable pressure timeout occurred
862,0.00938,-9.73958,18000,1,0.000000,PRESERVE
Setting PWM frequency to 1788.800049
ARRVal = 1118
863,0.00938,-7.57812,18089,1,0.000000,PRESERVE
864,0.00938,-7.16146,18606,1,0.000000,PRESERVE
865,0.00938,-6.66667,19123,1,0.000000,PRESERVE
866,0.00000,-6.17188,19643,1,0.000000,PRESERVE
867,0.00000,-5.85938,20160,1,0.000000,PRESERVE
868,0.00938,-5.54688,20677,1,0.000000,PRESERVE
869,0.00938,-5.18229,21195,1,0.000000,PRESERVE
870,0.00938,-4.81771,21712,1,0.000000,PRESERVE
871,0.00938,-4.37500,22229,1,0.000000,PRESERVE
872,0.00938,-3.90625,22746,1,0.000000,PRESERVE
873,0.00938,-3.33333,23263,1,0.000000,PRESERVE
874,0.00938,-2.76042,23780,1,0.000000,PRESERVE
875,0.00938,-2.16146,24297,1,0.000000,PRESERVE
876,0.00938,-1.48438,24815,1,0.000000,PRESERVE
877,0.00938,-0.75521,25332,1,0.000000,PRESERVE
878,0.00938,-0.10417,25849,1,0.000000,PRESERVE
879,0.00938,0.49479,26366,1,0.000000,PRESERVE
880,0.00938,1.43229,26883,1,0.000000,PRESERVE
881,0.00938,2.44792,27400,1,0.000000,PRESERVE
882,0.00938,3.46354,27917,1,0.000000,PRESERVE
883,0.00938,4.50521,28434,1,0.000000,PRESERVE
884,0.00938,5.52083,28951,1,0.000000,PRESERVE
885,0.00938,6.53646,29468,1,0.000000,PRESERVE
886,0.00000,7.57812,29986,0,0.000000,PRESERVE
887,0.00938,6.90104,30007,0,0.000000,PRESERVE
888,0.00938,6.17188,30007,0,0.000000,PRESERVE
889,0.00938,5.57292,30007,0,0.000000,PRESERVE
890,0.00938,5.10417,30007,0,0.000000,PRESERVE
891,0.00938,4.71354,30007,0,0.000000,PRESERVE
892,0.00938,4.37500,30007,0,0.000000,PRESERVE
893,0.00938,4.11458,30007,0,0.000000,PRESERVE
894,0.00938,3.88021,30007,0,0.000000,PRESERVE
895,0.00938,3.69792,30007,0,0.000000,PRESERVE
896,0.00938,3.56771,30007,0,0.000000,PRESERVE
PROTOCOL,PRESERVE,STOP,2
PAUSE,2
897,0.00938,3.41146,30007,0,0.000000,NA
898,0.00938,3.25521,30007,0,0.000000,NA
VALVE_SET,0Parsing script: post_clean.txt
#eDNA Sampler Flush Tree, V3, FP-0003-02
SPEED,DEFAULT
VALVE_SET,2 
PAUSE,2
899,0.00938,1.43229,30007,0,0.000000,NA
900,0.00938,1.43229,30007,0,0.000000,NA
HOME
VALVE_SET,0
PAUSE,2
901,0.00000,1.43229,30007,0,0.000000,NA
902,0.00938,1.43229,30007,0,0.000000,NA
PROTOCOL,CLEANSE_CHAN,START,0
#MILLI-Q FLUSH OF TREE OUT INLET, 9 mL, [21,20], [2]
PUMPC,MQ,3000,3,21/20,2
Setting PWM frequency to 10666.666992
ARRVal = 187
903,0.00938,-1.64062,27164,1,0.000000,CLEANSE_CHAN
904,0.00938,-3.72396,24087,1,0.000000,CLEANSE_CHAN
905,0.00938,-5.28646,21010,1,0.000000,CLEANSE_CHAN
906,0.00938,-6.45833,17993,1,0.000000,CLEANSE_CHAN
907,0.00938,-6.45833,17993,1,0.000000,CLEANSE_CHAN
908,0.00000,-6.48438,17993,1,0.000000,CLEANSE_CHAN
909,0.00938,-6.48438,17993,1,0.000000,CLEANSE_CHAN
910,0.00938,-6.45833,17993,1,0.000000,CLEANSE_CHAN
911,0.00938,-6.45833,17993,1,0.000000,CLEANSE_CHAN
912,0.00938,-6.45833,17993,1,0.000000,CLEANSE_CHAN
913,0.00938,-6.48438,17993,1,0.000000,CLEANSE_CHAN
914,0.00000,-6.45833,17993,1,0.000000,CLEANSE_CHAN
915,0.00938,-6.45833,17993,1,0.000000,CLEANSE_CHAN
916,0.00000,-6.45833,17993,1,0.000000,CLEANSE_CHAN
917,0.00938,-6.45833,17993,1,0.000000,CLEANSE_CHAN
918,0.00938,-6.48438,17993,1,0.000000,CLEANSE_CHAN
919,0.00938,-6.45833,17993,1,0.000000,CLEANSE_CHAN
920,0.00938,-6.45833,17993,1,0.000000,CLEANSE_CHAN
921,0.00938,-6.48438,17993,1,0.000000,CLEANSE_CHAN
922,0.00938,-6.45833,17993,1,0.000000,CLEANSE_CHAN
923,0.00938,-6.45833,17993,1,0.000000,CLEANSE_CHAN
924,0.00938,-6.45833,17993,1,0.000000,CLEANSE_CHAN
925,0.00938,-6.45833,17993,1,0.000000,CLEANSE_CHAN
WARN: Stable pressure timeout occurred
926,0.00938,-6.45833,17993,1,0.000000,CLEANSE_CHAN
Setting PWM frequency to 10666.666992
ARRVal = 187
927,0.00938,-6.45833,18051,1,0.000000,CLEANSE_CHAN
928,0.00938,-0.93750,21128,1,0.000000,CLEANSE_CHAN
929,0.00938,3.46354,24205,1,0.000000,CLEANSE_CHAN
930,0.00938,4.21875,27283,1,0.000000,CLEANSE_CHAN
931,0.00938,4.40104,30148,0,0.000000,CLEANSE_CHAN
932,0.00000,1.45833,30148,0,0.000000,CLEANSE_CHAN
Setting PWM frequency to 10666.666992
ARRVal = 187
933,0.00938,-4.45312,27325,1,0.000000,CLEANSE_CHAN
934,0.00938,-5.75521,24248,1,0.000000,CLEANSE_CHAN
935,0.00938,-6.69271,21171,1,0.000000,CLEANSE_CHAN
936,0.00938,-7.52604,18076,1,0.000000,CLEANSE_CHAN
937,0.00938,-7.60417,17994,1,0.000000,CLEANSE_CHAN
938,0.00938,-7.60417,17994,1,0.000000,CLEANSE_CHAN
939,0.00938,-7.60417,17994,1,0.000000,CLEANSE_CHAN
940,0.00938,-7.60417,17994,1,0.000000,CLEANSE_CHAN
941,0.00938,-7.60417,17994,1,0.000000,CLEANSE_CHAN
942,0.00938,-7.60417,17994,1,0.000000,CLEANSE_CHAN
943,0.00938,-7.60417,17994,1,0.000000,CLEANSE_CHAN
944,0.00938,-7.60417,17994,1,0.000000,CLEANSE_CHAN
945,0.00938,-7.60417,17994,1,0.000000,CLEANSE_CHAN
946,0.00938,-7.60417,17994,1,0.000000,CLEANSE_CHAN
947,0.00938,-7.60417,17994,1,0.000000,CLEANSE_CHAN
948,0.00938,-7.60417,17994,1,0.000000,CLEANSE_CHAN
949,0.00938,-7.60417,17994,1,0.000000,CLEANSE_CHAN
950,0.00938,-7.60417,17994,1,0.000000,CLEANSE_CHAN
951,0.00000,-7.60417,17994,1,0.000000,CLEANSE_CHAN
952,0.00938,-7.60417,17994,1,0.000000,CLEANSE_CHAN
953,0.00938,-7.60417,17994,1,0.000000,CLEANSE_CHAN
954,0.00938,-7.60417,17994,1,0.000000,CLEANSE_CHAN
955,0.00938,-7.60417,17994,1,0.000000,CLEANSE_CHAN
956,0.00938,-7.60417,17994,1,0.000000,CLEANSE_CHAN
WARN: Stable pressure timeout occurred
957,0.00938,-7.60417,17994,1,0.000000,CLEANSE_CHAN
Setting PWM frequency to 10666.666992
ARRVal = 187
958,0.00000,-3.98438,20965,1,0.000000,CLEANSE_CHAN
959,0.00938,2.36979,24042,1,0.000000,CLEANSE_CHAN
960,0.00938,4.01042,27119,1,0.000000,CLEANSE_CHAN
961,0.00000,4.34896,30001,0,0.000000,CLEANSE_CHAN
962,0.00938,1.43229,30001,0,0.000000,CLEANSE_CHAN
Setting PWM frequency to 10666.666992
ARRVal = 187
963,0.00938,-4.92188,27324,1,0.000000,CLEANSE_CHAN
964,0.00938,-6.04167,24247,1,0.000000,CLEANSE_CHAN
965,0.00938,-6.95313,21170,1,0.000000,CLEANSE_CHAN
966,0.00938,-7.68229,18075,1,0.000000,CLEANSE_CHAN
967,0.00938,-7.73438,17995,1,0.000000,CLEANSE_CHAN
968,0.00938,-7.73438,17995,1,0.000000,CLEANSE_CHAN
969,0.00938,-7.73438,17995,1,0.000000,CLEANSE_CHAN
970,0.00938,-7.73438,17995,1,0.000000,CLEANSE_CHAN
971,0.00938,-7.73438,17995,1,0.000000,CLEANSE_CHAN
972,0.00938,-7.76042,17995,1,0.000000,CLEANSE_CHAN
973,0.00938,-7.73438,17995,1,0.000000,CLEANSE_CHAN
974,0.00938,-7.73438,17995,1,0.000000,CLEANSE_CHAN
975,0.00938,-7.73438,17995,1,0.000000,CLEANSE_CHAN
976,0.00938,-7.73438,17995,1,0.000000,CLEANSE_CHAN
977,0.00938,-7.73438,17995,1,0.000000,CLEANSE_CHAN
978,0.00938,-7.73438,17995,1,0.000000,CLEANSE_CHAN
979,0.00938,-7.73438,17995,1,0.000000,CLEANSE_CHAN
980,0.00938,-7.73438,17995,1,0.000000,CLEANSE_CHAN
981,0.00938,-7.73438,17995,1,0.000000,CLEANSE_CHAN
982,0.00938,-7.73438,17995,1,0.000000,CLEANSE_CHAN
983,0.00938,-7.73438,17995,1,0.000000,CLEANSE_CHAN
984,0.00938,-7.76042,17995,1,0.000000,CLEANSE_CHAN
985,0.00938,-7.73438,17995,1,0.000000,CLEANSE_CHAN
986,0.00938,-7.73438,17995,1,0.000000,CLEANSE_CHAN
WARN: Stable pressure timeout occurred
987,0.00938,-7.73438,17995,1,0.000000,CLEANSE_CHAN
Setting PWM frequency to 10666.666992
ARRVal = 187
988,0.00938,-4.37500,20966,1,0.000000,CLEANSE_CHAN
989,0.00938,2.10938,24043,1,0.000000,CLEANSE_CHAN
990,0.00938,3.93229,27121,1,0.000000,CLEANSE_CHAN
991,0.00000,4.34896,29999,0,0.000000,CLEANSE_CHAN
992,0.00938,1.43229,29999,0,0.000000,CLEANSE_CHAN
#HCL FLUSH OF TREE OUT INLET, 9 mL, [8,20], [2]
PUMPC,HCL,3000,3,8/20,2
Setting PWM frequency to 10666.666992
ARRVal = 187
993,0.00938,-4.32292,27347,1,0.000000,CLEANSE_CHAN
994,0.00938,-5.62500,24270,1,0.000000,CLEANSE_CHAN
995,0.00938,-6.53646,21193,1,0.000000,CLEANSE_CHAN
996,0.00000,-7.29167,18097,1,0.000000,CLEANSE_CHAN
997,0.00938,-7.36979,17994,1,0.000000,CLEANSE_CHAN
998,0.00938,-7.39583,17994,1,0.000000,CLEANSE_CHAN
999,0.00938,-7.36979,17994,1,0.000000,CLEANSE_CHAN
1000,0.00000,-7.36979,17994,1,0.000000,CLEANSE_CHAN
1001,0.00000,-7.39583,17994,1,0.000000,CLEANSE_CHAN
1002,0.00938,-7.39583,17994,1,0.000000,CLEANSE_CHAN
1003,0.00938,-7.39583,17994,1,0.000000,CLEANSE_CHAN
1004,0.00938,-7.39583,17994,1,0.000000,CLEANSE_CHAN
1005,0.00000,-7.39583,17994,1,0.000000,CLEANSE_CHAN
1006,0.00938,-7.39583,17994,1,0.000000,CLEANSE_CHAN
1007,0.00938,-7.39583,17994,1,0.000000,CLEANSE_CHAN
1008,0.00938,-7.39583,17994,1,0.000000,CLEANSE_CHAN
1009,0.00938,-7.39583,17994,1,0.000000,CLEANSE_CHAN
1010,0.00000,-7.39583,17994,1,0.000000,CLEANSE_CHAN
1011,0.00938,-7.36979,17994,1,0.000000,CLEANSE_CHAN
1012,0.00938,-7.36979,17994,1,0.000000,CLEANSE_CHAN
1013,0.00000,-7.36979,17994,1,0.000000,CLEANSE_CHAN
1014,0.00938,-7.36979,17994,1,0.000000,CLEANSE_CHAN
1015,0.00938,-7.36979,17994,1,0.000000,CLEANSE_CHAN
1016,0.00938,-7.39583,17994,1,0.000000,CLEANSE_CHAN
WARN: Stable pressure timeout occurred
1017,0.00938,-7.39583,17994,1,0.000000,CLEANSE_CHAN
Setting PWM frequency to 10666.666992
ARRVal = 187
1018,0.00938,-3.93229,20943,1,0.000000,CLEANSE_CHAN
1019,0.00938,2.21354,24021,1,0.000000,CLEANSE_CHAN
1020,0.00938,3.93229,27098,1,0.000000,CLEANSE_CHAN
1021,0.00938,4.32292,30000,0,0.000000,CLEANSE_CHAN
1022,0.00938,1.40625,30000,0,0.000000,CLEANSE_CHAN
Setting PWM frequency to 10666.666992
ARRVal = 187
1023,0.00938,-4.66146,27325,1,0.000000,CLEANSE_CHAN
1024,0.00938,-5.80729,24248,1,0.000000,CLEANSE_CHAN
1025,0.00000,-6.66667,21171,1,0.000000,CLEANSE_CHAN
1026,0.00938,-7.39583,18076,1,0.000000,CLEANSE_CHAN
1027,0.00938,-7.50000,17994,1,0.000000,CLEANSE_CHAN
1028,0.00938,-7.50000,17994,1,0.000000,CLEANSE_CHAN
1029,0.00938,-7.52604,17994,1,0.000000,CLEANSE_CHAN
1030,0.00938,-7.50000,17994,1,0.000000,CLEANSE_CHAN
1031,0.00938,-7.50000,17994,1,0.000000,CLEANSE_CHAN
1032,0.00938,-7.50000,17994,1,0.000000,CLEANSE_CHAN
1033,0.00938,-7.52604,17994,1,0.000000,CLEANSE_CHAN
1034,0.00000,-7.52604,17994,1,0.000000,CLEANSE_CHAN
1035,0.00938,-7.50000,17994,1,0.000000,CLEANSE_CHAN
1036,0.00938,-7.52604,17994,1,0.000000,CLEANSE_CHAN
1037,0.00938,-7.52604,17994,1,0.000000,CLEANSE_CHAN
1038,0.00000,-7.52604,17994,1,0.000000,CLEANSE_CHAN
1039,0.00938,-7.52604,17994,1,0.000000,CLEANSE_CHAN
1040,0.00938,-7.52604,17994,1,0.000000,CLEANSE_CHAN
1041,0.00938,-7.52604,17994,1,0.000000,CLEANSE_CHAN
1042,0.00938,-7.52604,17994,1,0.000000,CLEANSE_CHAN
1043,0.00938,-7.52604,17994,1,0.000000,CLEANSE_CHAN
1044,0.00938,-7.50000,17994,1,0.000000,CLEANSE_CHAN
1045,0.00000,-7.52604,17994,1,0.000000,CLEANSE_CHAN
1046,0.00938,-7.52604,17994,1,0.000000,CLEANSE_CHAN
WARN: Stable pressure timeout occurred
1047,0.00000,-7.52604,17994,1,0.000000,CLEANSE_CHAN
Setting PWM frequency to 10666.666992
ARRVal = 187
1048,0.00000,-4.24479,20965,1,0.000000,CLEANSE_CHAN
1049,0.00938,1.95312,24042,1,0.000000,CLEANSE_CHAN
1050,0.00000,3.82812,27122,1,0.000000,CLEANSE_CHAN
1051,0.00938,4.27083,30000,0,0.000000,CLEANSE_CHAN
1052,0.00938,1.43229,30000,0,0.000000,CLEANSE_CHAN
Setting PWM frequency to 10666.666992
ARRVal = 187
1053,0.00938,-4.55729,27325,1,0.000000,CLEANSE_CHAN
1054,0.00938,-5.83333,24248,1,0.000000,CLEANSE_CHAN
1055,0.00000,-6.79688,21171,1,0.000000,CLEANSE_CHAN
1056,0.00000,-7.57812,18076,1,0.000000,CLEANSE_CHAN
1057,0.00938,-7.63021,17994,1,0.000000,CLEANSE_CHAN
1058,0.00000,-7.60417,17994,1,0.000000,CLEANSE_CHAN
1059,0.00938,-7.63021,17994,1,0.000000,CLEANSE_CHAN
1060,0.00938,-7.63021,17994,1,0.000000,CLEANSE_CHAN
1061,0.00000,-7.63021,17994,1,0.000000,CLEANSE_CHAN
1062,0.00938,-7.60417,17994,1,0.000000,CLEANSE_CHAN
1063,0.00000,-7.63021,17994,1,0.000000,CLEANSE_CHAN
1064,0.00938,-7.63021,17994,1,0.000000,CLEANSE_CHAN
1065,0.00000,-7.60417,17994,1,0.000000,CLEANSE_CHAN
1066,0.00938,-7.60417,17994,1,0.000000,CLEANSE_CHAN
1067,0.00938,-7.63021,17994,1,0.000000,CLEANSE_CHAN
1068,0.00938,-7.63021,17994,1,0.000000,CLEANSE_CHAN
1069,0.00938,-7.63021,17994,1,0.000000,CLEANSE_CHAN
1070,0.00938,-7.60417,17994,1,0.000000,CLEANSE_CHAN
1071,0.00938,-7.60417,17994,1,0.000000,CLEANSE_CHAN
1072,0.00000,-7.63021,17994,1,0.000000,CLEANSE_CHAN
1073,0.00000,-7.63021,17994,1,0.000000,CLEANSE_CHAN
1074,0.00938,-7.63021,17994,1,0.000000,CLEANSE_CHAN
1075,0.00938,-7.60417,17994,1,0.000000,CLEANSE_CHAN
1076,0.00938,-7.63021,17994,1,0.000000,CLEANSE_CHAN
WARN: Stable pressure timeout occurred
1077,0.00938,-7.60417,17994,1,0.000000,CLEANSE_CHAN
Setting PWM frequency to 10666.666992
ARRVal = 187
1078,0.00000,-4.32292,20965,1,0.000000,CLEANSE_CHAN
1079,0.00938,1.82292,24044,1,0.000000,CLEANSE_CHAN
1080,0.00000,3.80208,27122,1,0.000000,CLEANSE_CHAN
1081,0.00000,4.27083,30000,0,0.000000,CLEANSE_CHAN
1082,0.00000,1.35417,30000,0,0.000000,CLEANSE_CHAN
#HCL FLUSH OF TREE OUT OUTLET, 1 mL, [8,20], [20,22]
PUMPC,HCL,1000,1,8/20,20/22
Setting PWM frequency to 10666.666992
ARRVal = 187
1083,0.00938,-4.71354,27352,1,0.000000,CLEANSE_CHAN
1084,0.00938,-5.28646,25995,1,0.000000,CLEANSE_CHAN
1085,0.00000,-5.28646,25995,1,0.000000,CLEANSE_CHAN
1086,0.00000,-5.31250,25995,1,0.000000,CLEANSE_CHAN
1087,0.00938,-5.28646,25995,1,0.000000,CLEANSE_CHAN
1088,0.00938,-5.31250,25995,1,0.000000,CLEANSE_CHAN
1089,0.00000,-5.31250,25995,1,0.000000,CLEANSE_CHAN
1090,0.00000,-5.31250,25995,1,0.000000,CLEANSE_CHAN
1091,0.00000,-5.28646,25995,1,0.000000,CLEANSE_CHAN
1092,0.00000,-5.31250,25995,1,0.000000,CLEANSE_CHAN
1093,0.00938,-5.31250,25995,1,0.000000,CLEANSE_CHAN
1094,0.00938,-5.31250,25995,1,0.000000,CLEANSE_CHAN
1095,0.00938,-5.28646,25995,1,0.000000,CLEANSE_CHAN
1096,0.00938,-5.31250,25995,1,0.000000,CLEANSE_CHAN
1097,0.00938,-5.31250,25995,1,0.000000,CLEANSE_CHAN
1098,0.00938,-5.31250,25995,1,0.000000,CLEANSE_CHAN
1099,0.00938,-5.28646,25995,1,0.000000,CLEANSE_CHAN
1100,0.00938,-5.28646,25995,1,0.000000,CLEANSE_CHAN
1101,0.00938,-5.28646,25995,1,0.000000,CLEANSE_CHAN
1102,0.00938,-5.28646,25995,1,0.000000,CLEANSE_CHAN
1103,0.00938,-5.28646,25995,1,0.000000,CLEANSE_CHAN
WARN: Stable pressure timeout occurred
1104,0.00938,-5.28646,25995,1,0.000000,CLEANSE_CHAN
Setting PWM frequency to 10666.666992
ARRVal = 187
1105,0.00000,-3.69792,27688,1,0.000000,CLEANSE_CHAN
1106,0.00938,1.22396,30001,0,0.000000,CLEANSE_CHAN
PAUSE,2
1107,0.00938,1.11979,30001,0,0.000000,CLEANSE_CHAN
1108,0.00938,1.11979,30001,0,0.000000,CLEANSE_CHAN
VALVE_SET,0
PAUSE,120
1109,0.00938,1.11979,30001,0,0.000000,CLEANSE_CHAN
1110,0.00938,1.11979,30001,0,0.000000,CLEANSE_CHAN
1111,0.00938,1.11979,30001,0,0.000000,CLEANSE_CHAN
1112,0.00938,1.11979,30001,0,0.000000,CLEANSE_CHAN
1113,0.00938,1.11979,30001,0,0.000000,CLEANSE_CHAN
1114,0.00000,1.11979,30001,0,0.000000,CLEANSE_CHAN
1115,0.00938,1.11979,30001,0,0.000000,CLEANSE_CHAN
1116,0.00938,1.11979,30001,0,0.000000,CLEANSE_CHAN
1117,0.00938,1.11979,30001,0,0.000000,CLEANSE_CHAN
1118,0.00938,1.11979,30001,0,0.000000,CLEANSE_CHAN
1119,0.00938,1.11979,30001,0,0.000000,CLEANSE_CHAN
1120,0.00000,1.11979,30001,0,0.000000,CLEANSE_CHAN
1121,0.00938,1.11979,30001,0,0.000000,CLEANSE_CHAN
1122,0.00000,1.09375,30001,0,0.000000,CLEANSE_CHAN
1123,0.00938,1.11979,30001,0,0.000000,CLEANSE_CHAN
1124,0.00938,1.11979,30001,0,0.000000,CLEANSE_CHAN
1125,0.00938,1.11979,30001,0,0.000000,CLEANSE_CHAN
1126,0.00000,1.11979,30001,0,0.000000,CLEANSE_CHAN
1127,0.00000,1.11979,30001,0,0.000000,CLEANSE_CHAN
1128,0.00938,1.09375,30001,0,0.000000,CLEANSE_CHAN
1129,0.00938,1.11979,30001,0,0.000000,CLEANSE_CHAN
1130,0.00938,1.11979,30001,0,0.000000,CLEANSE_CHAN
1131,0.00938,1.11979,30001,0,0.000000,CLEANSE_CHAN
1132,0.00000,1.11979,30001,0,0.000000,CLEANSE_CHAN
1133,0.00938,1.09375,30001,0,0.000000,CLEANSE_CHAN
1134,0.00938,1.09375,30001,0,0.000000,CLEANSE_CHAN
1135,0.00000,1.09375,30001,0,0.000000,CLEANSE_CHAN
1136,0.00938,1.11979,30001,0,0.000000,CLEANSE_CHAN
1137,0.00938,1.09375,30001,0,0.000000,CLEANSE_CHAN
1138,0.00938,1.11979,30001,0,0.000000,CLEANSE_CHAN
1139,0.00938,1.11979,30001,0,0.000000,CLEANSE_CHAN
1140,0.00938,1.11979,30001,0,0.000000,CLEANSE_CHAN
1141,0.00938,1.09375,30001,0,0.000000,CLEANSE_CHAN
1142,0.00000,1.09375,30001,0,0.000000,CLEANSE_CHAN
1143,0.00938,1.11979,30001,0,0.000000,CLEANSE_CHAN
1144,0.00938,1.11979,30001,0,0.000000,CLEANSE_CHAN
1145,0.00000,1.11979,30001,0,0.000000,CLEANSE_CHAN
1146,0.00000,1.09375,30001,0,0.000000,CLEANSE_CHAN
1147,0.00938,1.09375,30001,0,0.000000,CLEANSE_CHAN
1148,0.00938,1.11979,30001,0,0.000000,CLEANSE_CHAN
1149,0.00938,1.09375,30001,0,0.000000,CLEANSE_CHAN
1150,0.00938,1.09375,30001,0,0.000000,CLEANSE_CHAN
1151,0.00938,1.11979,30001,0,0.000000,CLEANSE_CHAN
1152,0.00938,1.09375,30001,0,0.000000,CLEANSE_CHAN
1153,0.00938,1.09375,30001,0,0.000000,CLEANSE_CHAN
1154,0.00938,1.09375,30001,0,0.000000,CLEANSE_CHAN
1155,0.00938,1.09375,30001,0,0.000000,CLEANSE_CHAN
1156,0.00938,1.09375,30001,0,0.000000,CLEANSE_CHAN
1157,0.00938,1.11979,30001,0,0.000000,CLEANSE_CHAN
1158,0.00938,1.11979,30001,0,0.000000,CLEANSE_CHAN
1159,0.00938,1.11979,30001,0,0.000000,CLEANSE_CHAN
1160,0.00938,1.09375,30001,0,0.000000,CLEANSE_CHAN
1161,0.00938,1.09375,30001,0,0.000000,CLEANSE_CHAN
1162,0.00938,1.09375,30001,0,0.000000,CLEANSE_CHAN
1163,0.00938,1.09375,30001,0,0.000000,CLEANSE_CHAN
1164,0.00938,1.09375,30001,0,0.000000,CLEANSE_CHAN
1165,0.00938,1.11979,30001,0,0.000000,CLEANSE_CHAN
1166,0.00000,1.09375,30001,0,0.000000,CLEANSE_CHAN
1167,0.00938,1.11979,30001,0,0.000000,CLEANSE_CHAN
1168,0.00938,1.11979,30001,0,0.000000,CLEANSE_CHAN
1169,0.00000,1.09375,30001,0,0.000000,CLEANSE_CHAN
1170,0.00000,1.11979,30001,0,0.000000,CLEANSE_CHAN
1171,0.00938,1.09375,30001,0,0.000000,CLEANSE_CHAN
1172,0.00938,1.09375,30001,0,0.000000,CLEANSE_CHAN
1173,0.00938,1.09375,30001,0,0.000000,CLEANSE_CHAN
1174,0.00000,1.09375,30001,0,0.000000,CLEANSE_CHAN
1175,0.00938,1.09375,30001,0,0.000000,CLEANSE_CHAN
1176,0.00938,1.09375,30001,0,0.000000,CLEANSE_CHAN
1177,0.00938,1.09375,30001,0,0.000000,CLEANSE_CHAN
1178,0.00938,1.09375,30001,0,0.000000,CLEANSE_CHAN
1179,0.00938,1.09375,30001,0,0.000000,CLEANSE_CHAN
1180,0.00938,1.11979,30001,0,0.000000,CLEANSE_CHAN
1181,0.00938,1.09375,30001,0,0.000000,CLEANSE_CHAN
1182,0.00938,1.11979,30001,0,0.000000,CLEANSE_CHAN
1183,0.00938,1.09375,30001,0,0.000000,CLEANSE_CHAN
1184,0.00938,1.09375,30001,0,0.000000,CLEANSE_CHAN
1185,0.00938,1.09375,30001,0,0.000000,CLEANSE_CHAN
1186,0.00938,1.09375,30001,0,0.000000,CLEANSE_CHAN
1187,0.00938,1.09375,30001,0,0.000000,CLEANSE_CHAN
1188,0.00938,1.09375,30001,0,0.000000,CLEANSE_CHAN
1189,0.00938,1.11979,30001,0,0.000000,CLEANSE_CHAN
1190,0.00938,1.09375,30001,0,0.000000,CLEANSE_CHAN
1191,0.00938,1.09375,30001,0,0.000000,CLEANSE_CHAN
1192,0.00938,1.09375,30001,0,0.000000,CLEANSE_CHAN
1193,0.00938,1.09375,30001,0,0.000000,CLEANSE_CHAN
1194,0.00938,1.09375,30001,0,0.000000,CLEANSE_CHAN
1195,0.00938,1.09375,30001,0,0.000000,CLEANSE_CHAN
1196,0.00938,1.09375,30001,0,0.000000,CLEANSE_CHAN
1197,0.00938,1.09375,30001,0,0.000000,CLEANSE_CHAN
1198,0.00938,1.11979,30001,0,0.000000,CLEANSE_CHAN
1199,0.00938,1.09375,30001,0,0.000000,CLEANSE_CHAN
1200,0.00938,1.09375,30001,0,0.000000,CLEANSE_CHAN
1201,0.00938,1.09375,30001,0,0.000000,CLEANSE_CHAN
1202,0.00938,1.09375,30001,0,0.000000,CLEANSE_CHAN
1203,0.00938,1.09375,30001,0,0.000000,CLEANSE_CHAN
1204,0.00938,1.09375,30001,0,0.000000,CLEANSE_CHAN
1205,0.00938,1.09375,30001,0,0.000000,CLEANSE_CHAN
1206,0.00938,1.09375,30001,0,0.000000,CLEANSE_CHAN
1207,0.00938,1.09375,30001,0,0.000000,CLEANSE_CHAN
1208,0.00938,1.09375,30001,0,0.000000,CLEANSE_CHAN
1209,0.00938,1.09375,30001,0,0.000000,CLEANSE_CHAN
1210,0.00938,1.09375,30001,0,0.000000,CLEANSE_CHAN
1211,0.00938,1.09375,30001,0,0.000000,CLEANSE_CHAN
1212,0.00938,1.09375,30001,0,0.000000,CLEANSE_CHAN
1213,0.00938,1.09375,30001,0,0.000000,CLEANSE_CHAN
1214,0.00938,1.09375,30001,0,0.000000,CLEANSE_CHAN
1215,0.00938,1.09375,30001,0,0.000000,CLEANSE_CHAN
1216,0.00938,1.09375,30001,0,0.000000,CLEANSE_CHAN
1217,0.00938,1.09375,30001,0,0.000000,CLEANSE_CHAN
1218,0.00938,1.09375,30001,0,0.000000,CLEANSE_CHAN
1219,0.00938,1.09375,30001,0,0.000000,CLEANSE_CHAN
1220,0.00938,1.09375,30001,0,0.000000,CLEANSE_CHAN
1221,0.00938,1.09375,30001,0,0.000000,CLEANSE_CHAN
1222,0.00938,1.09375,30001,0,0.000000,CLEANSE_CHAN
1223,0.00938,1.09375,30001,0,0.000000,CLEANSE_CHAN
1224,0.00000,1.09375,30001,0,0.000000,CLEANSE_CHAN
1225,0.00938,1.09375,30001,0,0.000000,CLEANSE_CHAN
1226,0.00000,1.09375,30001,0,0.000000,CLEANSE_CHAN
1227,0.00000,1.09375,30001,0,0.000000,CLEANSE_CHAN
1228,0.00938,1.11979,30001,0,0.000000,CLEANSE_CHAN
#MILLI-Q FLUSH OF TREE OUT INLET, 9 mL, [21,20], [2]
PUMPC,MQ,3000,3,21/20,2
Setting PWM frequency to 10666.666992
ARRVal = 187
1229,0.00000,-0.46875,29291,1,0.000000,CLEANSE_CHAN
1230,0.00938,-2.60417,26213,1,0.000000,CLEANSE_CHAN
1231,0.00938,-4.42708,23136,1,0.000000,CLEANSE_CHAN
1232,0.00938,-5.67708,20059,1,0.000000,CLEANSE_CHAN
1233,0.00938,-6.30208,17995,1,0.000000,CLEANSE_CHAN
1234,0.00938,-6.19792,17995,1,0.000000,CLEANSE_CHAN
1235,0.00938,-6.19792,17995,1,0.000000,CLEANSE_CHAN
1236,0.00938,-6.14583,17995,1,0.000000,CLEANSE_CHAN
1237,0.00938,-6.14583,17995,1,0.000000,CLEANSE_CHAN
1238,0.00938,-6.14583,17995,1,0.000000,CLEANSE_CHAN
1239,0.00938,-6.14583,17995,1,0.000000,CLEANSE_CHAN
1240,0.00938,-6.11979,17995,1,0.000000,CLEANSE_CHAN
1241,0.00938,-6.11979,17995,1,0.000000,CLEANSE_CHAN
1242,0.00938,-6.11979,17995,1,0.000000,CLEANSE_CHAN
1243,0.00938,-6.14583,17995,1,0.000000,CLEANSE_CHAN
1244,0.00938,-6.11979,17995,1,0.000000,CLEANSE_CHAN
1245,0.00938,-6.11979,17995,1,0.000000,CLEANSE_CHAN
1246,0.00938,-6.11979,17995,1,0.000000,CLEANSE_CHAN
1247,0.00938,-6.11979,17995,1,0.000000,CLEANSE_CHAN
1248,0.00938,-6.11979,17995,1,0.000000,CLEANSE_CHAN
1249,0.00938,-6.11979,17995,1,0.000000,CLEANSE_CHAN
1250,0.00938,-6.11979,17995,1,0.000000,CLEANSE_CHAN
1251,0.00938,-6.11979,17995,1,0.000000,CLEANSE_CHAN
1252,0.00000,-6.11979,17995,1,0.000000,CLEANSE_CHAN
WARN: Stable pressure timeout occurred
1253,0.00938,-6.11979,17995,1,0.000000,CLEANSE_CHAN
Setting PWM frequency to 10666.666992
ARRVal = 187
1254,0.00938,-5.23438,18983,1,0.000000,CLEANSE_CHAN
1255,0.00938,0.28646,22062,1,0.000000,CLEANSE_CHAN
1256,0.00938,3.30729,25158,1,0.000000,CLEANSE_CHAN
1257,0.00938,4.03646,28235,1,0.000000,CLEANSE_CHAN
1258,0.00938,2.50000,29975,0,0.000000,CLEANSE_CHAN
Setting PWM frequency to 10666.666992
ARRVal = 187
1259,0.00938,-0.72917,29152,1,0.000000,CLEANSE_CHAN
1260,0.00938,-4.45312,26075,1,0.000000,CLEANSE_CHAN
1261,0.00938,-5.70313,22998,1,0.000000,CLEANSE_CHAN
1262,0.00938,-6.66667,19921,1,0.000000,CLEANSE_CHAN
1263,0.00938,-6.97917,17992,1,0.000000,CLEANSE_CHAN
1264,0.00938,-6.87500,17992,1,0.000000,CLEANSE_CHAN
1265,0.00938,-6.87500,17992,1,0.000000,CLEANSE_CHAN
1266,0.00938,-6.87500,17992,1,0.000000,CLEANSE_CHAN
1267,0.00938,-6.87500,17992,1,0.000000,CLEANSE_CHAN
1268,0.00938,-6.87500,17992,1,0.000000,CLEANSE_CHAN
1269,0.00938,-6.90104,17992,1,0.000000,CLEANSE_CHAN
1270,0.00938,-6.90104,17992,1,0.000000,CLEANSE_CHAN
1271,0.00938,-6.87500,17992,1,0.000000,CLEANSE_CHAN
1272,0.00938,-6.90104,17992,1,0.000000,CLEANSE_CHAN
1273,0.00938,-6.87500,17992,1,0.000000,CLEANSE_CHAN
1274,0.00938,-6.87500,17992,1,0.000000,CLEANSE_CHAN
1275,0.00938,-6.87500,17992,1,0.000000,CLEANSE_CHAN
1276,0.00938,-6.87500,17992,1,0.000000,CLEANSE_CHAN
1277,0.00938,-6.87500,17992,1,0.000000,CLEANSE_CHAN
1278,0.00938,-6.90104,17992,1,0.000000,CLEANSE_CHAN
1279,0.00938,-6.90104,17992,1,0.000000,CLEANSE_CHAN
1280,0.00938,-6.87500,17992,1,0.000000,CLEANSE_CHAN
1281,0.00938,-6.87500,17992,1,0.000000,CLEANSE_CHAN
1282,0.00938,-6.87500,17992,1,0.000000,CLEANSE_CHAN
WARN: Stable pressure timeout occurred
1283,0.00938,-6.90104,17992,1,0.000000,CLEANSE_CHAN
Setting PWM frequency to 10666.666992
ARRVal = 187
1284,0.00938,-6.17188,19127,1,0.000000,CLEANSE_CHAN
1285,0.00938,-1.45833,22205,1,0.000000,CLEANSE_CHAN
1286,0.00938,2.81250,25300,1,0.000000,CLEANSE_CHAN
1287,0.00938,3.90625,28377,1,0.000000,CLEANSE_CHAN
1288,0.00938,2.42188,30025,0,0.000000,CLEANSE_CHAN
Setting PWM frequency to 10666.666992
ARRVal = 187
1289,0.00938,-0.98958,29159,1,0.000000,CLEANSE_CHAN
1290,0.00938,-4.73958,26082,1,0.000000,CLEANSE_CHAN
1291,0.00938,-5.88542,23005,1,0.000000,CLEANSE_CHAN
1292,0.00938,-6.84896,19928,1,0.000000,CLEANSE_CHAN
1293,0.00938,-7.10938,17995,1,0.000000,CLEANSE_CHAN
1294,0.00938,-7.10938,17995,1,0.000000,CLEANSE_CHAN
1295,0.00938,-7.10938,17995,1,0.000000,CLEANSE_CHAN
1296,0.00938,-7.10938,17995,1,0.000000,CLEANSE_CHAN
1297,0.00938,-7.10938,17995,1,0.000000,CLEANSE_CHAN
1298,0.00938,-7.08333,17995,1,0.000000,CLEANSE_CHAN
1299,0.00938,-7.05729,17995,1,0.000000,CLEANSE_CHAN
1300,0.00938,-7.05729,17995,1,0.000000,CLEANSE_CHAN
1301,0.00938,-7.05729,17995,1,0.000000,CLEANSE_CHAN
1302,0.00938,-7.05729,17995,1,0.000000,CLEANSE_CHAN
1303,0.00938,-7.05729,17995,1,0.000000,CLEANSE_CHAN
1304,0.00938,-7.05729,17995,1,0.000000,CLEANSE_CHAN
1305,0.00938,-7.05729,17995,1,0.000000,CLEANSE_CHAN
1306,0.00938,-7.05729,17995,1,0.000000,CLEANSE_CHAN
1307,0.00938,-7.05729,17995,1,0.000000,CLEANSE_CHAN
1308,0.00938,-7.05729,17995,1,0.000000,CLEANSE_CHAN
1309,0.00938,-7.05729,17995,1,0.000000,CLEANSE_CHAN
1310,0.00938,-7.05729,17995,1,0.000000,CLEANSE_CHAN
1311,0.00938,-7.05729,17995,1,0.000000,CLEANSE_CHAN
1312,0.00938,-7.05729,17995,1,0.000000,CLEANSE_CHAN
WARN: Stable pressure timeout occurred
1313,0.00938,-7.05729,17995,1,0.000000,CLEANSE_CHAN
Setting PWM frequency to 10666.666992
ARRVal = 187
1314,0.00938,-6.43229,19113,1,0.000000,CLEANSE_CHAN
1315,0.00938,-1.92708,22190,1,0.000000,CLEANSE_CHAN
1316,0.00938,2.63021,25286,1,0.000000,CLEANSE_CHAN
1317,0.00938,3.85417,28363,1,0.000000,CLEANSE_CHAN
1318,0.00938,2.42188,30000,0,0.000000,CLEANSE_CHAN
#MILLI-Q FLUSH OF TREE OUT OUTLET, 3 mL, [21,20], [20,22]
PUMPC,MQ,3000,1,21/20,20/22
Setting PWM frequency to 10666.666992
ARRVal = 187
1319,0.00938,-1.71875,28877,1,0.000000,CLEANSE_CHAN
1320,0.00938,-4.86979,25800,1,0.000000,CLEANSE_CHAN
1321,0.00938,-5.91146,22723,1,0.000000,CLEANSE_CHAN
1322,0.00938,-6.92708,19646,1,0.000000,CLEANSE_CHAN
1323,0.00938,-7.00521,17995,1,0.000000,CLEANSE_CHAN
1324,0.00938,-7.03125,17995,1,0.000000,CLEANSE_CHAN
1325,0.00938,-7.03125,17995,1,0.000000,CLEANSE_CHAN
1326,0.00938,-7.03125,17995,1,0.000000,CLEANSE_CHAN
1327,0.00938,-7.03125,17995,1,0.000000,CLEANSE_CHAN
1328,0.00938,-7.03125,17995,1,0.000000,CLEANSE_CHAN
1329,0.00000,-7.03125,17995,1,0.000000,CLEANSE_CHAN
1330,0.00938,-7.03125,17995,1,0.000000,CLEANSE_CHAN
1331,0.00938,-7.03125,17995,1,0.000000,CLEANSE_CHAN
1332,0.00938,-7.03125,17995,1,0.000000,CLEANSE_CHAN
1333,0.00938,-7.03125,17995,1,0.000000,CLEANSE_CHAN
1334,0.00000,-7.03125,17995,1,0.000000,CLEANSE_CHAN
1335,0.00938,-7.03125,17995,1,0.000000,CLEANSE_CHAN
1336,0.00938,-7.03125,17995,1,0.000000,CLEANSE_CHAN
1337,0.00938,-7.03125,17995,1,0.000000,CLEANSE_CHAN
1338,0.00938,-7.05729,17995,1,0.000000,CLEANSE_CHAN
1339,0.00938,-7.05729,17995,1,0.000000,CLEANSE_CHAN
1340,0.00938,-7.03125,17995,1,0.000000,CLEANSE_CHAN
1341,0.00938,-7.03125,17995,1,0.000000,CLEANSE_CHAN
1342,0.00938,-7.05729,17995,1,0.000000,CLEANSE_CHAN
WARN: Stable pressure timeout occurred
1343,0.00938,-7.03125,17995,1,0.000000,CLEANSE_CHAN
Setting PWM frequency to 10666.666992
ARRVal = 187
1344,0.00938,0.65104,19517,1,0.000000,CLEANSE_CHAN
1345,0.00938,1.79688,22594,1,0.000000,CLEANSE_CHAN
1346,0.00938,1.87500,25689,1,0.000000,CLEANSE_CHAN
1347,0.00938,1.66667,28767,1,0.000000,CLEANSE_CHAN
1348,0.00938,1.11979,29960,0,0.000000,CLEANSE_CHAN
PROTOCOL,CLEANSE_CHAN,STOP,0
PAUSE,2
1349,0.00938,1.04167,29960,0,0.000000,NA
1350,0.00938,1.01562,29960,0,0.000000,NA
VALVE_SET,01351,0.00938,1.04167,29960,0,0.000000,NA
RUN,FIN
CCLK,2023-08-21T11:59:25

>CTRIG,1,7,0,2023-05-31T11:52:32,2023-06-01T11:52:32,2023-06-02T11:52:32,2023-06-03T11:52:32,2023-06-04T11:52:32,2023-06-05T11:52:32,2023-06-06T11:52:32,2023-06-07T11:52:32,2023-06-08T11:52:32

>ISTAT,EDNA-SA,3.01,3.09,0,IDLE,NA/0/NA

>CSET,11,20,2,0,20000,0

>CSTAT,4,5/6000/8,5/66000/3,1/0/0,1/0/0,1/0/0,1/0/0,1/0/0,1/0/0,1/0/0,3865000,140000,45000,392000,185000

>LS,ACK

>LS,/logs,ACK

>READ,/logs,20000101.log,ACK

>READ,/logs,20000104.log,ACK

>READ,/logs,20000105.log,ACK

>READ,/logs,20000106.log,ACK

>READ,/logs,20000113.log,ACK

>READ,/logs,20000114.log,ACK

>READ,/logs,20000117.log,ACK

>READ,/logs,20000118.log,ACK

>READ,/logs,20000119.log,ACK

>READ,/logs,20000210.log,ACK

>READ,/logs,20000211.log,ACK

>READ,/logs,20230810.log,ACK

>READ,/logs,20230811.log,ACK

>READ,/logs,20230821.log,ACK

>LS,/cfg,ACK

>READ,/cfg,cal.txt,ACK

>READ,/cfg,settings.txt,ACK

>READ,/cfg,status.txt,ACK

>READ,/cfg,trigger.txt,ACK

>READ,/cfg,warranty.txt,ACK

>LS,/data,ACK

>READ,/data,edna-eng_20000104.txt,ACK

>READ,/data,edna-data_20000104.txt,ACK

>READ,/data,edna-eng_20000105.txt,ACK

>READ,/data,edna-data_20000105.txt,ACK

>READ,/data,edna-data_20230821.txt,ACK

>READ,/data,edna-eng_20230821.txt,ACK

>READ,/data,edna-data_20230821.txt,ACK

>READ,/data,edna-data_20230811.txt,ACK

>READ,/data,edna-eng_20230811.txt,ACK

>READ,/data,edna-data_20230810.txt,ACK

>READ,/data,edna-eng_20230810.txt,ACK

>CCLK,2023-08-21T12:12:40

>CTRIG,1,7,0,2023-05-31T11:52:32,2023-06-01T11:52:32,2023-06-02T11:52:32,2023-06-03T11:52:32,2023-06-04T11:52:32,2023-06-05T11:52:32,2023-06-06T11:52:32,2023-06-07T11:52:32,2023-06-08T11:52:32

>ISTAT,EDNA-SA,3.01,3.09,0,IDLE,NA/0/NA

>CSET,11,20,2,0,20000,0

>CSTAT,4,5/6000/8,5/66000/3,1/0/0,1/0/0,1/0/0,1/0/0,1/0/0,1/0/0,1/0/0,3865000,140000,45000,392000,185000

>	
