#2023-08-11T10:45:57
0,0.00000,0.80729,30000,0,0.000000,NA
1,0.00000,0.80729,30000,0,0.000000,NA
2,0.00938,0.80729,30000,0,0.000000,NA
3,0.00938,1.25000,30000,0,0.000000,FLUSH
4,0.00938,1.27604,30000,0,0.000000,FLUSH
5,0.00938,1.27604,30000,0,0.000000,FLUSH
6,0.00938,1.27604,30000,0,0.000000,FLUSH
7,0.00938,0.41667,28552,1,0.000000,FLUSH
8,0.00938,-0.20833,27014,1,0.000000,FLUSH
9,0.00000,-0.85938,25467,1,0.000000,FLUSH
10,0.00000,-1.43229,23928,1,0.000000,FLUSH
11,0.00938,-1.92708,22390,1,0.000000,FLUSH
12,0.00938,-2.34375,20851,1,0.000000,FLUSH
13,0.00938,-2.81250,19312,1,0.000000,FLUSH
14,0.00000,-3.20312,17999,1,0.000000,FLUSH
15,0.00000,-3.20312,17999,1,0.000000,FLUSH
16,0.00000,-3.20312,17999,1,0.000000,FLUSH
17,0.00000,-3.22917,17999,1,0.000000,FLUSH
18,0.00938,-3.20312,17999,1,0.000000,FLUSH
19,0.00938,-3.20312,17999,1,0.000000,FLUSH
20,0.00000,-3.22917,17999,1,0.000000,FLUSH
21,0.00938,-3.20312,17999,1,0.000000,FLUSH
22,0.00938,-3.20312,17999,1,0.000000,FLUSH
23,0.00938,-3.22917,17999,1,0.000000,FLUSH
24,0.00938,-3.20312,17999,1,0.000000,FLUSH
25,0.00938,-3.20312,17999,1,0.000000,FLUSH
26,0.00938,-3.20312,17999,1,0.000000,FLUSH
27,0.00938,-3.20312,17999,1,0.000000,FLUSH
28,0.00000,-3.20312,17999,1,0.000000,FLUSH
29,0.00938,-3.20312,17999,1,0.000000,FLUSH
30,0.00000,-3.22917,17999,1,0.000000,FLUSH
31,0.00000,-3.20312,17999,1,0.000000,FLUSH
32,0.00938,-3.20312,17999,1,0.000000,FLUSH
33,0.00000,-3.22917,17999,1,0.000000,FLUSH
34,0.00938,-3.20312,17999,1,0.000000,FLUSH
35,0.00000,-2.26563,18219,1,0.000000,FLUSH
36,0.00938,0.02604,19759,1,0.000000,FLUSH
37,0.00938,1.38021,21298,1,0.000000,FLUSH
38,0.00000,1.90104,22836,1,0.000000,FLUSH
39,0.00938,2.18750,24384,1,0.000000,FLUSH
40,0.00938,2.31771,25923,1,0.000000,FLUSH
41,0.00938,1.66667,27461,1,0.000000,FLUSH
42,0.00938,1.64062,29000,1,0.000000,FLUSH
43,0.00938,1.66667,29998,0,0.000000,FLUSH
44,0.00000,-0.26042,29475,1,0.000000,FLUSH
45,0.00000,-0.91146,27937,1,0.000000,FLUSH
46,0.00938,-1.51042,26398,1,0.000000,FLUSH
47,0.00938,-2.08333,24858,1,0.000000,FLUSH
48,0.00938,-2.57813,23320,1,0.000000,FLUSH
49,0.00938,-3.04688,21777,1,0.000000,FLUSH
50,0.00000,-3.46354,20238,1,0.000000,FLUSH
51,0.00938,-3.85417,18699,1,0.000000,FLUSH
52,0.00938,-4.01042,17999,1,0.000000,FLUSH
53,0.00938,-4.01042,17999,1,0.000000,FLUSH
54,0.00000,-4.01042,17999,1,0.000000,FLUSH
55,0.00938,-4.01042,17999,1,0.000000,FLUSH
56,0.00000,-4.01042,17999,1,0.000000,FLUSH
57,0.00938,-4.01042,17999,1,0.000000,FLUSH
58,0.00938,-4.01042,17999,1,0.000000,FLUSH
59,0.00000,-4.01042,17999,1,0.000000,FLUSH
60,0.00938,-4.03646,17999,1,0.000000,FLUSH
61,0.00000,-4.01042,17999,1,0.000000,FLUSH
62,0.00938,-4.01042,17999,1,0.000000,FLUSH
63,0.00938,-4.03646,17999,1,0.000000,FLUSH
64,0.00000,-4.01042,17999,1,0.000000,FLUSH
65,0.00000,-4.01042,17999,1,0.000000,FLUSH
66,0.00000,-4.01042,17999,1,0.000000,FLUSH
67,0.00938,-4.01042,17999,1,0.000000,FLUSH
68,0.00000,-4.01042,17999,1,0.000000,FLUSH
69,0.00938,-4.01042,17999,1,0.000000,FLUSH
70,0.00000,-4.01042,17999,1,0.000000,FLUSH
71,0.00000,-4.01042,17999,1,0.000000,FLUSH
72,0.00938,-4.01042,17999,1,0.000000,FLUSH
73,0.00938,-1.27604,18834,1,0.000000,FLUSH
74,0.00938,0.44271,20373,1,0.000000,FLUSH
75,0.00938,1.53646,21911,1,0.000000,FLUSH
76,0.00938,1.95312,23449,1,0.000000,FLUSH
77,0.00938,2.16146,24988,1,0.000000,FLUSH
78,0.00938,1.84896,26527,1,0.000000,FLUSH
79,0.00938,1.56250,28074,1,0.000000,FLUSH
80,0.00938,1.84896,29613,1,0.000000,FLUSH
81,0.00938,1.43229,30000,0,0.000000,FLUSH
82,0.00938,1.40625,30000,0,0.000000,NA
83,0.00938,1.40625,30000,0,0.000000,NA
84,0.00938,1.40625,30000,0,0.000000,FLUSH
85,0.00938,1.40625,30000,0,0.000000,FLUSH
86,0.00938,1.40625,30000,0,0.000000,FLUSH
87,0.00938,1.40625,30000,0,0.000000,FLUSH
88,0.00938,0.83333,28935,1,0.000000,FLUSH
89,0.00938,0.83333,27387,1,0.000000,FLUSH
90,0.00938,0.88542,25848,1,0.000000,FLUSH
91,0.00000,0.52083,24310,1,0.000000,FLUSH
92,0.00938,0.39063,22771,1,0.000000,FLUSH
93,0.00938,0.26042,21233,1,0.000000,FLUSH
94,0.00938,0.18229,19692,1,0.000000,FLUSH
95,0.00938,0.15625,18153,1,0.000000,FLUSH
96,0.00938,0.72917,17999,1,0.000000,FLUSH
97,0.00938,0.85938,19384,1,0.000000,FLUSH
98,0.00938,0.85938,20923,1,0.000000,FLUSH
99,0.00938,0.83333,22465,1,0.000000,FLUSH
100,0.00938,0.75521,24004,1,0.000000,FLUSH
101,0.00938,0.78125,25543,1,0.000000,FLUSH
102,0.00938,0.78125,27081,1,0.000000,FLUSH
103,0.00000,0.75521,28620,1,0.000000,FLUSH
104,0.00938,0.72917,29979,0,0.000000,FLUSH
105,0.00938,0.62500,29833,1,0.000000,FLUSH
106,0.00938,0.28646,28293,1,0.000000,FLUSH
107,0.00938,0.18229,26755,1,0.000000,FLUSH
108,0.00000,0.13021,25216,1,0.000000,FLUSH
109,0.00938,0.10417,23669,1,0.000000,FLUSH
110,0.00938,0.07812,22130,1,0.000000,FLUSH
111,0.00938,0.05208,20591,1,0.000000,FLUSH
112,0.00000,0.02604,19053,1,0.000000,FLUSH
113,0.00000,0.39063,17999,1,0.000000,FLUSH
114,0.00938,1.45833,18473,1,0.000000,FLUSH
115,0.00938,2.10938,20012,1,0.000000,FLUSH
116,0.00938,2.26563,21550,1,0.000000,FLUSH
117,0.00938,2.31771,23089,1,0.000000,FLUSH
118,0.00938,2.31771,24629,1,0.000000,FLUSH
119,0.00938,2.34375,26171,1,0.000000,FLUSH
120,0.00938,2.34375,27710,1,0.000000,FLUSH
121,0.00938,2.34375,29248,1,0.000000,FLUSH
122,0.00938,1.64062,30002,0,0.000000,FLUSH
123,0.00938,0.70312,29216,1,0.000000,FLUSH
124,0.00938,0.23438,27678,1,0.000000,FLUSH
125,0.00938,0.07812,26139,1,0.000000,FLUSH
126,0.00938,0.02604,24601,1,0.000000,FLUSH
127,0.00938,0.00000,23062,1,0.000000,FLUSH
128,0.00000,-0.02604,21524,1,0.000000,FLUSH
129,0.00938,-0.05208,19981,1,0.000000,FLUSH
130,0.00938,-0.02604,18443,1,0.000000,FLUSH
131,0.00938,0.75521,17998,1,0.000000,FLUSH
132,0.00938,1.79688,19082,1,0.000000,FLUSH
133,0.00938,2.18750,20620,1,0.000000,FLUSH
134,0.00938,2.31771,22159,1,0.000000,FLUSH
135,0.00938,2.34375,23697,1,0.000000,FLUSH
136,0.00938,2.34375,25236,1,0.000000,FLUSH
137,0.00938,2.36979,26774,1,0.000000,FLUSH
138,0.00938,2.34375,28313,1,0.000000,FLUSH
139,0.00938,2.34375,29855,1,0.000000,FLUSH
140,0.00000,1.32813,30000,0,0.000000,FLUSH
141,0.00000,1.17188,30000,0,0.000000,NA
142,0.00000,1.17188,30000,0,0.000000,NA
143,0.00000,1.17188,30000,0,0.000000,NA
144,0.00938,1.14583,30000,0,0.000000,NA
145,0.00938,1.17188,30000,0,0.000000,NA
146,0.00938,1.14583,30000,0,0.000000,NA
147,0.00000,0.44271,28708,1,0.000000,SAMPLE
148,0.00938,0.13021,27170,1,0.000000,SAMPLE
149,0.00938,0.02604,25621,1,0.000000,SAMPLE
150,0.00938,-0.02604,24083,1,0.000000,SAMPLE
151,0.00938,0.00000,22544,1,0.000000,SAMPLE
152,0.00938,0.07812,21006,1,0.000000,SAMPLE
153,0.00938,0.15625,19466,1,0.000000,SAMPLE
154,0.00938,0.18229,17997,1,0.000000,SAMPLE
155,0.00938,1.25000,18056,1,0.000000,SAMPLE
156,0.00938,2.60417,19594,1,0.000000,SAMPLE
157,0.00938,4.14063,21132,1,0.000000,SAMPLE
158,0.00938,6.04167,22671,1,0.000000,SAMPLE
159,0.00938,8.33333,24213,1,0.000000,SAMPLE
160,0.00938,11.35417,25752,1,0.000000,SAMPLE
161,0.00938,15.18229,27291,1,0.000000,SAMPLE
162,0.00938,20.26042,28829,1,0.000000,SAMPLE
163,0.00938,25.39062,30004,0,0.000000,SAMPLE
164,0.00938,25.33854,30004,0,0.000000,SAMPLE
165,0.00000,25.28646,30004,0,0.000000,SAMPLE
166,0.00938,25.26042,30004,0,0.000000,SAMPLE
167,0.00938,25.28646,30004,0,0.000000,SAMPLE
168,0.00938,25.23438,30004,0,0.000000,SAMPLE
169,0.00000,25.23438,30004,0,0.000000,SAMPLE
170,0.00938,25.23438,30004,0,0.000000,SAMPLE
171,0.00938,25.20834,30004,0,0.000000,SAMPLE
172,0.00938,25.23438,30004,0,0.000000,SAMPLE
173,0.00000,25.18229,30004,0,0.000000,SAMPLE
174,0.00938,25.18229,30004,0,0.000000,SAMPLE
175,0.00938,25.18229,30004,0,0.000000,SAMPLE
176,0.00938,25.15625,30004,0,0.000000,SAMPLE
177,0.00938,25.15625,30004,0,0.000000,SAMPLE
178,0.00938,25.18229,30004,0,0.000000,SAMPLE
179,0.00938,25.13021,30004,0,0.000000,SAMPLE
180,0.00938,25.13021,30004,0,0.000000,SAMPLE
181,0.00938,25.13021,30004,0,0.000000,SAMPLE
182,0.00938,25.13021,30004,0,0.000000,SAMPLE
183,0.00938,25.13021,30004,0,0.000000,SAMPLE
184,0.00938,12.78646,29655,1,0.000000,SAMPLE
185,0.00938,0.93750,28116,1,0.000000,SAMPLE
186,0.00938,0.46875,26578,1,0.000000,SAMPLE
187,0.00938,0.36458,25038,1,0.000000,SAMPLE
188,0.00938,0.33854,23499,1,0.000000,SAMPLE
189,0.00938,0.31250,21952,1,0.000000,SAMPLE
190,0.00938,0.28646,20413,1,0.000000,SAMPLE
191,0.00938,0.28646,18874,1,0.000000,SAMPLE
192,0.00938,0.96354,18000,1,0.000000,SAMPLE
193,0.00938,10.07813,18662,1,0.000000,SAMPLE
194,0.00938,15.15625,20200,1,0.000000,SAMPLE
195,0.00938,20.36459,21738,1,0.000000,SAMPLE
196,0.00938,27.39583,23277,1,0.000000,SAMPLE
197,0.00938,29.97396,23625,1,0.000000,SAMPLE
198,0.00938,29.92188,23625,1,0.000000,SAMPLE
199,0.00938,29.92188,23625,1,0.000000,SAMPLE
200,0.00938,29.92188,23625,1,0.000000,SAMPLE
201,0.00938,29.86979,23625,1,0.000000,SAMPLE
202,0.00938,29.84375,23625,1,0.000000,SAMPLE
203,0.00938,29.86979,23625,1,0.000000,SAMPLE
204,0.00938,29.86979,23625,1,0.000000,SAMPLE
205,0.00938,29.79167,23625,1,0.000000,SAMPLE
206,0.00938,29.84375,23625,1,0.000000,SAMPLE
207,0.00938,29.81771,23625,1,0.000000,SAMPLE
208,0.00938,29.84375,23625,1,0.000000,SAMPLE
209,0.00938,29.76562,23625,1,0.000000,SAMPLE
210,0.00938,29.84375,23625,1,0.000000,SAMPLE
211,0.00938,29.76562,23625,1,0.000000,SAMPLE
212,0.00938,29.81771,23625,1,0.000000,SAMPLE
213,0.00938,29.79167,23625,1,0.000000,SAMPLE
214,0.00938,29.76562,23625,1,0.000000,SAMPLE
215,0.00938,29.79167,23625,1,0.000000,SAMPLE
216,0.00938,29.73959,23625,1,0.000000,SAMPLE
217,0.00938,30.49479,23740,1,0.000000,SAMPLE
218,0.00938,30.44271,23740,1,0.000000,SAMPLE
219,0.00938,30.49479,23740,1,0.000000,SAMPLE
220,0.00938,30.46875,23740,1,0.000000,SAMPLE
221,0.00938,30.44271,23740,1,0.000000,SAMPLE
222,0.00938,30.41667,23740,1,0.000000,SAMPLE
223,0.00938,30.46875,23740,1,0.000000,SAMPLE
224,0.00938,30.44271,23740,1,0.000000,SAMPLE
225,0.00938,30.44271,23740,1,0.000000,SAMPLE
226,0.00938,30.41667,23740,1,0.000000,SAMPLE
227,0.00938,30.41667,23740,1,0.000000,SAMPLE
228,0.00938,30.39062,23740,1,0.000000,SAMPLE
229,0.00938,30.41667,23740,1,0.000000,SAMPLE
230,0.00938,30.39062,23740,1,0.000000,SAMPLE
231,0.00938,30.41667,23740,1,0.000000,SAMPLE
232,0.00938,30.36458,23740,1,0.000000,SAMPLE
233,0.00938,30.39062,23740,1,0.000000,SAMPLE
234,0.00000,30.39062,23740,1,0.000000,SAMPLE
235,0.00000,30.31250,23740,1,0.000000,SAMPLE
236,0.00938,30.33854,23740,1,0.000000,SAMPLE
237,0.00938,30.36458,23743,1,0.000000,SAMPLE
238,0.00938,30.36458,23743,1,0.000000,SAMPLE
239,0.00938,30.39062,23743,1,0.000000,SAMPLE
240,0.00938,30.39062,23743,1,0.000000,SAMPLE
241,0.00938,30.31250,23743,1,0.000000,SAMPLE
242,0.00938,30.36458,23743,1,0.000000,SAMPLE
243,0.00938,30.31250,23743,1,0.000000,SAMPLE
244,0.00938,30.33854,23743,1,0.000000,SAMPLE
245,0.00938,30.28646,23743,1,0.000000,SAMPLE
246,0.00938,30.31250,23743,1,0.000000,SAMPLE
247,0.00938,30.28646,23743,1,0.000000,SAMPLE
248,0.00938,30.33854,23743,1,0.000000,SAMPLE
249,0.00938,30.28646,23743,1,0.000000,SAMPLE
250,0.00938,30.31250,23743,1,0.000000,SAMPLE
251,0.00938,30.28646,23743,1,0.000000,SAMPLE
252,0.00000,30.26042,23743,1,0.000000,SAMPLE
253,0.00938,30.31250,23743,1,0.000000,SAMPLE
254,0.00938,30.31250,23743,1,0.000000,SAMPLE
255,0.00938,30.26042,23743,1,0.000000,SAMPLE
256,0.00938,30.28646,23743,1,0.000000,SAMPLE
257,0.00938,30.28646,23743,1,0.000000,SAMPLE
258,0.00938,30.23438,23743,1,0.000000,SAMPLE
259,0.00938,30.31250,23743,1,0.000000,SAMPLE
260,0.00938,30.26042,23743,1,0.000000,SAMPLE
261,0.00938,30.26042,23743,1,0.000000,SAMPLE
262,0.00938,30.23438,23743,1,0.000000,SAMPLE
263,0.00938,30.23438,23743,1,0.000000,SAMPLE
264,0.00938,30.26042,23743,1,0.000000,SAMPLE
265,0.00938,30.23438,23743,1,0.000000,SAMPLE
266,0.00938,30.26042,23743,1,0.000000,SAMPLE
267,0.00938,30.20834,23743,1,0.000000,SAMPLE
268,0.00938,30.20834,23743,1,0.000000,SAMPLE
269,0.00938,30.26042,23743,1,0.000000,SAMPLE
270,0.00938,30.20834,23743,1,0.000000,SAMPLE
271,0.00938,30.20834,23743,1,0.000000,SAMPLE
272,0.00938,30.23438,23743,1,0.000000,SAMPLE
273,0.00938,30.18229,23743,1,0.000000,SAMPLE
274,0.00938,30.18229,23743,1,0.000000,SAMPLE
275,0.00938,30.18229,23743,1,0.000000,SAMPLE
276,0.00938,30.20834,23743,1,0.000000,SAMPLE
277,0.00938,30.20834,23743,1,0.000000,SAMPLE
278,0.00938,30.18229,23743,1,0.000000,SAMPLE
279,0.00938,30.18229,23743,1,0.000000,SAMPLE
280,0.00938,30.18229,23743,1,0.000000,SAMPLE
281,0.00938,30.20834,23743,1,0.000000,SAMPLE
282,0.00938,30.18229,23743,1,0.000000,SAMPLE
283,0.00938,30.18229,23743,1,0.000000,SAMPLE
284,0.00938,30.18229,23743,1,0.000000,SAMPLE
285,0.00938,30.15625,23743,1,0.000000,SAMPLE
286,0.00938,30.18229,23743,1,0.000000,SAMPLE
287,0.00938,30.18229,23743,1,0.000000,SAMPLE
288,0.00938,30.18229,23743,1,0.000000,SAMPLE
289,0.00938,30.18229,23743,1,0.000000,SAMPLE
290,0.00938,30.10417,23743,1,0.000000,SAMPLE
291,0.00938,30.18229,23743,1,0.000000,SAMPLE
292,0.00938,30.13021,23743,1,0.000000,SAMPLE
293,0.00938,30.15625,23743,1,0.000000,SAMPLE
294,0.00938,30.10417,23743,1,0.000000,SAMPLE
295,0.00938,30.13021,23743,1,0.000000,SAMPLE
296,0.00938,30.10417,23743,1,0.000000,SAMPLE
297,0.00938,30.15625,23743,1,0.000000,SAMPLE
298,0.00938,30.15625,23743,1,0.000000,SAMPLE
299,0.00938,30.10417,23743,1,0.000000,SAMPLE
300,0.00938,30.13021,23743,1,0.000000,SAMPLE
301,0.00938,30.07813,23743,1,0.000000,SAMPLE
302,0.00938,30.07813,23743,1,0.000000,SAMPLE
303,0.00938,30.10417,23743,1,0.000000,SAMPLE
304,0.00938,30.10417,23743,1,0.000000,SAMPLE
305,0.00938,30.13021,23743,1,0.000000,SAMPLE
306,0.00938,30.10417,23743,1,0.000000,SAMPLE
307,0.00938,30.10417,23743,1,0.000000,SAMPLE
308,0.00938,30.07813,23743,1,0.000000,SAMPLE
309,0.00938,30.10417,23743,1,0.000000,SAMPLE
310,0.00938,30.05208,23743,1,0.000000,SAMPLE
311,0.00938,30.10417,23743,1,0.000000,SAMPLE
312,0.00938,30.07813,23743,1,0.000000,SAMPLE
313,0.00938,30.07813,23743,1,0.000000,SAMPLE
314,0.00938,30.05208,23743,1,0.000000,SAMPLE
315,0.00938,30.07813,23743,1,0.000000,SAMPLE
316,0.00938,30.02604,23743,1,0.000000,SAMPLE
317,0.00938,30.07813,23743,1,0.000000,SAMPLE
318,0.00938,30.02604,23743,1,0.000000,SAMPLE
319,0.00938,30.07813,23743,1,0.000000,SAMPLE
320,0.00938,30.07813,23743,1,0.000000,SAMPLE
321,0.00938,30.02604,23743,1,0.000000,SAMPLE
322,0.00938,30.05208,23743,1,0.000000,SAMPLE
323,0.00938,30.05208,23743,1,0.000000,SAMPLE
324,0.00938,30.02604,23743,1,0.000000,SAMPLE
325,0.00938,30.02604,23743,1,0.000000,SAMPLE
326,0.00938,30.02604,23743,1,0.000000,SAMPLE
327,0.00938,30.05208,23743,1,0.000000,SAMPLE
328,0.00938,30.00000,23743,1,0.000000,SAMPLE
329,0.00938,30.02604,23743,1,0.000000,SAMPLE
330,0.00938,29.97396,23743,1,0.000000,SAMPLE
331,0.00938,30.00000,23743,1,0.000000,SAMPLE
332,0.00938,30.02604,23743,1,0.000000,SAMPLE
333,0.00000,30.00000,23743,1,0.000000,SAMPLE
334,0.00938,30.00000,23743,1,0.000000,SAMPLE
335,0.00938,30.00000,23743,1,0.000000,SAMPLE
336,0.00938,29.97396,23743,1,0.000000,SAMPLE
337,0.00938,30.10417,23759,1,0.000000,SAMPLE
338,0.00938,30.10417,23759,1,0.000000,SAMPLE
339,0.00938,30.07813,23759,1,0.000000,SAMPLE
340,0.00938,30.10417,23759,1,0.000000,SAMPLE
341,0.00938,30.10417,23759,1,0.000000,SAMPLE
342,0.00938,30.05208,23759,1,0.000000,SAMPLE
343,0.00938,30.07813,23759,1,0.000000,SAMPLE
344,0.00938,30.07813,23759,1,0.000000,SAMPLE
345,0.00938,30.05208,23759,1,0.000000,SAMPLE
346,0.00938,30.05208,23759,1,0.000000,SAMPLE
347,0.00938,30.07813,23759,1,0.000000,SAMPLE
348,0.00938,30.02604,23759,1,0.000000,SAMPLE
349,0.00938,30.07813,23759,1,0.000000,SAMPLE
350,0.00938,30.07813,23759,1,0.000000,SAMPLE
351,0.00938,30.05208,23759,1,0.000000,SAMPLE
352,0.00938,30.05208,23759,1,0.000000,SAMPLE
353,0.00938,30.02604,23759,1,0.000000,SAMPLE
354,0.00938,30.05208,23759,1,0.000000,SAMPLE
355,0.00938,30.05208,23759,1,0.000000,SAMPLE
356,0.00938,30.05208,23759,1,0.000000,SAMPLE
357,0.00938,30.05208,23759,1,0.000000,SAMPLE
358,0.00938,30.02604,23759,1,0.000000,SAMPLE
359,0.00938,30.02604,23759,1,0.000000,SAMPLE
360,0.00938,30.02604,23759,1,0.000000,SAMPLE
361,0.00938,29.97396,23759,1,0.000000,SAMPLE
362,0.00938,30.05208,23759,1,0.000000,SAMPLE
363,0.00938,30.05208,23759,1,0.000000,SAMPLE
364,0.00938,29.97396,23759,1,0.000000,SAMPLE
365,0.00938,30.02604,23759,1,0.000000,SAMPLE
366,0.00938,30.00000,23759,1,0.000000,SAMPLE
367,0.00938,30.02604,23759,1,0.000000,SAMPLE
368,0.00938,29.94792,23759,1,0.000000,SAMPLE
369,0.00938,30.00000,23759,1,0.000000,SAMPLE
370,0.00938,30.00000,23759,1,0.000000,SAMPLE
371,0.00938,29.97396,23759,1,0.000000,SAMPLE
372,0.00938,30.00000,23759,1,0.000000,SAMPLE
373,0.00938,29.97396,23759,1,0.000000,SAMPLE
374,0.00938,29.94792,23759,1,0.000000,SAMPLE
375,0.00938,29.97396,23759,1,0.000000,SAMPLE
376,0.00938,29.94792,23759,1,0.000000,SAMPLE
377,0.00938,30.23438,23798,1,0.000000,SAMPLE
378,0.00938,30.20834,23798,1,0.000000,SAMPLE
379,0.00938,30.23438,23798,1,0.000000,SAMPLE
380,0.00938,30.20834,23798,1,0.000000,SAMPLE
381,0.00000,30.23438,23798,1,0.000000,SAMPLE
382,0.00000,30.18229,23798,1,0.000000,SAMPLE
383,0.00938,30.23438,23798,1,0.000000,SAMPLE
384,0.00938,30.20834,23798,1,0.000000,SAMPLE
385,0.00938,30.18229,23798,1,0.000000,SAMPLE
386,0.00938,30.20834,23798,1,0.000000,SAMPLE
387,0.00938,30.20834,23798,1,0.000000,SAMPLE
388,0.00938,30.18229,23798,1,0.000000,SAMPLE
389,0.00938,30.20834,23798,1,0.000000,SAMPLE
390,0.00938,30.18229,23798,1,0.000000,SAMPLE
391,0.00938,30.18229,23798,1,0.000000,SAMPLE
392,0.00938,30.15625,23798,1,0.000000,SAMPLE
393,0.00938,30.15625,23798,1,0.000000,SAMPLE
394,0.00938,30.15625,23798,1,0.000000,SAMPLE
395,0.00938,30.13021,23798,1,0.000000,SAMPLE
396,0.00938,30.15625,23798,1,0.000000,SAMPLE
397,0.00938,30.10417,23785,1,0.000000,SAMPLE
398,0.00938,30.07813,23785,1,0.000000,SAMPLE
399,0.00938,30.02604,23785,1,0.000000,SAMPLE
400,0.00938,30.10417,23785,1,0.000000,SAMPLE
401,0.00938,30.05208,23785,1,0.000000,SAMPLE
402,0.00938,30.05208,23785,1,0.000000,SAMPLE
403,0.00938,30.10417,23785,1,0.000000,SAMPLE
404,0.00938,30.00000,23785,1,0.000000,SAMPLE
405,0.00938,30.02604,23785,1,0.000000,SAMPLE
406,0.00938,30.05208,23785,1,0.000000,SAMPLE
407,0.00938,30.05208,23785,1,0.000000,SAMPLE
408,0.00938,30.00000,23785,1,0.000000,SAMPLE
409,0.00938,30.02604,23785,1,0.000000,SAMPLE
410,0.00938,30.02604,23785,1,0.000000,SAMPLE
411,0.00938,30.02604,23785,1,0.000000,SAMPLE
412,0.00938,30.05208,23785,1,0.000000,SAMPLE
413,0.00938,30.02604,23785,1,0.000000,SAMPLE
414,0.00938,29.97396,23785,1,0.000000,SAMPLE
415,0.00938,30.02604,23785,1,0.000000,SAMPLE
416,0.00938,30.00000,23785,1,0.000000,SAMPLE
417,0.00938,30.05208,23792,1,0.000000,SAMPLE
418,0.00938,30.00000,23792,1,0.000000,SAMPLE
419,0.00938,30.05208,23792,1,0.000000,SAMPLE
420,0.00938,30.00000,23792,1,0.000000,SAMPLE
421,0.00938,30.05208,23792,1,0.000000,SAMPLE
422,0.00000,30.00000,23792,1,0.000000,SAMPLE
423,0.00938,30.00000,23792,1,0.000000,SAMPLE
424,0.00938,30.02604,23792,1,0.000000,SAMPLE
425,0.00938,30.00000,23792,1,0.000000,SAMPLE
426,0.00938,30.02604,23792,1,0.000000,SAMPLE
427,0.00938,29.97396,23792,1,0.000000,SAMPLE
428,0.00938,30.02604,23792,1,0.000000,SAMPLE
429,0.00938,29.97396,23792,1,0.000000,SAMPLE
430,0.00938,30.00000,23792,1,0.000000,SAMPLE
431,0.00938,29.97396,23792,1,0.000000,SAMPLE
432,0.00938,30.00000,23792,1,0.000000,SAMPLE
433,0.00938,30.00000,23792,1,0.000000,SAMPLE
434,0.00938,29.97396,23792,1,0.000000,SAMPLE
435,0.00938,29.97396,23792,1,0.000000,SAMPLE
436,0.00938,30.00000,23792,1,0.000000,SAMPLE
437,0.00938,30.18229,23825,1,0.000000,SAMPLE
438,0.00938,30.18229,23825,1,0.000000,SAMPLE
439,0.00938,30.20834,23825,1,0.000000,SAMPLE
440,0.00938,30.15625,23825,1,0.000000,SAMPLE
441,0.00938,30.20834,23825,1,0.000000,SAMPLE
442,0.00938,30.18229,23825,1,0.000000,SAMPLE
443,0.00938,30.15625,23825,1,0.000000,SAMPLE
444,0.00938,30.15625,23825,1,0.000000,SAMPLE
445,0.00938,30.13021,23825,1,0.000000,SAMPLE
446,0.00938,30.18229,23825,1,0.000000,SAMPLE
447,0.00938,30.13021,23825,1,0.000000,SAMPLE
448,0.00938,30.15625,23825,1,0.000000,SAMPLE
449,0.00938,30.15625,23825,1,0.000000,SAMPLE
450,0.00938,30.15625,23825,1,0.000000,SAMPLE
451,0.00938,30.13021,23825,1,0.000000,SAMPLE
452,0.00938,30.15625,23825,1,0.000000,SAMPLE
453,0.00938,30.15625,23825,1,0.000000,SAMPLE
454,0.00938,30.10417,23825,1,0.000000,SAMPLE
455,0.00938,30.15625,23825,1,0.000000,SAMPLE
456,0.00938,30.13021,23825,1,0.000000,SAMPLE
457,0.00938,30.07813,23822,1,0.000000,SAMPLE
458,0.00938,30.13021,23822,1,0.000000,SAMPLE
459,0.00938,30.10417,23822,1,0.000000,SAMPLE
460,0.00938,30.05208,23822,1,0.000000,SAMPLE
461,0.00938,30.07813,23822,1,0.000000,SAMPLE
462,0.00938,30.07813,23822,1,0.000000,SAMPLE
463,0.00938,30.10417,23822,1,0.000000,SAMPLE
464,0.00938,30.07813,23822,1,0.000000,SAMPLE
465,0.00938,30.05208,23822,1,0.000000,SAMPLE
466,0.00938,30.05208,23822,1,0.000000,SAMPLE
467,0.00938,30.07813,23822,1,0.000000,SAMPLE
468,0.00938,30.05208,23822,1,0.000000,SAMPLE
469,0.00938,30.07813,23822,1,0.000000,SAMPLE
470,0.00938,30.05208,23822,1,0.000000,SAMPLE
471,0.00938,30.02604,23822,1,0.000000,SAMPLE
472,0.00938,30.02604,23822,1,0.000000,SAMPLE
473,0.00938,30.02604,23822,1,0.000000,SAMPLE
474,0.00938,30.02604,23822,1,0.000000,SAMPLE
475,0.00938,30.05208,23822,1,0.000000,SAMPLE
476,0.00938,30.02604,23822,1,0.000000,SAMPLE
477,0.00938,30.02604,23822,1,0.000000,SAMPLE
478,0.00938,30.05208,23822,1,0.000000,SAMPLE
479,0.00938,30.00000,23822,1,0.000000,SAMPLE
480,0.00938,30.02604,23822,1,0.000000,SAMPLE
481,0.00938,30.02604,23822,1,0.000000,SAMPLE
482,0.00938,30.02604,23822,1,0.000000,SAMPLE
483,0.00938,30.02604,23822,1,0.000000,SAMPLE
484,0.00938,30.00000,23822,1,0.000000,SAMPLE
485,0.00938,30.02604,23822,1,0.000000,SAMPLE
486,0.00938,30.00000,23822,1,0.000000,SAMPLE
487,0.00938,29.97396,23822,1,0.000000,SAMPLE
488,0.00938,30.02604,23822,1,0.000000,SAMPLE
489,0.00938,29.97396,23822,1,0.000000,SAMPLE
490,0.00938,30.00000,23822,1,0.000000,SAMPLE
491,0.00938,29.97396,23822,1,0.000000,SAMPLE
492,0.00938,30.00000,23822,1,0.000000,SAMPLE
493,0.00938,30.00000,23822,1,0.000000,SAMPLE
494,0.00938,29.94792,23822,1,0.000000,SAMPLE
495,0.00938,30.00000,23822,1,0.000000,SAMPLE
496,0.00938,29.94792,23822,1,0.000000,SAMPLE
497,0.00938,30.20834,23857,1,0.000000,SAMPLE
498,0.00938,30.20834,23857,1,0.000000,SAMPLE
499,0.00938,30.15625,23857,1,0.000000,SAMPLE
500,0.00938,30.15625,23857,1,0.000000,SAMPLE
501,0.00938,30.15625,23857,1,0.000000,SAMPLE
502,0.00938,30.13021,23857,1,0.000000,SAMPLE
503,0.00938,30.18229,23857,1,0.000000,SAMPLE
504,0.00938,30.15625,23857,1,0.000000,SAMPLE
505,0.00938,30.13021,23857,1,0.000000,SAMPLE
506,0.00938,30.13021,23857,1,0.000000,SAMPLE
507,0.00938,30.15625,23857,1,0.000000,SAMPLE
508,0.00938,30.18229,23857,1,0.000000,SAMPLE
509,0.00938,30.10417,23857,1,0.000000,SAMPLE
510,0.00938,30.13021,23857,1,0.000000,SAMPLE
511,0.00938,30.10417,23857,1,0.000000,SAMPLE
512,0.00938,30.10417,23857,1,0.000000,SAMPLE
513,0.00938,30.13021,23857,1,0.000000,SAMPLE
514,0.00938,30.13021,23857,1,0.000000,SAMPLE
515,0.00938,30.10417,23857,1,0.000000,SAMPLE
516,0.00938,30.10417,23857,1,0.000000,SAMPLE
517,0.00938,30.10417,23854,1,0.000000,SAMPLE
518,0.00938,30.10417,23854,1,0.000000,SAMPLE
519,0.00938,30.07813,23854,1,0.000000,SAMPLE
520,0.00938,30.10417,23854,1,0.000000,SAMPLE
521,0.00938,30.07813,23854,1,0.000000,SAMPLE
522,0.00938,30.05208,23854,1,0.000000,SAMPLE
523,0.00938,30.10417,23854,1,0.000000,SAMPLE
524,0.00938,30.05208,23854,1,0.000000,SAMPLE
525,0.00938,30.05208,23854,1,0.000000,SAMPLE
526,0.00000,30.05208,23854,1,0.000000,SAMPLE
527,0.00938,30.02604,23854,1,0.000000,SAMPLE
528,0.00938,30.05208,23854,1,0.000000,SAMPLE
529,0.00000,30.02604,23854,1,0.000000,SAMPLE
530,0.00938,30.05208,23854,1,0.000000,SAMPLE
531,0.00938,30.05208,23854,1,0.000000,SAMPLE
532,0.00938,30.02604,23854,1,0.000000,SAMPLE
533,0.00938,30.05208,23854,1,0.000000,SAMPLE
534,0.00000,30.02604,23854,1,0.000000,SAMPLE
535,0.00938,30.00000,23854,1,0.000000,SAMPLE
536,0.00938,30.00000,23854,1,0.000000,SAMPLE
537,0.00938,30.05208,23854,1,0.000000,SAMPLE
538,0.00938,29.97396,23854,1,0.000000,SAMPLE
539,0.00938,30.02604,23854,1,0.000000,SAMPLE
540,0.00938,30.02604,23854,1,0.000000,SAMPLE
541,0.00938,30.00000,23854,1,0.000000,SAMPLE
542,0.00938,30.02604,23854,1,0.000000,SAMPLE
543,0.00938,29.97396,23854,1,0.000000,SAMPLE
544,0.00938,30.00000,23854,1,0.000000,SAMPLE
545,0.00938,29.97396,23854,1,0.000000,SAMPLE
546,0.00938,29.94792,23854,1,0.000000,SAMPLE
547,0.00938,30.00000,23854,1,0.000000,SAMPLE
548,0.00938,29.94792,23854,1,0.000000,SAMPLE
549,0.00938,30.00000,23854,1,0.000000,SAMPLE
550,0.00938,29.94792,23854,1,0.000000,SAMPLE
551,0.00938,29.97396,23854,1,0.000000,SAMPLE
552,0.00938,29.94792,23854,1,0.000000,SAMPLE
553,0.00938,29.97396,23854,1,0.000000,SAMPLE
554,0.00938,29.92188,23854,1,0.000000,SAMPLE
555,0.00938,29.94792,23854,1,0.000000,SAMPLE
556,0.00938,29.94792,23854,1,0.000000,SAMPLE
557,0.00938,30.15625,23890,1,0.000000,SAMPLE
558,0.00938,30.15625,23890,1,0.000000,SAMPLE
559,0.00938,30.15625,23890,1,0.000000,SAMPLE
560,0.00938,30.15625,23890,1,0.000000,SAMPLE
561,0.00938,30.15625,23890,1,0.000000,SAMPLE
562,0.00938,30.13021,23890,1,0.000000,SAMPLE
563,0.00938,30.15625,23890,1,0.000000,SAMPLE
564,0.00938,30.13021,23890,1,0.000000,SAMPLE
565,0.00938,30.15625,23890,1,0.000000,SAMPLE
566,0.00938,30.13021,23890,1,0.000000,SAMPLE
567,0.00938,30.13021,23890,1,0.000000,SAMPLE
568,0.00938,30.10417,23890,1,0.000000,SAMPLE
569,0.00938,30.13021,23890,1,0.000000,SAMPLE
570,0.00938,30.15625,23890,1,0.000000,SAMPLE
571,0.00938,30.07813,23890,1,0.000000,SAMPLE
572,0.00938,30.07813,23890,1,0.000000,SAMPLE
573,0.00938,30.07813,23890,1,0.000000,SAMPLE
574,0.00938,30.10417,23890,1,0.000000,SAMPLE
575,0.00938,30.05208,23890,1,0.000000,SAMPLE
576,0.00938,30.07813,23890,1,0.000000,SAMPLE
577,0.00938,30.02604,23884,1,0.000000,SAMPLE
578,0.00938,30.05208,23884,1,0.000000,SAMPLE
579,0.00938,30.02604,23884,1,0.000000,SAMPLE
580,0.00938,30.02604,23884,1,0.000000,SAMPLE
581,0.00938,30.00000,23884,1,0.000000,SAMPLE
582,0.00938,30.05208,23884,1,0.000000,SAMPLE
583,0.00938,29.97396,23884,1,0.000000,SAMPLE
584,0.00938,30.00000,23884,1,0.000000,SAMPLE
585,0.00938,30.05208,23884,1,0.000000,SAMPLE
586,0.00938,29.97396,23884,1,0.000000,SAMPLE
587,0.00938,30.00000,23884,1,0.000000,SAMPLE
588,0.00938,30.02604,23884,1,0.000000,SAMPLE
589,0.00938,30.00000,23884,1,0.000000,SAMPLE
590,0.00000,30.00000,23884,1,0.000000,SAMPLE
591,0.00938,29.97396,23884,1,0.000000,SAMPLE
592,0.00938,30.00000,23884,1,0.000000,SAMPLE
593,0.00938,29.97396,23884,1,0.000000,SAMPLE
594,0.00000,29.94792,23884,1,0.000000,SAMPLE
595,0.00938,29.94792,23884,1,0.000000,SAMPLE
596,0.00938,29.94792,23884,1,0.000000,SAMPLE
597,0.00938,30.23438,23926,1,0.000000,SAMPLE
598,0.00938,30.15625,23926,1,0.000000,SAMPLE
599,0.00938,30.20834,23926,1,0.000000,SAMPLE
600,0.00938,30.18229,23926,1,0.000000,SAMPLE
601,0.00938,30.18229,23926,1,0.000000,SAMPLE
602,0.00938,30.10417,23926,1,0.000000,SAMPLE
603,0.00938,30.13021,23926,1,0.000000,SAMPLE
604,0.00938,30.10417,23926,1,0.000000,SAMPLE
605,0.00938,30.13021,23926,1,0.000000,SAMPLE
606,0.00938,30.07813,23926,1,0.000000,SAMPLE
607,0.00938,30.05208,23926,1,0.000000,SAMPLE
608,0.00938,30.02604,23926,1,0.000000,SAMPLE
609,0.00938,30.00000,23926,1,0.000000,SAMPLE
610,0.00938,30.00000,23926,1,0.000000,SAMPLE
611,0.00938,29.97396,23926,1,0.000000,SAMPLE
612,0.00938,30.00000,23926,1,0.000000,SAMPLE
613,0.00938,29.97396,23926,1,0.000000,SAMPLE
614,0.00938,29.92188,23926,1,0.000000,SAMPLE
615,0.00938,29.92188,23926,1,0.000000,SAMPLE
616,0.00938,29.92188,23926,1,0.000000,SAMPLE
617,0.00938,29.92188,23952,1,0.000000,SAMPLE
618,0.00938,30.15625,23966,1,0.000000,SAMPLE
619,0.00938,30.13021,23966,1,0.000000,SAMPLE
620,0.00938,30.10417,23966,1,0.000000,SAMPLE
621,0.00938,30.07813,23966,1,0.000000,SAMPLE
622,0.00938,30.05208,23966,1,0.000000,SAMPLE
623,0.00938,30.05208,23966,1,0.000000,SAMPLE
624,0.00938,30.07813,23966,1,0.000000,SAMPLE
625,0.00938,30.10417,23966,1,0.000000,SAMPLE
626,0.00938,30.02604,23966,1,0.000000,SAMPLE
627,0.00938,30.05208,23966,1,0.000000,SAMPLE
628,0.00938,30.00000,23966,1,0.000000,SAMPLE
629,0.00938,30.05208,23966,1,0.000000,SAMPLE
630,0.00938,30.02604,23966,1,0.000000,SAMPLE
631,0.00938,30.00000,23966,1,0.000000,SAMPLE
632,0.00938,30.02604,23966,1,0.000000,SAMPLE
633,0.00938,29.94792,23966,1,0.000000,SAMPLE
634,0.00938,30.00000,23966,1,0.000000,SAMPLE
635,0.00938,30.00000,23966,1,0.000000,SAMPLE
636,0.00938,29.94792,23966,1,0.000000,SAMPLE
637,0.00938,29.97396,23966,1,0.000000,SAMPLE
638,0.00938,30.26042,24011,1,0.000000,SAMPLE
639,0.00938,30.26042,24011,1,0.000000,SAMPLE
640,0.00938,30.20834,24011,1,0.000000,SAMPLE
641,0.00938,30.20834,24011,1,0.000000,SAMPLE
642,0.00938,30.20834,24011,1,0.000000,SAMPLE
643,0.00938,30.18229,24011,1,0.000000,SAMPLE
644,0.00938,30.23438,24011,1,0.000000,SAMPLE
645,0.00938,30.20834,24011,1,0.000000,SAMPLE
646,0.00938,30.18229,24011,1,0.000000,SAMPLE
647,0.00938,30.20834,24011,1,0.000000,SAMPLE
648,0.00938,30.15625,24011,1,0.000000,SAMPLE
649,0.00938,30.18229,24011,1,0.000000,SAMPLE
650,0.00938,30.15625,24011,1,0.000000,SAMPLE
651,0.00938,30.20834,24011,1,0.000000,SAMPLE
652,0.00938,30.18229,24011,1,0.000000,SAMPLE
653,0.00938,30.13021,24011,1,0.000000,SAMPLE
654,0.00938,30.18229,24011,1,0.000000,SAMPLE
655,0.00938,30.13021,24011,1,0.000000,SAMPLE
656,0.00938,30.15625,24011,1,0.000000,SAMPLE
657,0.00938,30.18229,24011,1,0.000000,SAMPLE
658,0.00938,30.15625,24015,1,0.000000,SAMPLE
659,0.00938,30.18229,24015,1,0.000000,SAMPLE
660,0.00000,30.18229,24015,1,0.000000,SAMPLE
661,0.00938,30.15625,24015,1,0.000000,SAMPLE
662,0.00938,30.13021,24015,1,0.000000,SAMPLE
663,0.00938,30.15625,24015,1,0.000000,SAMPLE
664,0.00938,30.13021,24015,1,0.000000,SAMPLE
665,0.00938,30.15625,24015,1,0.000000,SAMPLE
666,0.00938,30.13021,24015,1,0.000000,SAMPLE
667,0.00938,30.10417,24015,1,0.000000,SAMPLE
668,0.00938,30.15625,24015,1,0.000000,SAMPLE
669,0.00000,30.13021,24015,1,0.000000,SAMPLE
670,0.00938,30.13021,24015,1,0.000000,SAMPLE
671,0.00938,30.15625,24015,1,0.000000,SAMPLE
672,0.00938,30.13021,24015,1,0.000000,SAMPLE
673,0.00938,30.10417,24015,1,0.000000,SAMPLE
674,0.00938,30.13021,24015,1,0.000000,SAMPLE
675,0.00938,30.13021,24015,1,0.000000,SAMPLE
676,0.00938,30.10417,24015,1,0.000000,SAMPLE
677,0.00938,30.15625,24015,1,0.000000,SAMPLE
678,0.00938,30.10417,24015,1,0.000000,SAMPLE
679,0.00938,30.10417,24015,1,0.000000,SAMPLE
680,0.00938,30.13021,24015,1,0.000000,SAMPLE
681,0.00938,30.07813,24015,1,0.000000,SAMPLE
682,0.00938,30.10417,24015,1,0.000000,SAMPLE
683,0.00938,30.07813,24015,1,0.000000,SAMPLE
684,0.00938,30.10417,24015,1,0.000000,SAMPLE
685,0.00938,30.05208,24015,1,0.000000,SAMPLE
686,0.00938,30.10417,24015,1,0.000000,SAMPLE
687,0.00000,30.10417,24015,1,0.000000,SAMPLE
688,0.00938,30.05208,24015,1,0.000000,SAMPLE
689,0.00938,30.10417,24015,1,0.000000,SAMPLE
690,0.00938,30.05208,24015,1,0.000000,SAMPLE
691,0.00938,30.07813,24015,1,0.000000,SAMPLE
692,0.00938,30.02604,24015,1,0.000000,SAMPLE
693,0.00938,30.05208,24015,1,0.000000,SAMPLE
694,0.00938,30.05208,24015,1,0.000000,SAMPLE
695,0.00938,30.02604,24015,1,0.000000,SAMPLE
696,0.00938,30.07813,24015,1,0.000000,SAMPLE
697,0.00938,30.00000,24015,1,0.000000,SAMPLE
698,0.00938,30.02604,24015,1,0.000000,SAMPLE
699,0.00938,30.02604,24015,1,0.000000,SAMPLE
700,0.00938,30.05208,24015,1,0.000000,SAMPLE
701,0.00938,30.02604,24015,1,0.000000,SAMPLE
702,0.00938,30.00000,24015,1,0.000000,SAMPLE
703,0.00938,30.05208,24015,1,0.000000,SAMPLE
704,0.00938,30.02604,24015,1,0.000000,SAMPLE
705,0.00000,30.00000,24015,1,0.000000,SAMPLE
706,0.00938,30.02604,24015,1,0.000000,SAMPLE
707,0.00000,30.02604,24015,1,0.000000,SAMPLE
708,0.00938,30.02604,24015,1,0.000000,SAMPLE
709,0.00938,30.00000,24015,1,0.000000,SAMPLE
710,0.00938,30.00000,24015,1,0.000000,SAMPLE
711,0.00938,30.00000,24015,1,0.000000,SAMPLE
712,0.00000,30.02604,24015,1,0.000000,SAMPLE
713,0.00000,30.02604,24015,1,0.000000,SAMPLE
714,0.00938,30.02604,24015,1,0.000000,SAMPLE
715,0.00938,30.02604,24015,1,0.000000,SAMPLE
716,0.00938,29.97396,24015,1,0.000000,SAMPLE
717,0.00938,30.02604,24015,1,0.000000,SAMPLE
718,0.00938,29.94792,24015,1,0.000000,SAMPLE
719,0.00938,30.00000,24015,1,0.000000,SAMPLE
720,0.00938,30.00000,24015,1,0.000000,SAMPLE
721,0.00000,29.97396,24015,1,0.000000,SAMPLE
722,0.00938,29.97396,24015,1,0.000000,SAMPLE
723,0.00938,29.97396,24015,1,0.000000,SAMPLE
724,0.00938,29.97396,24015,1,0.000000,SAMPLE
725,0.00938,30.00000,24015,1,0.000000,SAMPLE
726,0.00938,29.94792,24015,1,0.000000,SAMPLE
727,0.00938,29.97396,24015,1,0.000000,SAMPLE
728,0.00938,29.92188,24015,1,0.000000,SAMPLE
729,0.00938,29.94792,24015,1,0.000000,SAMPLE
730,0.00938,29.94792,24015,1,0.000000,SAMPLE
731,0.00000,29.94792,24015,1,0.000000,SAMPLE
732,0.00938,29.97396,24015,1,0.000000,SAMPLE
733,0.00938,29.94792,24015,1,0.000000,SAMPLE
734,0.00938,29.97396,24015,1,0.000000,SAMPLE
735,0.00938,29.94792,24015,1,0.000000,SAMPLE
736,0.00938,29.94792,24015,1,0.000000,SAMPLE
737,0.00938,29.92188,24015,1,0.000000,SAMPLE
738,0.00938,30.10417,24040,1,0.000000,SAMPLE
739,0.00938,30.10417,24040,1,0.000000,SAMPLE
740,0.00938,30.07813,24040,1,0.000000,SAMPLE
741,0.00938,30.10417,24040,1,0.000000,SAMPLE
742,0.00938,30.07813,24040,1,0.000000,SAMPLE
743,0.00938,30.10417,24040,1,0.000000,SAMPLE
744,0.00938,30.07813,24040,1,0.000000,SAMPLE
745,0.00938,30.05208,24040,1,0.000000,SAMPLE
746,0.00938,30.07813,24040,1,0.000000,SAMPLE
747,0.00000,30.07813,24040,1,0.000000,SAMPLE
748,0.00938,30.10417,24040,1,0.000000,SAMPLE
749,0.00938,30.05208,24040,1,0.000000,SAMPLE
750,0.00938,30.10417,24040,1,0.000000,SAMPLE
751,0.00938,30.05208,24040,1,0.000000,SAMPLE
752,0.00938,30.05208,24040,1,0.000000,SAMPLE
753,0.00938,30.10417,24040,1,0.000000,SAMPLE
754,0.00938,30.02604,24040,1,0.000000,SAMPLE
755,0.00938,30.07813,24040,1,0.000000,SAMPLE
756,0.00938,30.02604,24040,1,0.000000,SAMPLE
757,0.00938,30.02604,24040,1,0.000000,SAMPLE
758,0.00938,30.05208,24041,1,0.000000,SAMPLE
759,0.00938,30.02604,24041,1,0.000000,SAMPLE
760,0.00000,30.02604,24041,1,0.000000,SAMPLE
761,0.00938,30.05208,24041,1,0.000000,SAMPLE
762,0.00938,30.05208,24041,1,0.000000,SAMPLE
763,0.00938,30.05208,24041,1,0.000000,SAMPLE
764,0.00938,30.05208,24041,1,0.000000,SAMPLE
765,0.00938,30.05208,24041,1,0.000000,SAMPLE
766,0.00938,30.02604,24041,1,0.000000,SAMPLE
767,0.00938,30.07813,24041,1,0.000000,SAMPLE
768,0.00938,30.02604,24041,1,0.000000,SAMPLE
769,0.00938,30.00000,24041,1,0.000000,SAMPLE
770,0.00938,30.05208,24041,1,0.000000,SAMPLE
771,0.00938,30.00000,24041,1,0.000000,SAMPLE
772,0.00938,30.02604,24041,1,0.000000,SAMPLE
773,0.00938,30.02604,24041,1,0.000000,SAMPLE
774,0.00938,30.02604,24041,1,0.000000,SAMPLE
775,0.00938,30.02604,24041,1,0.000000,SAMPLE
776,0.00938,30.02604,24041,1,0.000000,SAMPLE
777,0.00938,30.02604,24041,1,0.000000,SAMPLE
778,0.00938,30.05208,24046,1,0.000000,SAMPLE
779,0.00938,30.02604,24046,1,0.000000,SAMPLE
780,0.00000,30.05208,24046,1,0.000000,SAMPLE
781,0.00938,30.02604,24046,1,0.000000,SAMPLE
782,0.00938,30.00000,24046,1,0.000000,SAMPLE
783,0.00938,30.05208,24046,1,0.000000,SAMPLE
784,0.00938,30.02604,24046,1,0.000000,SAMPLE
785,0.00938,30.02604,24046,1,0.000000,SAMPLE
786,0.00000,30.02604,24046,1,0.000000,SAMPLE
787,0.00938,30.05208,24046,1,0.000000,SAMPLE
788,0.00938,30.02604,24046,1,0.000000,SAMPLE
789,0.00938,29.97396,24046,1,0.000000,SAMPLE
790,0.00938,30.05208,24046,1,0.000000,SAMPLE
791,0.00938,30.00000,24046,1,0.000000,SAMPLE
792,0.00938,30.02604,24046,1,0.000000,SAMPLE
793,0.00938,30.00000,24046,1,0.000000,SAMPLE
794,0.00938,30.02604,24046,1,0.000000,SAMPLE
795,0.00938,30.00000,24046,1,0.000000,SAMPLE
796,0.00000,30.02604,24046,1,0.000000,SAMPLE
797,0.00938,30.00000,24046,1,0.000000,SAMPLE
798,0.00938,30.13021,24068,1,0.000000,SAMPLE
799,0.00938,30.15625,24068,1,0.000000,SAMPLE
800,0.00938,30.13021,24068,1,0.000000,SAMPLE
801,0.00938,30.13021,24068,1,0.000000,SAMPLE
802,0.00938,30.15625,24068,1,0.000000,SAMPLE
803,0.00938,30.10417,24068,1,0.000000,SAMPLE
804,0.00938,30.10417,24068,1,0.000000,SAMPLE
805,0.00938,30.15625,24068,1,0.000000,SAMPLE
806,0.00938,30.13021,24068,1,0.000000,SAMPLE
807,0.00938,30.10417,24068,1,0.000000,SAMPLE
808,0.00938,30.13021,24068,1,0.000000,SAMPLE
809,0.00938,30.10417,24068,1,0.000000,SAMPLE
810,0.00938,30.10417,24068,1,0.000000,SAMPLE
811,0.00938,30.13021,24068,1,0.000000,SAMPLE
812,0.00938,30.07813,24068,1,0.000000,SAMPLE
813,0.00938,30.13021,24068,1,0.000000,SAMPLE
814,0.00938,30.13021,24068,1,0.000000,SAMPLE
815,0.00938,30.10417,24068,1,0.000000,SAMPLE
816,0.00938,30.13021,24068,1,0.000000,SAMPLE
817,0.00938,30.07813,24068,1,0.000000,SAMPLE
818,0.00938,30.10417,24068,1,0.000000,SAMPLE
819,0.00938,28.98438,24068,1,0.000000,NA
820,0.00938,29.01042,24068,1,0.000000,NA
821,0.00938,4.11458,24068,1,0.000000,NA
822,0.00938,1.48438,24068,1,0.000000,NA
823,0.00938,3.59375,25929,1,0.000000,NA
824,0.00938,4.40104,29007,1,0.000000,NA
825,0.00938,1.71875,30108,0,0.000000,NA
826,0.00938,1.45833,30108,0,0.000000,NA
827,0.00938,1.43229,30108,0,0.000000,NA
828,0.00938,-0.26042,28884,1,0.000000,NA
829,0.00938,-3.56771,25791,1,0.000000,NA
830,0.00938,-5.70313,22714,1,0.000000,NA
831,0.00938,-7.08333,19637,1,0.000000,NA
832,0.00938,-7.73438,17993,1,0.000000,NA
833,0.00938,-7.76042,17993,1,0.000000,NA
834,0.00938,-7.73438,17993,1,0.000000,NA
835,0.00938,-7.73438,17993,1,0.000000,NA
836,0.00938,-7.73438,17993,1,0.000000,NA
837,0.00938,-7.73438,17993,1,0.000000,NA
838,0.00938,-7.73438,17993,1,0.000000,NA
839,0.00938,-7.73438,17993,1,0.000000,NA
840,0.00938,-7.73438,17993,1,0.000000,NA
841,0.00938,-7.73438,17993,1,0.000000,NA
842,0.00938,-7.73438,17993,1,0.000000,NA
843,0.00938,-7.73438,17993,1,0.000000,NA
844,0.00938,-7.73438,17993,1,0.000000,NA
845,0.00938,-7.73438,17993,1,0.000000,NA
846,0.00938,-7.73438,17993,1,0.000000,NA
847,0.00938,-7.73438,17993,1,0.000000,NA
848,0.00938,-7.73438,17993,1,0.000000,NA
849,0.00938,-7.73438,17993,1,0.000000,NA
850,0.00938,-7.73438,17993,1,0.000000,NA
851,0.00938,-7.73438,17993,1,0.000000,NA
852,0.00938,-7.73438,17993,1,0.000000,NA
853,0.00938,-4.08854,19400,1,0.000000,NA
854,0.00938,-2.83854,22477,1,0.000000,NA
855,0.00938,-1.27604,25554,1,0.000000,NA
856,0.00938,0.83333,28631,1,0.000000,NA
857,0.00000,2.16146,30000,0,0.000000,NA
858,0.00938,-2.34375,28348,1,0.000000,PRESERVE
859,0.00938,-5.23438,25253,1,0.000000,PRESERVE
860,0.00938,-7.03125,22176,1,0.000000,PRESERVE
861,0.00938,-8.15104,19099,1,0.000000,PRESERVE
862,0.00938,-8.56771,17993,1,0.000000,PRESERVE
863,0.00938,-8.56771,17993,1,0.000000,PRESERVE
864,0.00938,-8.56771,17993,1,0.000000,PRESERVE
865,0.00938,-8.56771,17993,1,0.000000,PRESERVE
866,0.00938,-8.56771,17993,1,0.000000,PRESERVE
867,0.00938,-8.56771,17993,1,0.000000,PRESERVE
868,0.00938,-8.56771,17993,1,0.000000,PRESERVE
869,0.00938,-8.56771,17993,1,0.000000,PRESERVE
870,0.00938,-8.56771,17993,1,0.000000,PRESERVE
871,0.00938,-8.56771,17993,1,0.000000,PRESERVE
872,0.00938,-8.56771,17993,1,0.000000,PRESERVE
873,0.00938,-8.56771,17993,1,0.000000,PRESERVE
874,0.00938,-8.54167,17993,1,0.000000,PRESERVE
875,0.00938,-8.56771,17993,1,0.000000,PRESERVE
876,0.00938,-8.54167,17993,1,0.000000,PRESERVE
877,0.00938,-8.56771,17993,1,0.000000,PRESERVE
878,0.00938,-8.56771,17993,1,0.000000,PRESERVE
879,0.00938,-8.56771,17993,1,0.000000,PRESERVE
880,0.00938,-8.56771,17993,1,0.000000,PRESERVE
881,0.00938,-8.56771,17993,1,0.000000,PRESERVE
882,0.00938,-8.54167,17993,1,0.000000,PRESERVE
883,0.00938,-0.02604,19939,1,0.000000,PRESERVE
884,0.00938,2.39583,23016,1,0.000000,PRESERVE
885,0.00938,5.78125,26094,1,0.000000,PRESERVE
886,0.00938,10.91146,29171,1,0.000000,PRESERVE
887,0.00938,13.38542,29995,0,0.000000,PRESERVE
888,0.00938,13.41146,29995,0,0.000000,PRESERVE
889,0.00938,13.38542,29995,0,0.000000,PRESERVE
890,0.00938,13.41146,29995,0,0.000000,PRESERVE
891,0.00938,13.35938,29995,0,0.000000,PRESERVE
892,0.00938,13.38542,29995,0,0.000000,PRESERVE
893,0.00938,13.35938,29995,0,0.000000,PRESERVE
894,0.00938,13.35938,29995,0,0.000000,PRESERVE
895,0.00938,13.38542,29995,0,0.000000,PRESERVE
896,0.00938,13.38542,29995,0,0.000000,PRESERVE
897,0.00938,13.35938,29995,0,0.000000,PRESERVE
898,0.00938,13.38542,29995,0,0.000000,PRESERVE
899,0.00938,13.35938,29995,0,0.000000,PRESERVE
900,0.00938,13.38542,29995,0,0.000000,PRESERVE
901,0.00938,13.35938,29995,0,0.000000,PRESERVE
902,0.00938,13.38542,29995,0,0.000000,PRESERVE
903,0.00938,13.35938,29995,0,0.000000,PRESERVE
904,0.00938,13.35938,29995,0,0.000000,PRESERVE
905,0.00938,13.33333,29995,0,0.000000,PRESERVE
906,0.00938,13.35938,29995,0,0.000000,PRESERVE
907,0.00938,13.38542,29995,0,0.000000,PRESERVE
908,0.00938,0.75521,27777,1,0.000000,PRESERVE
909,0.00938,-3.12500,24681,1,0.000000,PRESERVE
910,0.00938,-5.41667,21604,1,0.000000,PRESERVE
911,0.00938,-7.00521,18527,1,0.000000,PRESERVE
912,0.00938,-7.36979,17994,1,0.000000,PRESERVE
913,0.00938,-7.36979,17994,1,0.000000,PRESERVE
914,0.00938,-7.34375,17994,1,0.000000,PRESERVE
915,0.00938,-7.36979,17994,1,0.000000,PRESERVE
916,0.00938,-7.34375,17994,1,0.000000,PRESERVE
917,0.00938,-7.34375,17994,1,0.000000,PRESERVE
918,0.00938,-7.34375,17994,1,0.000000,PRESERVE
919,0.00938,-7.34375,17994,1,0.000000,PRESERVE
920,0.00938,-7.34375,17994,1,0.000000,PRESERVE
921,0.00938,-7.34375,17994,1,0.000000,PRESERVE
922,0.00938,-7.34375,17994,1,0.000000,PRESERVE
923,0.00938,-7.34375,17994,1,0.000000,PRESERVE
924,0.00938,-7.34375,17994,1,0.000000,PRESERVE
925,0.00938,-7.34375,17994,1,0.000000,PRESERVE
926,0.00938,-7.34375,17994,1,0.000000,PRESERVE
927,0.00938,-7.34375,17994,1,0.000000,PRESERVE
928,0.00938,-7.34375,17994,1,0.000000,PRESERVE
929,0.00938,-7.34375,17994,1,0.000000,PRESERVE
930,0.00938,-7.34375,17994,1,0.000000,PRESERVE
931,0.00938,-7.34375,17994,1,0.000000,PRESERVE
932,0.00938,-7.34375,17994,1,0.000000,PRESERVE
933,0.00938,0.33854,20519,1,0.000000,PRESERVE
934,0.00938,2.73438,23596,1,0.000000,PRESERVE
935,0.00000,6.35417,26673,1,0.000000,PRESERVE
936,0.00938,11.92708,29750,1,0.000000,PRESERVE
937,0.00938,13.07292,29963,0,0.000000,PRESERVE
938,0.00938,13.04688,29963,0,0.000000,PRESERVE
939,0.00938,13.04688,29963,0,0.000000,PRESERVE
940,0.00938,13.04688,29963,0,0.000000,PRESERVE
941,0.00938,13.07292,29963,0,0.000000,PRESERVE
942,0.00938,13.04688,29963,0,0.000000,PRESERVE
943,0.00938,13.04688,29963,0,0.000000,PRESERVE
944,0.00938,13.04688,29963,0,0.000000,PRESERVE
945,0.00938,13.02083,29963,0,0.000000,PRESERVE
946,0.00938,13.04688,29963,0,0.000000,PRESERVE
947,0.00000,13.02083,29963,0,0.000000,PRESERVE
948,0.00938,13.04688,29963,0,0.000000,PRESERVE
949,0.00938,13.02083,29963,0,0.000000,PRESERVE
950,0.00938,13.02083,29963,0,0.000000,PRESERVE
951,0.00938,13.02083,29963,0,0.000000,PRESERVE
952,0.00000,13.02083,29963,0,0.000000,PRESERVE
953,0.00938,13.02083,29963,0,0.000000,PRESERVE
954,0.00938,12.99479,29963,0,0.000000,PRESERVE
955,0.00938,13.02083,29963,0,0.000000,PRESERVE
956,0.00938,12.99479,29963,0,0.000000,PRESERVE
957,0.00938,13.02083,29963,0,0.000000,PRESERVE
958,0.00938,12.99479,29963,0,0.000000,NA
959,0.00938,12.99479,29963,0,0.000000,NA
960,0.00000,1.92708,29963,0,0.000000,NA
961,0.00938,1.01562,29963,0,0.000000,NA
962,0.00938,1.04167,29963,0,0.000000,NA
963,0.00938,1.01562,29963,0,0.000000,NA
964,0.00938,-0.96354,27347,1,0.000000,CLEANSE_CHAN
965,0.00938,-2.68229,24270,1,0.000000,CLEANSE_CHAN
966,0.00938,-4.03646,21190,1,0.000000,CLEANSE_CHAN
967,0.00938,-5.07813,18114,1,0.000000,CLEANSE_CHAN
968,0.00938,-5.20833,17991,1,0.000000,CLEANSE_CHAN
969,0.00938,-5.20833,17991,1,0.000000,CLEANSE_CHAN
970,0.00938,-5.18229,17991,1,0.000000,CLEANSE_CHAN
971,0.00938,-5.20833,17991,1,0.000000,CLEANSE_CHAN
972,0.00938,-5.20833,17991,1,0.000000,CLEANSE_CHAN
973,0.00938,-5.20833,17991,1,0.000000,CLEANSE_CHAN
974,0.00938,-5.20833,17991,1,0.000000,CLEANSE_CHAN
975,0.00938,-5.20833,17991,1,0.000000,CLEANSE_CHAN
976,0.00938,-5.20833,17991,1,0.000000,CLEANSE_CHAN
977,0.00000,-5.20833,17991,1,0.000000,CLEANSE_CHAN
978,0.00938,-5.18229,17991,1,0.000000,CLEANSE_CHAN
979,0.00938,-5.20833,17991,1,0.000000,CLEANSE_CHAN
980,0.00938,-5.20833,17991,1,0.000000,CLEANSE_CHAN
981,0.00938,-5.20833,17991,1,0.000000,CLEANSE_CHAN
982,0.00938,-5.20833,17991,1,0.000000,CLEANSE_CHAN
983,0.00000,-5.18229,17991,1,0.000000,CLEANSE_CHAN
984,0.00938,-5.20833,17991,1,0.000000,CLEANSE_CHAN
985,0.00938,-5.20833,17991,1,0.000000,CLEANSE_CHAN
986,0.00938,-5.18229,17991,1,0.000000,CLEANSE_CHAN
987,0.00938,-5.20833,17991,1,0.000000,CLEANSE_CHAN
988,0.00938,-5.20833,17991,1,0.000000,CLEANSE_CHAN
989,0.00938,-1.30208,20952,1,0.000000,CLEANSE_CHAN
990,0.00938,2.47396,24029,1,0.000000,CLEANSE_CHAN
991,0.00938,3.56771,27106,1,0.000000,CLEANSE_CHAN
992,0.00938,3.95833,30061,0,0.000000,CLEANSE_CHAN
993,0.00938,1.43229,30061,0,0.000000,CLEANSE_CHAN
994,0.00000,-2.86458,27935,1,0.000000,CLEANSE_CHAN
995,0.00938,-4.16667,24856,1,0.000000,CLEANSE_CHAN
996,0.00938,-5.20833,21778,1,0.000000,CLEANSE_CHAN
997,0.00938,-6.04167,18701,1,0.000000,CLEANSE_CHAN
998,0.00938,-6.25000,17992,1,0.000000,CLEANSE_CHAN
999,0.00938,-6.25000,17992,1,0.000000,CLEANSE_CHAN
1000,0.00938,-6.27604,17992,1,0.000000,CLEANSE_CHAN
1001,0.00938,-6.27604,17992,1,0.000000,CLEANSE_CHAN
1002,0.00938,-6.27604,17992,1,0.000000,CLEANSE_CHAN
1003,0.00938,-6.27604,17992,1,0.000000,CLEANSE_CHAN
1004,0.00938,-6.27604,17992,1,0.000000,CLEANSE_CHAN
1005,0.00938,-6.27604,17992,1,0.000000,CLEANSE_CHAN
1006,0.00938,-6.27604,17992,1,0.000000,CLEANSE_CHAN
1007,0.00938,-6.27604,17992,1,0.000000,CLEANSE_CHAN
1008,0.00938,-6.25000,17992,1,0.000000,CLEANSE_CHAN
1009,0.00938,-6.27604,17992,1,0.000000,CLEANSE_CHAN
1010,0.00938,-6.27604,17992,1,0.000000,CLEANSE_CHAN
1011,0.00938,-6.25000,17992,1,0.000000,CLEANSE_CHAN
1012,0.00938,-6.27604,17992,1,0.000000,CLEANSE_CHAN
1013,0.00938,-6.25000,17992,1,0.000000,CLEANSE_CHAN
1014,0.00000,-6.27604,17992,1,0.000000,CLEANSE_CHAN
1015,0.00938,-6.27604,17992,1,0.000000,CLEANSE_CHAN
1016,0.00938,-6.25000,17992,1,0.000000,CLEANSE_CHAN
1017,0.00938,-6.25000,17992,1,0.000000,CLEANSE_CHAN
1018,0.00938,-6.25000,17992,1,0.000000,CLEANSE_CHAN
1019,0.00938,-4.06250,20367,1,0.000000,CLEANSE_CHAN
1020,0.00938,1.56250,23444,1,0.000000,CLEANSE_CHAN
1021,0.00938,2.23958,26521,1,0.000000,CLEANSE_CHAN
1022,0.00938,3.35938,29599,1,0.000000,CLEANSE_CHAN
1023,0.00938,1.43229,29988,0,0.000000,CLEANSE_CHAN
1024,0.00938,-3.02083,27931,1,0.000000,CLEANSE_CHAN
1025,0.00938,-4.24479,24854,1,0.000000,CLEANSE_CHAN
1026,0.00938,-5.23438,21777,1,0.000000,CLEANSE_CHAN
1027,0.00938,-6.04167,18700,1,0.000000,CLEANSE_CHAN
1028,0.00938,-6.22396,17992,1,0.000000,CLEANSE_CHAN
1029,0.00938,-6.25000,17992,1,0.000000,CLEANSE_CHAN
1030,0.00938,-6.22396,17992,1,0.000000,CLEANSE_CHAN
1031,0.00938,-6.25000,17992,1,0.000000,CLEANSE_CHAN
1032,0.00938,-6.22396,17992,1,0.000000,CLEANSE_CHAN
1033,0.00938,-6.22396,17992,1,0.000000,CLEANSE_CHAN
1034,0.00938,-6.25000,17992,1,0.000000,CLEANSE_CHAN
1035,0.00938,-6.22396,17992,1,0.000000,CLEANSE_CHAN
1036,0.00938,-6.25000,17992,1,0.000000,CLEANSE_CHAN
1037,0.00938,-6.22396,17992,1,0.000000,CLEANSE_CHAN
1038,0.00938,-6.22396,17992,1,0.000000,CLEANSE_CHAN
1039,0.00938,-6.25000,17992,1,0.000000,CLEANSE_CHAN
1040,0.00000,-6.22396,17992,1,0.000000,CLEANSE_CHAN
1041,0.00938,-6.25000,17992,1,0.000000,CLEANSE_CHAN
1042,0.00938,-6.25000,17992,1,0.000000,CLEANSE_CHAN
1043,0.00938,-6.22396,17992,1,0.000000,CLEANSE_CHAN
1044,0.00938,-6.22396,17992,1,0.000000,CLEANSE_CHAN
1045,0.00938,-6.22396,17992,1,0.000000,CLEANSE_CHAN
1046,0.00938,-6.25000,17992,1,0.000000,CLEANSE_CHAN
1047,0.00938,-6.25000,17992,1,0.000000,CLEANSE_CHAN
1048,0.00938,-6.22396,17992,1,0.000000,CLEANSE_CHAN
1049,0.00938,-4.16667,20363,1,0.000000,CLEANSE_CHAN
1050,0.00938,1.35417,23440,1,0.000000,CLEANSE_CHAN
1051,0.00938,2.05729,26517,1,0.000000,CLEANSE_CHAN
1052,0.00938,3.15104,29595,1,0.000000,CLEANSE_CHAN
1053,0.00938,1.53646,29993,0,0.000000,CLEANSE_CHAN
1054,0.00938,-2.29167,27963,1,0.000000,CLEANSE_CHAN
1055,0.00938,-3.48958,24885,1,0.000000,CLEANSE_CHAN
1056,0.00938,-4.50521,21808,1,0.000000,CLEANSE_CHAN
1057,0.00938,-5.36458,18731,1,0.000000,CLEANSE_CHAN
1058,0.00938,-5.59896,17992,1,0.000000,CLEANSE_CHAN
1059,0.00938,-5.57292,17992,1,0.000000,CLEANSE_CHAN
1060,0.00938,-5.57292,17992,1,0.000000,CLEANSE_CHAN
1061,0.00000,-5.57292,17992,1,0.000000,CLEANSE_CHAN
1062,0.00938,-5.59896,17992,1,0.000000,CLEANSE_CHAN
1063,0.00938,-5.57292,17992,1,0.000000,CLEANSE_CHAN
1064,0.00938,-5.57292,17992,1,0.000000,CLEANSE_CHAN
1065,0.00938,-5.57292,17992,1,0.000000,CLEANSE_CHAN
1066,0.00938,-5.57292,17992,1,0.000000,CLEANSE_CHAN
1067,0.00938,-5.57292,17992,1,0.000000,CLEANSE_CHAN
1068,0.00938,-5.57292,17992,1,0.000000,CLEANSE_CHAN
1069,0.00938,-5.57292,17992,1,0.000000,CLEANSE_CHAN
1070,0.00938,-5.57292,17992,1,0.000000,CLEANSE_CHAN
1071,0.00938,-5.59896,17992,1,0.000000,CLEANSE_CHAN
1072,0.00938,-5.57292,17992,1,0.000000,CLEANSE_CHAN
1073,0.00938,-5.57292,17992,1,0.000000,CLEANSE_CHAN
1074,0.00938,-5.57292,17992,1,0.000000,CLEANSE_CHAN
1075,0.00938,-5.57292,17992,1,0.000000,CLEANSE_CHAN
1076,0.00938,-5.57292,17992,1,0.000000,CLEANSE_CHAN
1077,0.00938,-5.57292,17992,1,0.000000,CLEANSE_CHAN
1078,0.00938,-5.57292,17992,1,0.000000,CLEANSE_CHAN
1079,0.00938,-3.64583,20325,1,0.000000,CLEANSE_CHAN
1080,0.00938,1.06771,23402,1,0.000000,CLEANSE_CHAN
1081,0.00938,1.84896,26480,1,0.000000,CLEANSE_CHAN
1082,0.00938,3.12500,29557,1,0.000000,CLEANSE_CHAN
1083,0.00938,1.66667,30000,0,0.000000,CLEANSE_CHAN
1084,0.00938,-2.13542,27938,1,0.000000,CLEANSE_CHAN
1085,0.00938,-3.33333,24861,1,0.000000,CLEANSE_CHAN
1086,0.00938,-4.32292,21784,1,0.000000,CLEANSE_CHAN
1087,0.00938,-5.15625,18707,1,0.000000,CLEANSE_CHAN
1088,0.00938,-5.36458,17992,1,0.000000,CLEANSE_CHAN
1089,0.00000,-5.33854,17992,1,0.000000,CLEANSE_CHAN
1090,0.00938,-5.33854,17992,1,0.000000,CLEANSE_CHAN
1091,0.00938,-5.36458,17992,1,0.000000,CLEANSE_CHAN
1092,0.00938,-5.36458,17992,1,0.000000,CLEANSE_CHAN
1093,0.00938,-5.33854,17992,1,0.000000,CLEANSE_CHAN
1094,0.00938,-5.33854,17992,1,0.000000,CLEANSE_CHAN
1095,0.00938,-5.33854,17992,1,0.000000,CLEANSE_CHAN
1096,0.00938,-5.33854,17992,1,0.000000,CLEANSE_CHAN
1097,0.00938,-5.36458,17992,1,0.000000,CLEANSE_CHAN
1098,0.00938,-5.33854,17992,1,0.000000,CLEANSE_CHAN
1099,0.00938,-5.33854,17992,1,0.000000,CLEANSE_CHAN
1100,0.00938,-5.33854,17992,1,0.000000,CLEANSE_CHAN
1101,0.00938,-5.33854,17992,1,0.000000,CLEANSE_CHAN
1102,0.00938,-5.33854,17992,1,0.000000,CLEANSE_CHAN
1103,0.00938,-5.36458,17992,1,0.000000,CLEANSE_CHAN
1104,0.00938,-5.33854,17992,1,0.000000,CLEANSE_CHAN
1105,0.00938,-5.33854,17992,1,0.000000,CLEANSE_CHAN
1106,0.00938,-5.33854,17992,1,0.000000,CLEANSE_CHAN
1107,0.00938,-5.33854,17992,1,0.000000,CLEANSE_CHAN
1108,0.00938,-5.36458,17992,1,0.000000,CLEANSE_CHAN
1109,0.00938,-3.54167,20349,1,0.000000,CLEANSE_CHAN
1110,0.00938,0.91146,23426,1,0.000000,CLEANSE_CHAN
1111,0.00000,1.66667,26503,1,0.000000,CLEANSE_CHAN
1112,0.00938,2.89063,29583,1,0.000000,CLEANSE_CHAN
1113,0.00938,1.64062,30000,0,0.000000,CLEANSE_CHAN
1114,0.00000,-1.90104,27938,1,0.000000,CLEANSE_CHAN
1115,0.00938,-3.07292,24861,1,0.000000,CLEANSE_CHAN
1116,0.00938,-4.06250,21784,1,0.000000,CLEANSE_CHAN
1117,0.00938,-4.86979,18707,1,0.000000,CLEANSE_CHAN
1118,0.00938,-5.10417,17992,1,0.000000,CLEANSE_CHAN
1119,0.00000,-5.10417,17992,1,0.000000,CLEANSE_CHAN
1120,0.00938,-5.10417,17992,1,0.000000,CLEANSE_CHAN
1121,0.00938,-5.10417,17992,1,0.000000,CLEANSE_CHAN
1122,0.00000,-5.10417,17992,1,0.000000,CLEANSE_CHAN
1123,0.00938,-5.10417,17992,1,0.000000,CLEANSE_CHAN
1124,0.00938,-5.10417,17992,1,0.000000,CLEANSE_CHAN
1125,0.00938,-5.10417,17992,1,0.000000,CLEANSE_CHAN
1126,0.00000,-5.10417,17992,1,0.000000,CLEANSE_CHAN
1127,0.00938,-5.10417,17992,1,0.000000,CLEANSE_CHAN
1128,0.00938,-5.10417,17992,1,0.000000,CLEANSE_CHAN
1129,0.00938,-5.10417,17992,1,0.000000,CLEANSE_CHAN
1130,0.00938,-5.10417,17992,1,0.000000,CLEANSE_CHAN
1131,0.00938,-5.10417,17992,1,0.000000,CLEANSE_CHAN
1132,0.00938,-5.10417,17992,1,0.000000,CLEANSE_CHAN
1133,0.00938,-5.10417,17992,1,0.000000,CLEANSE_CHAN
1134,0.00938,-5.10417,17992,1,0.000000,CLEANSE_CHAN
1135,0.00938,-5.10417,17992,1,0.000000,CLEANSE_CHAN
1136,0.00938,-5.10417,17992,1,0.000000,CLEANSE_CHAN
1137,0.00938,-5.10417,17992,1,0.000000,CLEANSE_CHAN
1138,0.00938,-5.10417,17992,1,0.000000,CLEANSE_CHAN
1139,0.00938,-3.33333,20349,1,0.000000,CLEANSE_CHAN
1140,0.00938,0.88542,23426,1,0.000000,CLEANSE_CHAN
1141,0.00938,1.71875,26506,1,0.000000,CLEANSE_CHAN
1142,0.00938,2.99479,29583,1,0.000000,CLEANSE_CHAN
1143,0.00938,1.97917,30000,0,0.000000,CLEANSE_CHAN
1144,0.00938,-1.45833,28268,1,0.000000,CLEANSE_CHAN
1145,0.00938,-2.44792,25993,1,0.000000,CLEANSE_CHAN
1146,0.00938,-2.44792,25993,1,0.000000,CLEANSE_CHAN
1147,0.00938,-2.44792,25993,1,0.000000,CLEANSE_CHAN
1148,0.00938,-2.47396,25993,1,0.000000,CLEANSE_CHAN
1149,0.00938,-2.44792,25993,1,0.000000,CLEANSE_CHAN
1150,0.00938,-2.44792,25993,1,0.000000,CLEANSE_CHAN
1151,0.00938,-2.44792,25993,1,0.000000,CLEANSE_CHAN
1152,0.00938,-2.44792,25993,1,0.000000,CLEANSE_CHAN
1153,0.00938,-2.44792,25993,1,0.000000,CLEANSE_CHAN
1154,0.00938,-2.44792,25993,1,0.000000,CLEANSE_CHAN
1155,0.00938,-2.44792,25993,1,0.000000,CLEANSE_CHAN
1156,0.00938,-2.44792,25993,1,0.000000,CLEANSE_CHAN
1157,0.00938,-2.44792,25993,1,0.000000,CLEANSE_CHAN
1158,0.00938,-2.44792,25993,1,0.000000,CLEANSE_CHAN
1159,0.00938,-2.44792,25993,1,0.000000,CLEANSE_CHAN
1160,0.00938,-2.44792,25993,1,0.000000,CLEANSE_CHAN
1161,0.00938,-2.44792,25993,1,0.000000,CLEANSE_CHAN
1162,0.00938,-2.44792,25993,1,0.000000,CLEANSE_CHAN
1163,0.00938,-2.44792,25993,1,0.000000,CLEANSE_CHAN
1164,0.00938,-2.44792,25993,1,0.000000,CLEANSE_CHAN
1165,0.00938,-2.44792,25993,1,0.000000,CLEANSE_CHAN
1166,0.00938,0.39063,26770,1,0.000000,CLEANSE_CHAN
1167,0.00938,0.72917,29846,0,0.000000,CLEANSE_CHAN
1168,0.00938,0.57292,29997,0,0.000000,CLEANSE_CHAN
1169,0.00938,0.57292,29997,0,0.000000,CLEANSE_CHAN
1170,0.00938,0.57292,29997,0,0.000000,CLEANSE_CHAN
1171,0.00938,0.57292,29997,0,0.000000,CLEANSE_CHAN
1172,0.00938,0.57292,29997,0,0.000000,CLEANSE_CHAN
1173,0.00938,0.57292,29997,0,0.000000,CLEANSE_CHAN
1174,0.00938,0.57292,29997,0,0.000000,CLEANSE_CHAN
1175,0.00000,0.57292,29997,0,0.000000,CLEANSE_CHAN
1176,0.00938,0.57292,29997,0,0.000000,CLEANSE_CHAN
1177,0.00938,0.57292,29997,0,0.000000,CLEANSE_CHAN
1178,0.00938,0.57292,29997,0,0.000000,CLEANSE_CHAN
1179,0.00938,0.57292,29997,0,0.000000,CLEANSE_CHAN
1180,0.00938,0.57292,29997,0,0.000000,CLEANSE_CHAN
1181,0.00938,0.57292,29997,0,0.000000,CLEANSE_CHAN
1182,0.00938,0.57292,29997,0,0.000000,CLEANSE_CHAN
1183,0.00938,0.57292,29997,0,0.000000,CLEANSE_CHAN
1184,0.00938,0.57292,29997,0,0.000000,CLEANSE_CHAN
1185,0.00938,0.57292,29997,0,0.000000,CLEANSE_CHAN
1186,0.00938,0.57292,29997,0,0.000000,CLEANSE_CHAN
1187,0.00938,0.57292,29997,0,0.000000,CLEANSE_CHAN
1188,0.00938,0.57292,29997,0,0.000000,CLEANSE_CHAN
1189,0.00938,0.57292,29997,0,0.000000,CLEANSE_CHAN
1190,0.00938,0.57292,29997,0,0.000000,CLEANSE_CHAN
1191,0.00938,0.57292,29997,0,0.000000,CLEANSE_CHAN
1192,0.00938,0.57292,29997,0,0.000000,CLEANSE_CHAN
1193,0.00938,0.57292,29997,0,0.000000,CLEANSE_CHAN
1194,0.00938,0.57292,29997,0,0.000000,CLEANSE_CHAN
1195,0.00938,0.57292,29997,0,0.000000,CLEANSE_CHAN
1196,0.00938,0.57292,29997,0,0.000000,CLEANSE_CHAN
1197,0.00938,0.57292,29997,0,0.000000,CLEANSE_CHAN
1198,0.00938,0.57292,29997,0,0.000000,CLEANSE_CHAN
1199,0.00938,0.57292,29997,0,0.000000,CLEANSE_CHAN
1200,0.00000,0.57292,29997,0,0.000000,CLEANSE_CHAN
1201,0.00938,0.57292,29997,0,0.000000,CLEANSE_CHAN
1202,0.00938,0.57292,29997,0,0.000000,CLEANSE_CHAN
1203,0.00938,0.57292,29997,0,0.000000,CLEANSE_CHAN
1204,0.00938,0.57292,29997,0,0.000000,CLEANSE_CHAN
1205,0.00938,0.57292,29997,0,0.000000,CLEANSE_CHAN
1206,0.00938,0.57292,29997,0,0.000000,CLEANSE_CHAN
1207,0.00000,0.57292,29997,0,0.000000,CLEANSE_CHAN
1208,0.00000,0.57292,29997,0,0.000000,CLEANSE_CHAN
1209,0.00938,0.57292,29997,0,0.000000,CLEANSE_CHAN
1210,0.00938,0.57292,29997,0,0.000000,CLEANSE_CHAN
1211,0.00938,0.57292,29997,0,0.000000,CLEANSE_CHAN
1212,0.00938,0.57292,29997,0,0.000000,CLEANSE_CHAN
1213,0.00938,0.57292,29997,0,0.000000,CLEANSE_CHAN
1214,0.00000,0.57292,29997,0,0.000000,CLEANSE_CHAN
1215,0.00938,0.57292,29997,0,0.000000,CLEANSE_CHAN
1216,0.00938,0.57292,29997,0,0.000000,CLEANSE_CHAN
1217,0.00000,0.57292,29997,0,0.000000,CLEANSE_CHAN
1218,0.00938,0.57292,29997,0,0.000000,CLEANSE_CHAN
1219,0.00938,0.57292,29997,0,0.000000,CLEANSE_CHAN
1220,0.00938,0.57292,29997,0,0.000000,CLEANSE_CHAN
1221,0.00938,0.57292,29997,0,0.000000,CLEANSE_CHAN
1222,0.00938,0.57292,29997,0,0.000000,CLEANSE_CHAN
1223,0.00938,0.57292,29997,0,0.000000,CLEANSE_CHAN
1224,0.00938,0.57292,29997,0,0.000000,CLEANSE_CHAN
1225,0.00938,0.57292,29997,0,0.000000,CLEANSE_CHAN
1226,0.00938,0.57292,29997,0,0.000000,CLEANSE_CHAN
1227,0.00938,0.57292,29997,0,0.000000,CLEANSE_CHAN
1228,0.00938,0.57292,29997,0,0.000000,CLEANSE_CHAN
1229,0.00938,0.57292,29997,0,0.000000,CLEANSE_CHAN
1230,0.00000,0.57292,29997,0,0.000000,CLEANSE_CHAN
1231,0.00938,0.57292,29997,0,0.000000,CLEANSE_CHAN
1232,0.00938,0.57292,29997,0,0.000000,CLEANSE_CHAN
1233,0.00938,0.59896,29997,0,0.000000,CLEANSE_CHAN
1234,0.00938,0.57292,29997,0,0.000000,CLEANSE_CHAN
1235,0.00938,0.57292,29997,0,0.000000,CLEANSE_CHAN
1236,0.00938,0.57292,29997,0,0.000000,CLEANSE_CHAN
1237,0.00938,0.57292,29997,0,0.000000,CLEANSE_CHAN
1238,0.00938,0.57292,29997,0,0.000000,CLEANSE_CHAN
1239,0.00938,0.57292,29997,0,0.000000,CLEANSE_CHAN
1240,0.00938,0.57292,29997,0,0.000000,CLEANSE_CHAN
1241,0.00938,0.57292,29997,0,0.000000,CLEANSE_CHAN
1242,0.00938,0.57292,29997,0,0.000000,CLEANSE_CHAN
1243,0.00938,0.57292,29997,0,0.000000,CLEANSE_CHAN
1244,0.00938,0.57292,29997,0,0.000000,CLEANSE_CHAN
1245,0.00938,0.57292,29997,0,0.000000,CLEANSE_CHAN
1246,0.00938,0.57292,29997,0,0.000000,CLEANSE_CHAN
1247,0.00938,0.57292,29997,0,0.000000,CLEANSE_CHAN
1248,0.00938,0.57292,29997,0,0.000000,CLEANSE_CHAN
1249,0.00938,0.57292,29997,0,0.000000,CLEANSE_CHAN
1250,0.00938,0.57292,29997,0,0.000000,CLEANSE_CHAN
1251,0.00938,0.57292,29997,0,0.000000,CLEANSE_CHAN
1252,0.00938,0.57292,29997,0,0.000000,CLEANSE_CHAN
1253,0.00938,0.57292,29997,0,0.000000,CLEANSE_CHAN
1254,0.00938,0.57292,29997,0,0.000000,CLEANSE_CHAN
1255,0.00938,0.57292,29997,0,0.000000,CLEANSE_CHAN
1256,0.00938,0.57292,29997,0,0.000000,CLEANSE_CHAN
1257,0.00938,0.57292,29997,0,0.000000,CLEANSE_CHAN
1258,0.00000,0.57292,29997,0,0.000000,CLEANSE_CHAN
1259,0.00938,0.57292,29997,0,0.000000,CLEANSE_CHAN
1260,0.00938,0.57292,29997,0,0.000000,CLEANSE_CHAN
1261,0.00938,0.57292,29997,0,0.000000,CLEANSE_CHAN
1262,0.00938,0.57292,29997,0,0.000000,CLEANSE_CHAN
1263,0.00938,0.57292,29997,0,0.000000,CLEANSE_CHAN
1264,0.00938,0.57292,29997,0,0.000000,CLEANSE_CHAN
1265,0.00938,0.57292,29997,0,0.000000,CLEANSE_CHAN
1266,0.00938,0.57292,29997,0,0.000000,CLEANSE_CHAN
1267,0.00938,0.57292,29997,0,0.000000,CLEANSE_CHAN
1268,0.00938,0.57292,29997,0,0.000000,CLEANSE_CHAN
1269,0.00938,0.57292,29997,0,0.000000,CLEANSE_CHAN
1270,0.00938,0.57292,29997,0,0.000000,CLEANSE_CHAN
1271,0.00938,0.57292,29997,0,0.000000,CLEANSE_CHAN
1272,0.00938,0.57292,29997,0,0.000000,CLEANSE_CHAN
1273,0.00938,0.57292,29997,0,0.000000,CLEANSE_CHAN
1274,0.00938,0.57292,29997,0,0.000000,CLEANSE_CHAN
1275,0.00938,0.57292,29997,0,0.000000,CLEANSE_CHAN
1276,0.00938,0.57292,29997,0,0.000000,CLEANSE_CHAN
1277,0.00938,0.57292,29997,0,0.000000,CLEANSE_CHAN
1278,0.00938,0.57292,29997,0,0.000000,CLEANSE_CHAN
1279,0.00938,0.57292,29997,0,0.000000,CLEANSE_CHAN
1280,0.00938,0.57292,29997,0,0.000000,CLEANSE_CHAN
1281,0.00938,0.57292,29997,0,0.000000,CLEANSE_CHAN
1282,0.00938,0.57292,29997,0,0.000000,CLEANSE_CHAN
1283,0.00938,0.57292,29997,0,0.000000,CLEANSE_CHAN
1284,0.00938,0.57292,29997,0,0.000000,CLEANSE_CHAN
1285,0.00938,0.57292,29997,0,0.000000,CLEANSE_CHAN
1286,0.00938,0.57292,29997,0,0.000000,CLEANSE_CHAN
1287,0.00938,0.57292,29997,0,0.000000,CLEANSE_CHAN
1288,0.00938,0.57292,29997,0,0.000000,CLEANSE_CHAN
1289,0.00938,0.57292,29997,0,0.000000,CLEANSE_CHAN
1290,0.00938,0.57292,29997,0,0.000000,CLEANSE_CHAN
1291,0.00938,-1.14583,27128,1,0.000000,CLEANSE_CHAN
1292,0.00938,-2.31771,24050,1,0.000000,CLEANSE_CHAN
1293,0.00938,-3.28125,20973,1,0.000000,CLEANSE_CHAN
1294,0.00938,-4.11458,17994,1,0.000000,CLEANSE_CHAN
1295,0.00938,-4.11458,17994,1,0.000000,CLEANSE_CHAN
1296,0.00938,-4.14063,17994,1,0.000000,CLEANSE_CHAN
1297,0.00938,-4.14063,17994,1,0.000000,CLEANSE_CHAN
1298,0.00938,-4.11458,17994,1,0.000000,CLEANSE_CHAN
1299,0.00000,-4.11458,17994,1,0.000000,CLEANSE_CHAN
1300,0.00000,-4.11458,17994,1,0.000000,CLEANSE_CHAN
1301,0.00938,-4.11458,17994,1,0.000000,CLEANSE_CHAN
1302,0.00938,-4.11458,17994,1,0.000000,CLEANSE_CHAN
1303,0.00938,-4.11458,17994,1,0.000000,CLEANSE_CHAN
1304,0.00938,-4.11458,17994,1,0.000000,CLEANSE_CHAN
1305,0.00938,-4.11458,17994,1,0.000000,CLEANSE_CHAN
1306,0.00938,-4.11458,17994,1,0.000000,CLEANSE_CHAN
1307,0.00938,-4.11458,17994,1,0.000000,CLEANSE_CHAN
1308,0.00938,-4.11458,17994,1,0.000000,CLEANSE_CHAN
1309,0.00938,-4.11458,17994,1,0.000000,CLEANSE_CHAN
1310,0.00938,-4.11458,17994,1,0.000000,CLEANSE_CHAN
1311,0.00938,-4.11458,17994,1,0.000000,CLEANSE_CHAN
1312,0.00938,-4.11458,17994,1,0.000000,CLEANSE_CHAN
1313,0.00938,-4.11458,17994,1,0.000000,CLEANSE_CHAN
1314,0.00938,-4.11458,17994,1,0.000000,CLEANSE_CHAN
1315,0.00938,-4.11458,18068,1,0.000000,CLEANSE_CHAN
1316,0.00938,-0.65104,21145,1,0.000000,CLEANSE_CHAN
1317,0.00938,1.56250,24225,1,0.000000,CLEANSE_CHAN
1318,0.00938,2.16146,27302,1,0.000000,CLEANSE_CHAN
1319,0.00000,2.91667,29963,0,0.000000,CLEANSE_CHAN
1320,0.00938,0.88542,29963,0,0.000000,CLEANSE_CHAN
1321,0.00938,-1.97917,27013,1,0.000000,CLEANSE_CHAN
1322,0.00938,-3.04688,23936,1,0.000000,CLEANSE_CHAN
1323,0.00938,-3.93229,20858,1,0.000000,CLEANSE_CHAN
1324,0.00938,-4.71354,17992,1,0.000000,CLEANSE_CHAN
1325,0.00938,-4.66146,17992,1,0.000000,CLEANSE_CHAN
1326,0.00938,-4.68750,17992,1,0.000000,CLEANSE_CHAN
1327,0.00938,-4.68750,17992,1,0.000000,CLEANSE_CHAN
1328,0.00938,-4.68750,17992,1,0.000000,CLEANSE_CHAN
1329,0.00938,-4.68750,17992,1,0.000000,CLEANSE_CHAN
1330,0.00938,-4.68750,17992,1,0.000000,CLEANSE_CHAN
1331,0.00938,-4.68750,17992,1,0.000000,CLEANSE_CHAN
1332,0.00938,-4.68750,17992,1,0.000000,CLEANSE_CHAN
1333,0.00938,-4.68750,17992,1,0.000000,CLEANSE_CHAN
1334,0.00938,-4.68750,17992,1,0.000000,CLEANSE_CHAN
1335,0.00938,-4.68750,17992,1,0.000000,CLEANSE_CHAN
1336,0.00938,-4.68750,17992,1,0.000000,CLEANSE_CHAN
1337,0.00938,-4.68750,17992,1,0.000000,CLEANSE_CHAN
1338,0.00938,-4.68750,17992,1,0.000000,CLEANSE_CHAN
1339,0.00938,-4.68750,17992,1,0.000000,CLEANSE_CHAN
1340,0.00938,-4.68750,17992,1,0.000000,CLEANSE_CHAN
1341,0.00000,-4.68750,17992,1,0.000000,CLEANSE_CHAN
1342,0.00938,-4.68750,17992,1,0.000000,CLEANSE_CHAN
1343,0.00938,-4.66146,17992,1,0.000000,CLEANSE_CHAN
1344,0.00938,-4.68750,17992,1,0.000000,CLEANSE_CHAN
1345,0.00938,-4.66146,18187,1,0.000000,CLEANSE_CHAN
1346,0.00938,0.02604,21267,1,0.000000,CLEANSE_CHAN
1347,0.00938,1.74479,24344,1,0.000000,CLEANSE_CHAN
1348,0.00938,2.23958,27421,1,0.000000,CLEANSE_CHAN
1349,0.00938,0.98958,30041,0,0.000000,CLEANSE_CHAN
1350,0.00938,-1.09375,29555,1,0.000000,CLEANSE_CHAN
1351,0.00938,-2.42188,26478,1,0.000000,CLEANSE_CHAN
1352,0.00000,-3.41146,23401,1,0.000000,CLEANSE_CHAN
1353,0.00938,-4.27083,20324,1,0.000000,CLEANSE_CHAN
1354,0.00938,-4.84375,17992,1,0.000000,CLEANSE_CHAN
1355,0.00000,-4.84375,17992,1,0.000000,CLEANSE_CHAN
1356,0.00938,-4.86979,17992,1,0.000000,CLEANSE_CHAN
1357,0.00938,-4.84375,17992,1,0.000000,CLEANSE_CHAN
1358,0.00938,-4.84375,17992,1,0.000000,CLEANSE_CHAN
1359,0.00938,-4.84375,17992,1,0.000000,CLEANSE_CHAN
1360,0.00938,-4.84375,17992,1,0.000000,CLEANSE_CHAN
1361,0.00938,-4.86979,17992,1,0.000000,CLEANSE_CHAN
1362,0.00938,-4.84375,17992,1,0.000000,CLEANSE_CHAN
1363,0.00938,-4.84375,17992,1,0.000000,CLEANSE_CHAN
1364,0.00938,-4.84375,17992,1,0.000000,CLEANSE_CHAN
1365,0.00938,-4.84375,17992,1,0.000000,CLEANSE_CHAN
1366,0.00938,-4.86979,17992,1,0.000000,CLEANSE_CHAN
1367,0.00938,-4.84375,17992,1,0.000000,CLEANSE_CHAN
1368,0.00938,-4.86979,17992,1,0.000000,CLEANSE_CHAN
1369,0.00938,-4.84375,17992,1,0.000000,CLEANSE_CHAN
1370,0.00938,-4.84375,17992,1,0.000000,CLEANSE_CHAN
1371,0.00938,-4.84375,17992,1,0.000000,CLEANSE_CHAN
1372,0.00938,-4.86979,17992,1,0.000000,CLEANSE_CHAN
1373,0.00938,-4.86979,17992,1,0.000000,CLEANSE_CHAN
1374,0.00938,-4.84375,17992,1,0.000000,CLEANSE_CHAN
1375,0.00938,-0.96354,18712,1,0.000000,CLEANSE_CHAN
1376,0.00938,1.25000,21789,1,0.000000,CLEANSE_CHAN
1377,0.00938,1.77083,24867,1,0.000000,CLEANSE_CHAN
1378,0.00938,1.43229,27944,1,0.000000,CLEANSE_CHAN
1379,0.00938,0.75521,29993,0,0.000000,CLEANSE_CHAN
1380,0.00938,-1.45833,29023,1,0.000000,CLEANSE_CHAN
1381,0.00938,-2.63021,25946,1,0.000000,CLEANSE_CHAN
1382,0.00938,-3.59375,22869,1,0.000000,CLEANSE_CHAN
1383,0.00938,-4.42708,19792,1,0.000000,CLEANSE_CHAN
1384,0.00938,-4.86979,17994,1,0.000000,CLEANSE_CHAN
1385,0.00938,-4.86979,17994,1,0.000000,CLEANSE_CHAN
1386,0.00938,-4.86979,17994,1,0.000000,CLEANSE_CHAN
1387,0.00938,-4.86979,17994,1,0.000000,CLEANSE_CHAN
1388,0.00938,-4.86979,17994,1,0.000000,CLEANSE_CHAN
1389,0.00938,-4.86979,17994,1,0.000000,CLEANSE_CHAN
1390,0.00938,-4.86979,17994,1,0.000000,CLEANSE_CHAN
1391,0.00938,-4.86979,17994,1,0.000000,CLEANSE_CHAN
1392,0.00938,-4.86979,17994,1,0.000000,CLEANSE_CHAN
1393,0.00938,-4.86979,17994,1,0.000000,CLEANSE_CHAN
1394,0.00938,-4.86979,17994,1,0.000000,CLEANSE_CHAN
1395,0.00938,-4.86979,17994,1,0.000000,CLEANSE_CHAN
1396,0.00938,-4.86979,17994,1,0.000000,CLEANSE_CHAN
1397,0.00938,-4.86979,17994,1,0.000000,CLEANSE_CHAN
1398,0.00938,-4.86979,17994,1,0.000000,CLEANSE_CHAN
1399,0.00938,-4.86979,17994,1,0.000000,CLEANSE_CHAN
1400,0.00938,-4.86979,17994,1,0.000000,CLEANSE_CHAN
1401,0.00938,-4.86979,17994,1,0.000000,CLEANSE_CHAN
1402,0.00938,-4.84375,17994,1,0.000000,CLEANSE_CHAN
1403,0.00938,-4.86979,17994,1,0.000000,CLEANSE_CHAN
1404,0.00938,-4.86979,17994,1,0.000000,CLEANSE_CHAN
1405,0.00938,0.36458,19251,1,0.000000,CLEANSE_CHAN
1406,0.00938,0.83333,22329,1,0.000000,CLEANSE_CHAN
1407,0.00938,0.78125,25406,1,0.000000,CLEANSE_CHAN
1408,0.00938,0.78125,28483,1,0.000000,CLEANSE_CHAN
1409,0.00938,0.59896,29964,0,0.000000,CLEANSE_CHAN
1410,0.00938,0.59896,29964,0,0.000000,NA
1411,0.00938,0.57292,29964,0,0.000000,NA
1412,0.00938,0.59896,29964,0,0.000000,NA	
